time;x;y;z
0,003;0,18;0,08;-0,10
0,004;0,19;0,09;-0,10
0,036;0,20;0,14;-0,09
0,037;0,22;0,17;-0,09
0,038;0,23;0,19;-0,09
0,039;0,24;0,25;-0,08
0,039;0,27;0,28;-0,08
0,040;0,27;0,29;-0,09
0,042;0,27;0,30;-0,11
0,043;0,29;0,31;-0,10
0,062;0,29;0,29;-0,10
0,065;0,27;0,26;-0,10
0,066;0,25;0,19;-0,11
0,066;0,17;0,12;-0,13
0,068;0,11;0,10;-0,13
0,082;0,05;0,07;-0,15
0,083;-0,01;0,03;-0,15
0,084;-0,06;0,01;-0,17
0,095;-0,11;-0,00;-0,16
0,096;-0,15;-0,01;-0,18
0,107;-0,19;-0,02;-0,19
0,108;-0,30;-0,01;-0,18
0,109;-0,32;-0,00;-0,15
0,130;-0,36;0,01;-0,14
0,131;-0,39;0,00;-0,14
0,132;-0,40;0,02;-0,14
0,133;-0,42;0,03;-0,13
0,134;-0,42;0,03;-0,12
0,147;-0,43;0,04;-0,09
0,148;-0,45;0,06;-0,07
0,149;-0,47;0,02;-0,05
0,171;-0,48;0,01;-0,05
0,173;-0,50;-0,03;-0,04
0,174;-0,50;-0,08;-0,06
0,175;-0,52;-0,10;-0,05
0,176;-0,53;-0,15;-0,04
0,195;-0,55;-0,18;-0,05
0,197;-0,57;-0,26;-0,05
0,198;-0,58;-0,27;-0,04
0,199;-0,57;-0,26;-0,04
0,200;-0,59;-0,23;-0,05
0,219;-0,60;-0,20;-0,04
0,220;-0,61;-0,19;-0,05
0,222;-0,61;-0,16;-0,04
0,223;-0,62;-0,13;-0,02
0,224;-0,65;-0,08;0,03
0,241;-0,67;-0,09;0,06
0,242;-0,69;-0,08;0,05
0,243;-0,72;-0,06;0,07
0,245;-0,75;0,01;0,08
0,265;-0,80;0,07;0,11
0,266;-0,86;0,14;0,12
0,267;-0,89;0,18;0,16
0,268;-0,97;0,27;0,16
0,269;-0,99;0,24;0,16
0,287;-1,03;0,22;0,17
0,288;-1,06;0,18;0,19
0,289;-1,09;0,14;0,21
0,291;-1,12;0,12;0,22
0,316;-1,15;0,09;0,24
0,317;-1,18;0,03;0,25
0,318;-1,22;-0,07;0,25
0,319;-1,25;-0,14;0,22
0,320;-1,26;-0,20;0,22
0,322;-1,28;-0,24;0,19
0,323;-1,29;-0,29;0,16
0,342;-1,28;-0,34;0,13
0,343;-1,27;-0,35;0,11
0,344;-1,26;-0,35;0,08
0,345;-1,20;-0,32;0,05
0,376;-1,16;-0,33;0,05
0,377;-1,12;-0,35;0,05
0,379;-1,05;-0,35;0,08
0,384;-1,00;-0,38;0,08
0,385;-0,93;-0,38;0,09
0,386;-0,87;-0,34;0,11
0,387;-0,80;-0,30;0,11
0,388;-0,61;-0,26;0,09
0,389;-0,51;-0,24;0,06
0,408;-0,41;-0,24;0,03
0,409;-0,29;-0,26;0,00
0,410;-0,16;-0,25;-0,05
0,411;-0,04;-0,23;-0,06
0,438;0,10;-0,20;-0,09
0,439;0,32;-0,15;-0,09
0,441;0,44;-0,12;-0,10
0,442;0,53;-0,04;-0,11
0,443;0,62;0,00;-0,10
0,444;0,70;0,02;-0,10
0,445;0,77;0,11;-0,07
0,466;0,84;0,27;-0,04
0,469;0,90;0,37;-0,00
0,470;1,02;0,46;0,05
0,471;1,09;0,50;0,07
0,474;1,12;0,48;0,08
0,475;1,16;0,51;0,09
0,480;1,18;0,53;0,09
0,497;1,20;0,57;0,11
0,499;1,21;0,61;0,12
0,500;1,21;0,66;0,14
0,508;1,21;0,72;0,17
0,509;1,17;0,73;0,18
0,511;1,17;0,71;0,17
0,531;1,15;0,68;0,17
0,533;1,12;0,60;0,15
0,534;1,07;0,51;0,15
0,535;1,02;0,45;0,10
0,536;0,94;0,41;0,07
0,538;0,76;0,33;0,03
0,544;0,64;0,29;0,03
0,600;0,52;0,23;0,01
0,606;0,39;0,18;0,01
0,607;0,26;0,15;-0,01
0,612;0,14;0,11;-0,03
0,613;0,04;0,11;-0,07
0,617;-0,06;0,11;-0,12
0,618;-0,24;0,08;-0,26
0,619;-0,30;0,06;-0,34
0,620;-0,35;0,00;-0,38
0,621;-0,40;-0,03;-0,37
0,622;-0,42;-0,06;-0,35
0,623;-0,44;-0,08;-0,30
0,624;-0,45;-0,09;-0,25
0,625;-0,44;-0,13;-0,22
0,626;-0,37;-0,21;-0,14
0,627;-0,28;-0,23;-0,11
0,629;-0,19;-0,24;-0,09
0,652;-0,13;-0,23;-0,07
0,655;-0,05;-0,21;-0,05
0,656;0,01;-0,15;-0,02
0,661;0,05;-0,10;-0,01
0,662;0,10;-0,02;-0,00
0,663;0,15;0,12;0,04
0,665;0,18;0,18;0,06
0,680;0,19;0,21;0,05
0,682;0,18;0,23;0,09
0,684;0,19;0,23;0,12
0,685;0,21;0,23;0,12
0,693;0,24;0,25;0,14
0,697;0,27;0,24;0,14
0,699;0,33;0,24;0,12
0,730;0,36;0,23;0,13
0,732;0,37;0,22;0,11
0,734;0,36;0,22;0,09
0,735;0,37;0,22;0,09
0,739;0,37;0,21;0,08
0,740;0,35;0,36;0,18
0,741;0,31;0,49;0,26
0,742;0,25;0,63;0,37
0,744;0,24;0,64;0,36
0,763;0,23;0,67;0,33
0,765;0,25;0,69;0,32
0,766;0,27;0,71;0,30
0,767;0,28;0,73;0,32
0,769;0,30;0,79;0,31
0,790;0,31;0,87;0,30
0,791;0,27;0,98;0,26
0,792;0,27;1,02;0,26
0,794;0,26;1,06;0,26
0,795;0,27;1,09;0,27
0,815;0,27;1,10;0,28
0,817;0,30;1,08;0,29
0,818;0,32;1,07;0,30
0,819;0,38;0,94;0,31
0,820;0,40;0,86;0,32
0,824;0,43;0,80;0,33
0,829;0,44;0,72;0,33
0,845;0,44;0,63;0,34
0,846;0,38;0,55;0,34
0,847;0,34;0,47;0,35
0,868;0,26;0,41;0,34
0,869;0,13;0,32;0,34
0,870;0,08;0,29;0,33
0,870;0,05;0,23;0,34
0,871;0,01;0,20;0,30
0,874;0,02;0,14;0,25
0,881;0,03;0,17;0,18
0,902;0,05;0,14;0,13
0,903;0,10;0,08;0,08
0,904;0,17;-0,13;0,03
0,905;0,18;-0,25;0,03
0,906;0,18;-0,35;0,01
0,909;0,18;-0,47;-0,01
0,915;0,18;-0,52;-0,04
0,940;0,18;-0,53;-0,07
0,942;0,17;-0,51;-0,09
0,943;0,19;-0,50;-0,11
0,944;0,22;-0,35;-0,18
0,945;0,23;-0,33;-0,19
0,946;0,25;-0,29;-0,17
0,961;0,27;-0,26;-0,15
0,962;0,28;-0,20;-0,13
0,963;0,29;-0,14;-0,08
0,965;0,28;-0,08;-0,07
0,995;0,27;-0,01;-0,04
0,996;0,25;0,16;0,01
0,997;0,17;0,35;0,05
0,999;0,11;0,39;0,07
1,000;0,04;0,40;0,08
1,002;-0,03;0,40;0,09
1,007;-0,09;0,37;0,10
1,009;-0,15;0,34;0,09
1,010;-0,19;0,33;0,10
1,014;-0,26;0,18;0,12
1,030;-0,28;0,08;0,12
1,032;-0,30;-0,01;0,11
1,033;-0,30;-0,12;0,11
1,035;-0,31;-0,18;0,12
1,065;-0,30;-0,23;0,11
1,067;-0,28;-0,29;0,11
1,069;-0,26;-0,37;0,10
1,070;-0,16;-0,43;0,07
1,072;-0,10;-0,42;0,04
1,075;-0,06;-0,42;0,02
1,076;-0,02;-0,38;-0,01
1,077;-0,01;-0,31;-0,02
1,079;0,00;-0,25;-0,04
1,100;0,01;-0,18;-0,05
1,102;0,03;-0,12;-0,05
1,103;0,07;-0,00;-0,01
1,105;0,08;0,01;0,04
1,106;0,08;0,03;0,06
1,109;0,06;0,05;0,07
1,116;0,06;0,04;0,07
1,136;0,06;0,02;0,08
1,137;0,05;0,02;0,08
1,138;0,05;0,00;0,06
1,139;0,01;-0,05;0,02
1,140;-0,02;-0,08;-0,01
1,144;-0,04;-0,12;-0,04
1,149;-0,07;-0,14;-0,05
1,176;-0,10;-0,17;-0,07
1,177;-0,12;-0,18;-0,09
1,178;-0,13;-0,16;-0,09
1,179;-0,15;-0,14;-0,10
1,180;-0,17;-0,12;-0,11
1,181;-0,17;-0,12;-0,12
1,209;-0,16;-0,10;-0,11
1,211;-0,15;-0,09;-0,11
1,212;-0,11;-0,09;-0,13
1,213;-0,10;-0,07;-0,13
1,214;-0,06;-0,07;-0,14
1,215;-0,01;-0,07;-0,12
1,216;0,01;-0,07;-0,13
1,235;0,03;-0,05;-0,13
1,236;0,02;-0,06;-0,14
1,237;0,03;-0,07;-0,15
1,239;0,03;-0,10;-0,17
1,240;0,03;-0,08;-0,18
1,244;0,02;-0,08;-0,18
1,250;0,02;-0,08;-0,19
1,268;0,04;-0,05;-0,22
1,270;0,05;-0,02;-0,24
1,271;0,08;0,03;-0,23
1,272;0,08;0,18;-0,23
1,275;0,10;0,20;-0,23
1,282;0,09;0,19;-0,24
1,300;0,09;0,16;-0,26
1,301;0,11;0,13;-0,27
1,302;0,10;0,14;-0,27
1,303;0,11;0,12;-0,26
1,304;0,12;0,10;-0,25
1,332;0,11;0,10;-0,25
1,334;0,10;0,10;-0,24
1,335;0,08;0,08;-0,23
1,336;0,07;0,06;-0,22
1,337;0,05;0,27;-0,19
1,338;0,04;0,26;-0,20
1,339;0,03;0,16;-0,21
1,359;0,01;0,03;-0,23
1,361;0,02;-0,06;-0,28
1,362;0,00;-0,14;-0,31
1,363;0,02;-0,19;-0,36
1,364;0,03;-0,19;-0,39
1,393;0,02;-0,25;-0,43
1,394;0,01;-0,27;-0,42
1,395;0,02;-0,31;-0,43
1,397;0,01;-0,31;-0,44
1,398;-0,00;-0,33;-0,45
1,399;0,00;-0,35;-0,47
1,400;0,01;-0,39;-0,49
1,427;0,01;-0,44;-0,53
1,429;0,04;-0,55;-0,59
1,430;0,05;-0,59;-0,63
1,431;0,06;-0,63;-0,65
1,433;0,08;-0,66;-0,65
1,435;0,09;-0,70;-0,65
1,436;0,11;-0,71;-0,62
1,464;0,14;-0,71;-0,59
1,466;0,17;-0,68;-0,55
1,468;0,22;-0,68;-0,45
1,469;0,24;-0,66;-0,41
1,470;0,27;-0,64;-0,38
1,477;0,31;-0,62;-0,38
1,479;0,33;-0,61;-0,37
1,480;0,34;-0,54;-0,39
1,482;0,35;-0,60;-0,39
1,502;0,36;-0,65;-0,41
1,504;0,40;-0,58;-0,47
1,505;0,39;-0,51;-0,47
1,511;0,35;-0,45;-0,47
1,512;0,31;-0,38;-0,45
1,517;0,24;-0,32;-0,45
1,518;0,18;-0,25;-0,41
1,522;0,14;-0,22;-0,38
1,542;0,08;-0,21;-0,35
1,544;-0,00;-0,23;-0,32
1,545;-0,05;-0,23;-0,30
1,546;-0,10;-0,25;-0,32
1,547;-0,17;-0,26;-0,32
1,549;-0,23;-0,25;-0,36
1,577;-0,32;-0,25;-0,38
1,579;-0,36;-0,31;-0,36
1,580;-0,37;-0,37;-0,33
1,581;-0,31;-0,44;-0,38
1,586;-0,28;-0,44;-0,40
1,588;-0,27;-0,44;-0,42
1,589;-0,22;-0,47;-0,44
1,591;-0,19;-0,48;-0,46
1,621;-0,15;-0,51;-0,48
1,623;-0,10;-0,54;-0,50
1,625;0,01;-0,60;-0,53
1,626;0,08;-0,63;-0,56
1,627;0,16;-0,66;-0,58
1,628;0,25;-0,66;-0,60
1,630;0,33;-0,62;-0,63
1,632;0,40;-0,57;-0,65
1,635;0,48;-0,51;-0,66
1,660;0,54;-0,47;-0,67
1,662;0,67;-0,37;-0,64
1,663;0,71;-0,30;-0,61
1,664;0,73;-0,21;-0,60
1,665;0,75;-0,13;-0,56
1,666;0,74;-0,04;-0,53
1,700;0,73;0,03;-0,50
1,701;0,69;0,09;-0,47
1,702;0,65;0,12;-0,44
1,703;0,55;0,17;-0,46
1,705;0,49;0,20;-0,47
1,706;0,44;0,22;-0,49
1,708;0,40;0,20;-0,51
1,710;0,36;0,16;-0,53
1,711;0,32;0,11;-0,56
1,750;0,26;0,03;-0,57
1,751;0,21;-0,03;-0,60
1,752;0,10;-0,10;-0,60
1,755;0,07;-0,13;-0,60
1,756;0,03;-0,16;-0,59
1,757;0,00;-0,22;-0,58
1,758;-0,03;-0,27;-0,55
1,759;-0,04;-0,31;-0,50
1,760;-0,07;-0,31;-0,46
1,761;-0,09;-0,32;-0,40
1,796;-0,11;-0,29;-0,28
1,797;-0,12;-0,30;-0,25
1,799;-0,14;-0,30;-0,20
1,800;-0,17;-0,30;-0,16
1,802;-0,23;-0,28;-0,13
1,803;-0,27;-0,24;-0,13
1,805;-0,30;-0,20;-0,10
1,806;-0,35;-0,13;-0,09
1,807;-0,42;-0,07;-0,06
1,852;-0,46;-0,04;-0,05
1,854;-0,45;-0,01;-0,04
1,856;-0,45;0,01;-0,03
1,858;-0,43;0,06;-0,03
1,859;-0,40;0,09;-0,03
1,861;-0,34;0,07;-0,04
1,862;-0,30;0,06;-0,06
1,863;-0,21;-0,01;-0,13
1,865;-0,18;-0,05;-0,15
1,866;-0,15;-0,08;-0,20
1,867;-0,14;-0,11;-0,21
1,868;-0,11;-0,11;-0,21
1,870;-0,09;-0,10;-0,22
1,892;-0,06;-0,04;-0,20
1,894;-0,03;0,02;-0,16
1,896;0,04;0,11;-0,06
1,897;0,10;0,12;-0,01
1,898;0,14;0,13;0,04
1,900;0,18;0,13;0,07
1,928;0,22;0,13;0,08
1,929;0,23;0,13;0,08
1,930;0,22;0,15;0,07
1,932;0,20;0,17;0,03
1,933;0,09;0,18;-0,02
1,934;0,02;0,16;-0,03
1,937;-0,03;0,11;-0,03
1,954;-0,06;0,04;-0,05
1,962;-0,09;-0,02;-0,02
1,963;-0,13;-0,04;-0,01
1,964;-0,18;-0,03;0,00
1,965;-0,20;-0,01;0,03
1,966;-0,23;-0,00;0,09
1,996;-0,23;0,01;0,09
1,998;-0,23;0,03;0,12
1,999;-0,22;0,07;0,12
2,000;-0,17;0,12;0,13
2,001;-0,12;0,15;0,12
2,002;-0,04;0,18;0,11
2,012;0,16;0,18;0,11
2,013;0,27;0,18;0,11
2,014;0,36;0,20;0,13
2,034;0,44;0,23;0,12
2,035;0,48;0,28;0,11
2,036;0,52;0,30;0,11
2,039;0,55;0,34;0,09
2,040;0,58;0,37;0,09
2,041;0,57;0,45;0,06
2,093;0,54;0,48;0,03
2,094;0,51;0,53;0,00
2,095;0,47;0,55;-0,00
2,096;0,44;0,58;-0,02
2,098;0,42;0,59;-0,02
2,099;0,39;0,62;0,00
2,100;0,41;0,61;0,02
2,102;0,42;0,57;0,12
2,104;0,42;0,51;0,17
2,106;0,42;0,47;0,19
2,107;0,39;0,42;0,18
2,108;0,34;0,41;0,17
2,109;0,28;0,40;0,15
2,111;0,22;0,40;0,14
2,137;0,11;0,43;0,15
2,141;-0,05;0,44;0,29
2,143;-0,20;0,53;0,36
2,144;-0,38;0,67;0,43
2,146;-0,56;0,77;0,52
2,147;-0,72;0,82;0,61
2,148;-0,86;0,77;0,68
2,150;-0,99;0,70;0,75
2,169;-1,08;0,62;0,82
2,172;-1,16;0,40;0,85
2,174;-1,13;0,29;0,85
2,175;-1,05;0,20;0,83
2,178;-0,96;0,15;0,82
2,206;-0,86;0,11;0,80
2,208;-0,74;0,04;0,79
2,208;-0,62;-0,08;0,80
2,209;-0,52;-0,20;0,78
2,211;-0,37;-0,33;0,74
2,212;-0,31;-0,34;0,70
2,213;-0,23;-0,34;0,63
2,240;-0,16;-0,32;0,58
2,241;-0,06;-0,33;0,47
2,242;0,01;-0,31;0,39
2,243;0,10;-0,27;0,34
2,244;0,17;-0,18;0,31
2,245;0,34;-0,02;0,29
2,249;0,40;0,06;0,32
2,251;0,45;0,13;0,35
2,276;0,48;0,18;0,36
2,277;0,52;0,19;0,40
2,278;0,53;0,14;0,43
2,280;0,53;0,11;0,44
2,281;0,50;0,11;0,45
2,282;0,45;0,16;0,41
2,285;0,41;0,10;0,36
2,309;0,36;0,02;0,32
2,311;0,31;-0,04;0,31
2,312;0,23;-0,10;0,30
2,313;0,15;-0,15;0,30
2,314;0,09;-0,21;0,29
2,316;0,02;-0,24;0,30
2,320;-0,03;-0,27;0,33
2,347;-0,03;-0,29;0,35
2,348;-0,00;-0,27;0,38
2,349;0,02;-0,26;0,41
2,350;0,03;-0,21;0,43
2,351;0,05;-0,19;0,47
2,352;0,09;-0,17;0,49
2,377;0,10;-0,19;0,52
2,379;0,12;-0,22;0,54
2,380;0,14;-0,22;0,52
2,381;0,13;-0,22;0,48
2,382;0,14;-0,25;0,43
2,383;0,16;-0,30;0,38
2,385;0,17;-0,35;0,32
2,417;0,18;-0,44;0,25
2,418;0,17;-0,49;0,21
2,419;0,20;-0,67;0,21
2,420;0,23;-0,80;0,23
2,422;0,20;-0,82;0,22
2,423;0,22;-0,86;0,18
2,424;0,21;-0,91;0,18
2,425;0,19;-0,87;0,21
2,454;0,17;-0,78;0,24
2,455;0,15;-0,70;0,26
2,456;0,13;-0,65;0,27
2,458;0,11;-0,60;0,26
2,459;0,10;-0,55;0,23
2,460;0,08;-0,51;0,20
2,461;0,09;-0,43;0,17
2,465;0,11;-0,32;0,14
2,471;0,11;-0,16;0,10
2,497;0,12;0,20;0,04
2,498;0,14;0,31;-0,00
2,499;0,15;0,33;-0,02
2,500;0,20;0,31;-0,04
2,501;0,22;0,36;-0,04
2,510;0,20;0,51;-0,04
2,516;0,18;0,61;-0,05
2,517;0,17;0,71;-0,07
2,518;0,16;0,70;-0,12
2,521;0,13;0,66;-0,15
2,548;0,06;0,67;-0,18
2,550;0,01;0,63;-0,18
2,551;-0,04;0,58;-0,18
2,556;-0,07;0,52;-0,15
2,556;-0,10;0,40;-0,11
2,557;-0,17;0,29;-0,10
2,558;-0,30;0,08;-0,05
2,581;-0,35;-0,02;-0,03
2,582;-0,40;-0,07;-0,01
2,583;-0,42;-0,16;-0,02
2,584;-0,43;-0,23;-0,06
2,585;-0,42;-0,29;-0,11
2,585;-0,42;-0,31;-0,18
2,675;-0,41;-0,32;-0,26
2,676;-0,39;-0,30;-0,43
2,677;-0,35;-0,36;-0,53
2,678;-0,32;-0,39;-0,61
2,679;-0,27;-0,40;-0,67
2,680;-0,23;-0,37;-0,74
2,681;-0,16;-0,37;-0,78
2,682;-0,06;-0,37;-0,78
2,683;0,04;-0,36;-0,80
2,685;0,27;-0,29;-0,78
2,686;0,37;-0,23;-0,78
2,687;0,39;-0,20;-0,87
2,688;0,34;-0,25;-1,03
2,689;0,21;-0,33;-1,21
2,690;0,13;-0,40;-1,39
2,692;0,03;-0,47;-1,56
2,693;-0,05;-0,52;-1,67
2,694;-0,21;-0,71;-1,76
2,696;-0,22;-0,93;-1,74
2,697;-0,23;-1,06;-1,68
2,698;-0,23;-1,13;-1,55
2,699;-0,25;-1,20;-1,36
2,700;-0,30;-1,27;-1,20
2,722;-0,33;-1,26;-1,00
2,724;-0,38;-1,27;-0,80
2,725;-0,47;-1,20;-0,45
2,726;-0,55;-1,13;-0,30
2,727;-0,62;-1,06;-0,22
2,730;-0,73;-0,96;-0,15
2,737;-0,83;-0,76;-0,06
2,799;-0,90;-0,86;-0,05
2,807;-0,94;-1,02;-0,25
2,811;-0,99;-0,97;-0,46
2,814;-1,10;-0,80;-0,61
2,818;-1,11;-0,76;-0,59
2,823;-1,11;-0,82;-0,57
2,825;-1,14;-0,96;-0,59
2,827;-1,13;-1,09;-0,64
2,829;-1,15;-1,21;-0,71
2,831;-1,19;-1,29;-0,78
2,833;-1,22;-1,37;-0,81
2,835;-1,25;-1,55;-0,84
2,837;-1,24;-1,70;-0,84
2,839;-1,25;-1,76;-0,85
2,842;-1,23;-1,77;-0,78
2,844;-1,29;-1,79;-0,66
2,846;-1,31;-1,92;-0,54
2,847;-1,28;-2,10;-0,42
2,849;-1,04;-1,90;-0,20
2,850;-0,81;-1,70;-0,14
2,851;-0,61;-1,57;-0,06
2,852;-0,38;-1,48;0,02
2,854;-0,19;-1,35;0,06
2,857;-0,03;-1,20;0,10
2,881;0,08;-1,07;0,14
2,883;0,11;-1,04;0,13
2,884;0,03;-1,23;0,08
2,887;-0,08;-1,43;0,08
2,889;-0,21;-1,69;0,07
2,891;-0,33;-1,98;0,07
2,892;-0,45;-2,29;0,05
2,924;-0,60;-2,47;0,01
2,926;-0,70;-2,62;0,03
2,927;-0,78;-2,74;0,05
2,928;-0,93;-2,91;0,12
2,929;-0,99;-2,85;0,13
2,930;-1,01;-3,03;0,03
2,933;-1,02;-3,39;-0,12
2,934;-1,01;-3,83;-0,28
2,936;-0,98;-4,26;-0,40
2,964;-0,93;-4,58;-0,51
2,966;-0,88;-5,06;-0,66
2,967;-0,76;-5,47;-0,99
2,968;-0,72;-5,24;-1,17
2,969;-0,71;-4,93;-1,42
2,971;-0,76;-4,58;-1,62
2,973;-0,84;-4,19;-1,73
3,008;-0,92;-3,76;-1,78
3,010;-1,03;-3,26;-1,77
3,012;-1,16;-2,85;-1,72
3,013;-1,48;-2,41;-1,40
3,014;-1,62;-2,34;-1,19
3,020;-1,77;-2,31;-0,99
3,022;-1,88;-2,27;-0,78
3,025;-1,96;-2,24;-0,59
3,026;-2,04;-2,15;-0,35
3,027;-2,09;-2,04;-0,14
3,028;-2,11;-1,88;0,01
3,051;-2,07;-1,45;0,24
3,053;-2,03;-1,23;0,34
3,053;-1,97;-1,04;0,46
3,054;-1,88;-0,88;0,55
3,055;-1,76;-0,78;0,63
3,056;-1,59;-0,73;0,71
3,080;-1,40;-0,66;0,76
3,080;-1,17;-0,51;0,83
3,081;-0,63;-0,07;0,92
3,082;-0,33;0,20;0,97
3,083;-0,02;0,50;1,00
3,086;0,26;0,87;1,05
3,112;0,54;1,29;1,10
3,113;0,77;1,72;1,12
3,114;1,00;2,09;1,14
3,116;1,18;2,39;1,20
3,117;1,52;2,77;1,28
3,119;1,66;2,89;1,30
3,121;1,78;3,03;1,30
3,144;1,88;3,18;1,28
3,146;1,99;3,30;1,27
3,147;2,09;3,40;1,26
3,148;2,20;3,41;1,23
3,150;2,31;3,29;1,15
3,151;2,50;2,71;0,88
3,157;2,57;2,34;0,69
3,187;2,59;1,94;0,47
3,189;2,58;1,51;0,23
3,190;2,54;1,07;-0,01
3,194;2,47;0,63;-0,23
3,195;2,41;0,19;-0,41
3,197;2,31;-0,18;-0,54
3,198;2,06;-0,62;-0,64
3,199;1,77;-0,80;-0,72
3,223;1,49;-0,70;-0,80
3,226;1,17;-0,46;-0,95
3,227;0,81;-0,22;-1,08
3,229;0,45;-0,03;-1,15
3,230;0,14;0,10;-1,17
3,232;-0,37;0,24;-1,15
3,233;-0,59;0,34;-1,08
3,237;-0,81;0,46;-0,98
3,272;-1,00;0,64;-0,84
3,274;-1,20;0,82;-0,71
3,275;-1,36;1,04;-0,56
3,277;-1,50;1,24;-0,41
3,278;-1,62;1,37;-0,26
3,279;-1,78;1,48;0,01
3,281;-1,80;1,45;0,09
3,282;-1,77;1,36;0,18
3,284;-1,71;1,26;0,30
3,314;-1,61;1,13;0,40
3,316;-1,49;0,97;0,50
3,317;-1,36;0,82;0,59
3,318;-1,22;0,65;0,69
3,319;-0,87;0,33;0,83
3,321;-0,62;0,30;0,83
3,324;-0,24;0,67;0,69
3,325;0,24;1,26;0,48
3,326;0,73;1,74;0,12
3,351;1,15;1,87;-0,17
3,352;1,45;1,66;-0,49
3,353;1,67;1,32;-0,79
3,355;1,71;0,47;-1,28
3,356;1,56;0,02;-1,45
3,357;1,36;-0,41;-1,56
3,401;1,15;-0,77;-1,64
3,403;0,95;-1,09;-1,71
3,404;0,76;-1,36;-1,73
3,406;0,66;-1,56;-1,74
3,407;0,55;-1,78;-1,78
3,408;0,39;-2,35;-1,89
3,409;0,35;-2,62;-1,96
3,411;0,29;-2,87;-2,00
3,413;0,25;-3,05;-2,04
3,414;0,21;-3,11;-2,12
3,416;0,19;-3,08;-2,18
3,418;0,19;-2,91;-2,24
3,439;0,19;-2,70;-2,31
3,444;0,24;-2,27;-2,41
3,445;0,26;-2,24;-2,16
3,446;0,47;-2,33;-1,82
3,448;0,65;-2,25;-1,43
3,449;0,83;-1,88;-0,93
3,486;1,00;-1,29;-0,42
3,488;1,18;-0,73;0,05
3,489;1,35;-0,27;0,39
3,490;1,48;0,31;0,75
3,491;1,48;0,42;0,84
3,492;1,46;0,40;0,90
3,497;1,43;0,28;0,91
3,499;1,39;0,08;0,93
3,500;1,40;-0,03;0,93
3,501;1,40;-0,03;0,95
3,514;1,43;0,01;0,97
3,515;1,51;0,32;1,00
3,517;1,55;0,63;1,03
3,524;1,61;0,95;1,09
3,528;1,68;1,24;1,20
3,529;1,75;1,45;1,33
3,558;1,85;1,55;1,44
3,559;1,93;1,56;1,52
3,561;2,02;1,56;1,58
3,562;2,12;1,47;1,66
3,563;2,17;1,45;1,76
3,565;2,39;2,49;1,90
3,567;1,91;1,33;1,96
3,568;1,50;0,39;2,04
3,571;1,19;-0,36;2,17
3,578;0,95;-0,71;2,26
3,627;0,73;-0,88;2,34
3,628;0,22;-0,89;2,38
3,630;-0,19;-1,27;2,32
3,631;-0,42;-1,57;2,33
3,633;-0,59;-1,78;2,38
3,634;-0,79;-1,93;2,44
3,636;-1,00;-1,98;2,48
3,637;-1,21;-1,94;2,48
3,638;-1,65;-1,56;2,39
3,640;-1,91;-1,26;2,31
3,641;-2,16;-0,96;2,23
3,643;-2,40;-0,67;2,10
3,644;-2,63;-0,41;1,98
3,646;-2,84;-0,21;1,82
3,683;-3,01;0,03;1,65
3,685;-3,09;0,35;1,27
3,686;-2,52;2,06;0,38
3,687;-2,07;2,73;0,22
3,688;-1,65;3,43;0,08
3,689;-1,19;3,99;-0,08
3,691;-0,77;4,25;-0,21
3,692;-0,36;4,36;-0,36
3,693;0,03;4,45;-0,46
3,729;0,42;4,54;-0,54
3,731;1,13;4,81;-0,62
3,732;1,47;4,96;-0,63
3,734;1,77;5,10;-0,63
3,735;2,04;5,24;-0,60
3,736;2,32;5,34;-0,58
3,738;2,57;5,42;-0,49
3,739;2,81;5,53;-0,36
3,741;3,01;5,66;-0,15
3,744;3,15;5,90;0,41
3,774;3,13;5,92;0,63
3,776;3,08;5,85;0,81
3,777;2,98;5,72;0,95
3,778;2,83;5,56;1,03
3,781;2,65;5,56;1,13
3,783;2,48;5,57;1,22
3,784;2,31;5,47;1,30
3,785;1,97;4,92;1,44
3,787;1,80;4,30;1,47
3,810;1,61;3,60;1,52
3,812;1,35;3,08;1,60
3,814;1,09;2,66;1,65
3,815;0,84;2,26;1,70
3,816;0,62;1,92;1,74
3,817;0,44;1,60;1,79
3,871;0,13;1,17;1,87
3,875;0,01;0,95;1,92
3,882;-0,08;0,78;1,98
3,883;-0,17;0,62;2,05
3,885;-0,25;0,54;2,15
3,886;-0,28;0,48;2,24
3,888;-0,31;0,44;2,34
3,890;-0,31;0,48;2,43
3,891;-0,22;0,75;2,54
3,893;-0,13;0,89;2,57
3,894;-0,08;1,03;2,58
3,895;-0,03;1,15;2,57
3,896;0,00;1,24;2,55
3,898;0,02;1,34;2,54
3,899;0,01;1,49;2,47
3,900;-0,01;1,69;2,40
3,903;0,06;2,05;2,15
3,924;0,09;2,25;2,01
3,926;0,13;2,48;1,84
3,927;0,17;2,64;1,68
3,930;0,23;2,75;1,49
3,931;0,30;2,83;1,30
3,933;0,37;2,87;1,12
3,988;0,39;3,00;0,94
3,990;0,25;3,47;0,63
3,992;0,10;3,71;0,48
3,996;-0,10;3,86;0,33
3,997;-0,26;4,04;0,16
3,999;-0,45;3,94;0,02
4,000;-0,74;3,95;-0,18
4,002;-0,87;3,88;-0,37
4,003;-0,93;3,85;-0,56
4,005;-0,94;3,81;-0,86
4,006;-0,94;3,86;-0,93
4,007;-0,91;4,00;-0,96
4,008;-0,86;4,23;-0,97
4,014;-0,80;4,41;-1,05
4,015;-0,72;4,66;-1,08
4,016;-0,60;4,82;-1,18
4,017;-0,12;4,89;-1,35
4,068;0,12;4,83;-1,44
4,070;0,32;4,79;-1,55
4,072;0,54;4,81;-1,67
4,075;0,67;4,91;-1,81
4,076;0,71;5,15;-1,91
4,079;0,82;5,00;-1,90
4,082;0,90;4,53;-1,90
4,084;0,56;4,28;-1,77
4,085;0,02;4,50;-1,45
4,087;-0,45;4,13;-1,31
4,088;-0,86;3,34;-1,31
4,089;-1,21;2,39;-1,43
4,090;-1,38;1,63;-1,52
4,092;-1,56;0,90;-1,51
4,094;-1,78;0,32;-1,48
4,117;-2,16;-0,21;-1,50
4,118;-2,30;-0,28;-1,48
4,119;-2,39;-0,33;-1,37
4,120;-2,45;-0,31;-1,19
4,122;-2,42;-0,24;-0,97
4,123;-2,28;-0,18;-0,78
4,127;-2,04;-0,20;-0,61
4,162;-1,72;-0,20;-0,48
4,163;-1,04;0,14;-0,37
4,164;-0,71;0,32;-0,40
4,165;-0,45;0,44;-0,45
4,166;-0,28;0,48;-0,48
4,167;-0,14;0,50;-0,46
4,168;-0,09;0,51;-0,41
4,170;-0,10;0,48;-0,32
4,172;-0,14;0,44;-0,25
4,196;-0,20;0,35;-0,20
4,197;-0,20;0,28;-0,20
4,199;-0,18;0,29;-0,16
4,200;-0,25;0,29;-0,10
4,201;-0,28;0,25;-0,08
4,202;-0,31;0,24;-0,07
4,207;-0,34;0,21;-0,08
4,236;-0,34;0,24;-0,08
4,238;-0,32;0,23;-0,10
4,239;-0,26;0,22;-0,11
4,240;-0,22;0,19;-0,13
4,241;-0,15;0,18;-0,18
4,242;-0,14;0,17;-0,25
4,243;-0,13;0,20;-0,27
4,294;-0,07;0,25;-0,18
4,295;-0,18;0,44;0,24
4,297;-1,05;0,65;1,28
4,298;-1,50;0,76;1,54
4,299;-1,82;0,88;1,60
4,300;-2,02;0,83;1,53
4,302;-2,17;0,67;1,43
4,303;-2,27;0,48;1,33
4,305;-2,31;0,43;1,27
4,306;-2,28;0,48;1,20
4,307;-2,10;0,48;0,88
4,308;-1,99;0,36;0,50
4,310;-1,90;0,20;0,03
4,332;-1,75;0,01;-0,40
4,334;-1,56;-0,12;-0,66
4,335;-1,35;-0,09;-0,61
4,337;-1,22;-0,01;-0,49
4,338;-1,09;-0,06;-0,45
4,339;-0,88;-0,10;-0,55
4,342;-0,80;-0,10;-0,56
4,375;-0,75;-0,07;-0,53
4,377;-0,63;-0,09;-0,51
4,382;-0,50;-0,16;-0,50
4,383;-0,34;-0,27;-0,46
4,384;-0,21;-0,36;-0,40
4,385;-0,08;-0,46;-0,32
4,386;0,10;-0,66;-0,16
4,387;0,15;-0,80;-0,10
4,388;0,19;-1,00;-0,07
4,412;0,22;-1,22;-0,03
4,414;0,25;-1,49;-0,03
4,414;0,60;-2,10;-0,11
4,415;0,91;-2,20;-0,22
4,416;0,89;-1,92;-0,39
4,419;0,94;-1,84;-0,46
4,422;1,02;-1,70;-0,58
4,430;1,07;-1,54;-0,66
4,462;1,12;-1,33;-0,73
4,464;1,12;-1,05;-0,79
4,465;1,12;-0,74;-0,83
4,466;1,13;-0,42;-0,83
4,467;1,03;0,11;-0,64
4,468;0,95;0,21;-0,52
4,469;0,85;0,30;-0,34
4,470;0,77;0,42;-0,07
4,473;0,66;0,66;0,23
4,478;0,55;0,85;0,53
4,504;0,45;1,03;0,78
4,505;0,39;1,17;0,98
4,507;0,32;1,45;1,25
4,508;0,32;1,73;1,33
4,518;0,37;2,05;1,39
4,519;0,49;2,37;1,38
4,521;0,62;2,73;1,33
4,522;0,74;3,17;1,28
4,524;0,83;3,62;1,23
4,556;0,90;4,01;1,20
4,558;1,00;4,61;1,23
4,559;1,06;4,77;1,26
4,561;1,10;4,89;1,31
4,562;1,16;4,97;1,36
4,563;1,22;5,00;1,44
4,565;1,27;4,91;1,49
4,566;1,30;4,83;1,53
4,568;1,29;4,76;1,53
4,608;1,19;4,61;1,48
4,609;1,13;4,56;1,37
4,612;1,05;4,49;1,25
4,614;0,98;4,46;1,09
4,615;0,91;4,44;0,90
4,616;0,88;4,43;0,70
4,619;0,84;4,43;0,50
4,623;0,82;4,42;0,32
4,624;0,82;4,46;0,01
4,625;0,79;4,45;-0,13
4,626;0,66;4,20;-0,34
4,628;0,50;3,90;-0,56
4,660;0,38;3,68;-0,82
4,662;0,31;3,43;-1,07
4,665;0,26;3,26;-1,32
4,667;0,22;3,13;-1,60
4,668;0,01;2,91;-2,06
4,672;-0,14;2,80;-2,25
4,673;-0,28;2,70;-2,41
4,674;-0,44;2,59;-2,51
4,675;-0,58;2,49;-2,57
4,707;-0,71;2,41;-2,61
4,710;-0,82;2,33;-2,63
4,711;-0,90;2,30;-2,63
4,712;-1,04;2,29;-2,63
4,713;-1,11;2,29;-2,67
4,714;-1,15;2,26;-2,70
4,715;-1,18;2,24;-2,75
4,716;-1,18;2,21;-2,80
4,747;-1,20;2,18;-2,86
4,748;-1,18;2,16;-2,92
4,749;-1,19;2,16;-2,97
4,750;-1,17;2,14;-3,09
4,751;-1,17;2,15;-3,13
4,753;-1,17;2,14;-3,15
4,753;-1,16;2,13;-3,15
4,757;-1,15;2,11;-3,17
4,759;-1,12;2,12;-3,17
4,783;-1,11;2,11;-3,19
4,784;-1,12;2,13;-3,23
4,786;-1,15;2,16;-3,29
4,787;-1,20;2,12;-3,29
4,788;-1,22;2,07;-3,29
4,788;-1,24;2,04;-3,29
4,792;-1,26;2,04;-3,31
4,825;-1,31;2,06;-3,33
4,826;-1,33;2,08;-3,39
4,831;-1,36;2,01;-3,51
4,833;-1,33;1,91;-3,55
4,834;-1,29;1,78;-3,59
4,835;-1,22;1,66;-3,61
4,836;-1,14;1,57;-3,65
4,838;-1,07;1,56;-3,66
4,839;-0,99;1,58;-3,63
4,861;-0,94;1,60;-3,60
4,864;-0,86;1,66;-3,44
4,865;-0,82;1,66;-3,34
4,867;-0,76;1,69;-3,26
4,868;-0,67;1,69;-3,15
4,869;-0,57;1,71;-3,10
4,916;-0,48;1,72;-3,03
4,917;-0,40;1,85;-2,99
4,918;-0,28;1,87;-2,94
4,919;-0,11;1,83;-2,83
4,921;-0,05;1,79;-2,74
4,922;0,02;1,74;-2,66
4,923;0,08;1,69;-2,57
4,924;0,14;1,61;-2,46
4,926;0,19;1,55;-2,37
4,927;0,21;1,45;-2,28
4,928;0,22;1,32;-2,21
4,930;0,17;1,15;-2,09
4,954;0,13;1,10;-2,08
4,956;0,08;1,04;-2,06
4,957;0,02;0,97;-2,02
4,958;-0,05;1,00;-1,97
4,959;-0,08;0,89;-1,92
4,960;-0,11;0,67;-1,86
4,965;-0,11;0,57;-1,72
4,988;-0,04;0,14;-1,43
4,990;-0,01;0,01;-1,28
4,991;0,01;-0,07;-1,13
4,992;0,01;-0,12;-1,05
4,993;0,02;-0,12;-0,97
4,994;-0,02;-0,08;-0,89
5,036;-0,08;-0,05;-0,83
5,052;-0,16;-0,06;-0,78
5,057;-0,30;-0,19;-0,76
5,058;-0,38;-0,34;-0,74
5,059;-0,43;-0,43;-0,70
5,060;-0,42;-0,48;-0,67
5,061;-0,39;-0,52;-0,63
5,062;-0,37;-0,55;-0,60
5,063;-0,35;-0,57;-0,58
5,070;-0,35;-0,54;-0,53
5,071;-0,34;-0,46;-0,46
5,072;-0,32;-0,41;-0,42
5,073;-0,30;-0,36;-0,39
5,074;-0,28;-0,33;-0,36
5,075;-0,25;-0,31;-0,30
5,076;-0,18;-0,27;-0,24
5,105;-0,09;-0,23;-0,17
5,111;0,00;-0,20;-0,07
5,113;0,25;-0,16;0,04
5,114;0,37;-0,15;0,12
5,115;0,50;-0,15;0,14
5,116;0,65;-0,13;0,19
5,118;0,81;-0,14;0,25
5,119;0,98;-0,18;0,31
5,120;1,17;-0,17;0,39
5,123;1,36;-0,13;0,46
5,166;1,69;0,06;0,65
5,168;1,82;0,18;0,78
5,169;1,93;0,27;0,92
5,170;2,00;0,27;1,07
5,172;1,98;0,18;1,20
5,173;1,98;0,23;1,34
5,174;2,02;0,35;1,46
5,175;2,04;0,40;1,60
5,176;2,00;0,86;1,90
5,177;1,95;1,05;2,05
5,178;1,86;1,15;2,22
5,243;1,80;1,30;2,40
5,245;1,79;1,36;2,60
5,246;1,80;1,41;2,77
5,247;1,78;1,51;2,93
5,248;1,83;1,62;3,20
5,250;1,86;1,63;3,31
5,255;1,90;1,63;3,40
5,256;1,96;1,60;3,48
5,259;2,02;1,53;3,54
5,260;2,06;1,47;3,55
5,261;2,13;1,37;3,58
5,263;2,21;1,29;3,59
5,264;2,33;1,04;3,60
5,265;2,36;0,91;3,62
5,266;2,41;0,82;3,64
5,267;2,42;0,71;3,66
5,268;2,41;0,61;3,72
5,269;2,36;0,53;3,76
5,309;2,34;0,45;3,81
5,310;2,29;0,37;3,83
5,311;2,17;0,25;3,89
5,312;2,11;0,22;3,92
5,314;2,08;0,21;3,92
5,314;2,05;0,21;3,93
5,316;2,01;0,19;3,94
5,316;2,00;0,19;3,94
5,317;1,96;0,22;3,96
5,319;1,93;0,24;3,97
5,347;1,87;0,23;4,02
5,349;1,85;0,23;4,05
5,350;1,83;0,25;4,08
5,352;1,81;0,26;4,12
5,353;1,80;0,28;4,15
5,354;1,79;0,30;4,18
5,355;1,77;0,31;4,21
5,358;1,74;0,31;4,23
5,363;1,70;0,31;4,29
5,388;1,66;0,30;4,30
5,389;1,61;0,29;4,34
5,391;1,54;0,25;4,36
5,392;1,49;0,22;4,37
5,393;1,42;0,20;4,37
5,394;1,35;0,19;4,37
5,417;1,30;0,14;4,37
5,418;1,17;0,08;4,33
5,419;1,11;0,03;4,28
5,420;1,05;-0,02;4,22
5,422;1,05;-0,06;4,16
5,423;1,03;-0,10;4,07
5,428;1,04;-0,13;3,99
5,469;1,01;-0,15;3,90
5,470;0,99;-0,19;3,80
5,472;1,00;-0,22;3,60
5,473;0,97;-0,21;3,51
5,475;0,96;-0,24;3,39
5,476;0,93;-0,25;3,32
5,477;0,88;-0,22;3,23
5,479;0,82;-0,18;3,14
5,481;0,76;-0,13;3,07
5,482;0,70;-0,12;3,00
5,483;0,51;-0,09;2,84
5,510;0,46;-0,07;2,75
5,511;0,40;-0,02;2,64
5,512;0,36;0,02;2,54
5,521;0,33;0,04;2,47
5,522;0,30;0,07;2,39
5,523;0,28;0,09;2,31
5,524;0,30;0,09;2,23
5,525;0,25;0,16;2,04
5,559;0,19;0,22;1,94
5,560;0,13;0,25;1,84
5,562;0,08;0,29;1,74
5,563;0,01;0,33;1,64
5,564;-0,04;0,36;1,53
5,567;-0,11;0,41;1,40
5,568;-0,16;0,43;1,26
5,569;-0,27;0,46;0,97
5,570;-0,33;0,48;0,83
5,574;-0,39;0,48;0,66
5,579;-0,46;0,50;0,52
5,608;-0,52;0,53;0,39
5,609;-0,58;0,53;0,25
5,610;-0,65;0,52;0,12
5,611;-0,70;0,49;-0,01
5,612;-0,77;0,42;-0,27
5,613;-0,77;0,36;-0,43
5,614;-0,78;0,32;-0,58
5,656;-0,80;0,27;-0,73
5,657;-0,82;0,22;-0,88
5,658;-0,84;0,19;-1,05
5,660;-0,85;0,13;-1,21
5,661;-0,89;0,07;-1,53
5,662;-0,89;0,03;-1,71
5,663;-0,89;0,00;-1,86
5,664;-0,87;-0,03;-2,00
5,665;-0,85;-0,06;-2,15
5,668;-0,82;-0,11;-2,31
5,669;-0,79;-0,13;-2,44
5,701;-0,76;-0,17;-2,58
5,703;-0,71;-0,21;-2,81
5,704;-0,68;-0,23;-2,90
5,706;-0,65;-0,24;-2,98
5,707;-0,60;-0,26;-3,05
5,708;-0,56;-0,25;-3,12
5,709;-0,52;-0,22;-3,17
5,710;-0,47;-0,18;-3,16
5,714;-0,42;-0,17;-3,16
5,755;-0,35;-0,08;-3,13
5,760;-0,31;-0,02;-3,08
5,762;-0,28;0,03;-3,06
5,763;-0,27;0,10;-3,02
5,764;-0,25;0,18;-2,99
5,767;-0,25;0,25;-2,98
5,769;-0,25;0,34;-2,97
5,770;-0,23;0,42;-2,97
5,771;-0,20;0,58;-3,03
5,772;-0,16;0,65;-3,08
5,773;-0,14;0,71;-3,14
5,774;-0,13;0,76;-3,21
5,803;-0,10;0,78;-3,28
5,805;-0,09;0,80;-3,35
5,806;-0,06;0,81;-3,43
5,807;-0,05;0,81;-3,49
5,808;-0,02;0,78;-3,57
5,809;-0,04;0,73;-3,59
5,810;-0,04;0,68;-3,59
5,814;-0,06;0,62;-3,58
5,841;-0,08;0,55;-3,56
5,843;-0,11;0,48;-3,54
5,846;-0,14;0,40;-3,51
5,847;-0,19;0,31;-3,49
5,849;-0,30;0,13;-3,43
5,850;-0,39;0,06;-3,41
5,852;-0,46;-0,04;-3,40
5,854;-0,53;-0,12;-3,37
5,889;-0,62;-0,20;-3,36
5,890;-0,69;-0,26;-3,34
5,892;-0,74;-0,31;-3,33
5,894;-0,81;-0,35;-3,32
5,895;-0,92;-0,44;-3,31
5,896;-0,97;-0,48;-3,30
5,897;-1,00;-0,50;-3,28
5,897;-1,02;-0,54;-3,28
5,899;-1,04;-0,60;-3,28
5,946;-1,03;-0,63;-3,24
5,947;-1,02;-0,69;-3,22
5,949;-1,01;-0,72;-3,19
5,950;-0,94;-0,77;-3,12
5,952;-0,90;-0,79;-3,09
5,953;-0,83;-0,78;-3,03
5,954;-0,77;-0,77;-2,99
5,955;-0,70;-0,74;-2,95
5,956;-0,61;-0,70;-2,91
5,959;-0,52;-0,66;-2,86
5,961;-0,40;-0,61;-2,80
5,962;-0,22;-0,48;-2,71
5,964;-0,14;-0,39;-2,65
5,991;-0,07;-0,29;-2,58
5,993;-0,02;-0,18;-2,51
5,994;0,03;-0,08;-2,43
5,995;0,07;0,03;-2,34
5,997;0,10;0,13;-2,28
5,998;0,13;0,24;-2,22
6,000;0,21;0,42;-2,09
6,009;0,24;0,50;-2,06
6,010;0,29;0,57;-1,99
6,045;0,32;0,65;-1,97
6,047;0,36;0,72;-1,93
6,048;0,40;0,77;-1,89
6,049;0,44;0,83;-1,84
6,050;0,54;0,87;-1,72
6,051;0,60;0,87;-1,67
6,052;0,66;0,86;-1,61
6,054;0,76;0,83;-1,54
6,055;0,84;0,80;-1,50
6,089;0,92;0,75;-1,44
6,090;0,99;0,69;-1,39
6,092;1,03;0,64;-1,33
6,093;1,11;0,52;-1,26
6,096;1,12;0,45;-1,21
6,097;1,12;0,39;-1,16
6,099;1,08;0,33;-1,10
6,100;1,05;0,28;-1,06
6,102;0,99;0,26;-1,01
6,104;0,93;0,23;-0,94
6,145;0,86;0,22;-0,88
6,146;0,74;0,24;-0,75
6,147;0,68;0,25;-0,69
6,148;0,64;0,28;-0,61
6,149;0,59;0,30;-0,54
6,151;0,55;0,32;-0,46
6,152;0,52;0,32;-0,35
6,153;0,49;0,33;-0,25
6,155;0,47;0,34;-0,15
6,156;0,39;0,34;0,07
6,196;0,36;0,33;0,15
6,197;0,32;0,33;0,26
6,199;0,28;0,33;0,35
6,200;0,22;0,31;0,41
6,201;0,18;0,29;0,47
6,202;0,13;0,29;0,55
6,203;0,09;0,27;0,61
6,204;0,03;0,19;0,74
6,205;0,03;0,14;0,81
6,206;0,04;0,08;0,88
6,240;0,06;0,00;0,95
6,241;0,13;-0,06;1,02
6,242;0,19;-0,11;1,10
6,243;0,26;-0,13;1,19
6,244;0,34;-0,16;1,27
6,245;0,48;-0,15;1,47
6,246;0,54;-0,13;1,60
6,247;0,60;-0,09;1,71
6,249;0,64;-0,03;1,84
6,284;0,67;0,04;1,97
6,285;0,71;0,11;2,08
6,286;0,74;0,20;2,19
6,287;0,75;0,29;2,28
6,289;0,74;0,48;2,44
6,290;0,72;0,60;2,51
6,293;0,69;0,69;2,58
6,295;0,65;0,79;2,65
6,296;0,61;0,87;2,72
6,299;0,56;0,93;2,81
6,327;0,53;0,99;2,88
6,329;0,50;1,04;2,95
6,330;0,47;1,05;3,06
6,332;0,46;1,04;3,10
6,333;0,46;1,03;3,14
6,334;0,45;1,03;3,17
6,335;0,48;1,00;3,18
6,382;0,47;0,98;3,22
6,384;0,47;0,98;3,25
6,385;0,48;0,97;3,27
6,387;0,49;0,93;3,32
6,388;0,49;0,91;3,34
6,390;0,49;0,89;3,37
6,392;0,47;0,88;3,38
6,393;0,46;0,85;3,41
6,394;0,43;0,84;3,43
6,396;0,41;0,81;3,45
6,397;0,41;0,81;3,47
6,398;0,37;0,79;3,50
6,400;0,35;0,77;3,51
6,427;0,33;0,75;3,53
6,429;0,31;0,72;3,56
6,430;0,30;0,67;3,59
6,431;0,26;0,63;3,61
6,432;0,25;0,57;3,66
6,434;0,22;0,45;3,68
6,435;0,20;0,37;3,70
6,491;0,22;0,30;3,69
6,493;0,22;0,22;3,67
6,494;0,22;0,15;3,64
6,495;0,22;0,07;3,61
6,496;0,20;0,02;3,59
6,500;0,18;-0,02;3,57
6,501;0,13;-0,12;3,54
6,502;0,10;-0,19;3,51
6,503;0,07;-0,21;3,51
6,504;0,02;-0,24;3,51
6,505;-0,00;-0,25;3,48
6,506;-0,04;-0,26;3,47
6,507;-0,06;-0,26;3,46
6,512;-0,07;-0,26;3,45
6,513;-0,12;-0,20;3,39
6,514;-0,15;-0,18;3,39
6,552;-0,17;-0,16;3,40
6,554;-0,18;-0,14;3,40
6,555;-0,17;-0,14;3,39
6,556;-0,16;-0,12;3,39
6,562;-0,15;-0,11;3,38
6,564;-0,12;-0,10;3,36
6,565;-0,10;-0,07;3,28
6,566;-0,09;-0,05;3,25
6,567;-0,08;-0,03;3,20
6,568;-0,07;0,01;3,15
6,569;-0,08;0,04;3,09
6,608;-0,10;0,09;3,02
6,610;-0,08;0,13;2,97
6,611;-0,09;0,15;2,93
6,612;-0,07;0,14;2,84
6,613;-0,04;0,14;2,76
6,614;-0,03;0,14;2,71
6,615;-0,04;0,14;2,65
6,616;-0,04;0,14;2,57
6,618;-0,06;0,16;2,50
6,620;-0,11;0,19;2,41
6,668;-0,15;0,22;2,32
6,671;-0,24;0,28;2,10
6,673;-0,28;0,30;2,01
6,675;-0,33;0,34;1,91
6,676;-0,37;0,37;1,80
6,677;-0,41;0,38;1,71
6,678;-0,44;0,41;1,60
6,679;-0,48;0,42;1,51
6,680;-0,48;0,42;1,40
6,681;-0,50;0,40;1,17
6,682;-0,52;0,38;1,06
6,683;-0,54;0,38;0,92
6,685;-0,55;0,36;0,80
6,722;-0,57;0,36;0,66
6,723;-0,59;0,31;0,52
6,725;-0,60;0,27;0,39
6,726;-0,61;0,22;0,27
6,727;-0,65;0,12;0,02
6,728;-0,67;0,06;-0,12
6,729;-0,70;0,05;-0,27
6,730;-0,72;0,00;-0,44
6,731;-0,74;-0,03;-0,62
6,734;-0,79;-0,05;-0,82
6,781;-0,84;-0,06;-1,02
6,783;-0,90;-0,05;-1,22
6,784;-0,99;-0,05;-1,60
6,787;-1,00;-0,04;-1,77
6,788;-1,03;-0,02;-1,94
6,789;-1,06;-0,01;-2,11
6,790;-1,04;-0,01;-2,25
6,792;-1,03;0,00;-2,39
6,793;-0,98;-0,01;-2,52
6,796;-0,95;-0,05;-2,63
6,797;-0,83;-0,10;-2,80
6,798;-0,76;-0,14;-2,88
6,802;-0,69;-0,14;-2,92
6,837;-0,61;-0,15;-2,95
6,838;-0,54;-0,16;-2,97
6,839;-0,47;-0,16;-2,99
6,840;-0,43;-0,16;-2,96
6,842;-0,40;-0,14;-2,95
6,843;-0,36;-0,11;-2,95
6,844;-0,35;-0,06;-2,94
6,845;-0,36;0,00;-2,97
6,846;-0,34;0,05;-2,99
6,849;-0,33;0,12;-3,01
6,887;-0,32;0,16;-3,06
6,888;-0,28;0,21;-3,10
6,889;-0,20;0,30;-3,23
6,890;-0,14;0,35;-3,29
6,891;-0,08;0,37;-3,35
6,892;-0,02;0,38;-3,41
6,893;0,04;0,36;-3,48
6,894;0,10;0,34;-3,51
6,895;0,14;0,33;-3,56
6,900;0,18;0,28;-3,60
6,936;0,23;0,18;-3,62
6,937;0,26;0,11;-3,62
6,939;0,26;0,05;-3,59
6,940;0,26;-0,04;-3,58
6,942;0,25;-0,13;-3,55
6,943;0,23;-0,20;-3,52
6,944;0,19;-0,28;-3,48
6,945;0,13;-0,36;-3,45
6,946;-0,04;-0,49;-3,41
6,949;-0,13;-0,54;-3,40
6,976;-0,24;-0,60;-3,37
6,978;-0,32;-0,66;-3,39
6,979;-0,43;-0,71;-3,34
6,981;-0,51;-0,73;-3,35
6,982;-0,58;-0,78;-3,33
6,983;-0,64;-0,79;-3,31
6,985;-0,73;-0,85;-3,29
7,040;-0,76;-0,88;-3,28
7,042;-0,77;-0,87;-3,26
7,043;-0,79;-0,90;-3,25
7,050;-0,80;-0,90;-3,22
7,052;-0,81;-0,91;-3,21
7,054;-0,81;-0,92;-3,18
7,055;-0,80;-0,90;-3,15
7,056;-0,77;-0,87;-3,11
7,058;-0,74;-0,86;-3,11
7,059;-0,71;-0,80;-3,10
7,060;-0,66;-0,76;-3,09
7,061;-0,61;-0,70;-3,07
7,062;-0,52;-0,64;-3,06
7,063;-0,46;-0,59;-3,04
7,065;-0,37;-0,53;-3,03
7,066;-0,17;-0,43;-2,98
7,113;-0,07;-0,36;-2,94
7,115;0,03;-0,30;-2,90
7,116;0,11;-0,22;-2,83
7,117;0,21;-0,15;-2,79
7,118;0,30;-0,06;-2,75
7,120;0,36;0,02;-2,70
7,121;0,40;0,09;-2,64
7,122;0,44;0,21;-2,55
7,123;0,44;0,26;-2,51
7,125;0,42;0,28;-2,47
7,126;0,38;0,31;-2,43
7,127;0,33;0,30;-2,41
7,165;0,27;0,28;-2,39
7,166;0,19;0,23;-2,37
7,167;0,11;0,17;-2,37
7,168;-0,08;0,04;-2,36
7,171;-0,19;-0,04;-2,32
7,172;-0,27;-0,12;-2,31
7,173;-0,36;-0,19;-2,28
7,174;-0,44;-0,26;-2,24
7,175;-0,49;-0,32;-2,22
7,176;-0,53;-0,36;-2,18
7,230;-0,54;-0,41;-2,14
7,234;-0,56;-0,46;-2,06
7,238;-0,57;-0,47;-2,01
7,242;-0,57;-0,47;-1,96
7,246;-0,59;-0,46;-1,92
7,249;-0,63;-0,44;-1,88
7,252;-0,65;-0,38;-1,80
7,253;-0,68;-0,30;-1,74
7,254;-0,72;-0,11;-1,57
7,256;-0,69;0,04;-1,46
7,257;-0,66;0,16;-1,33
7,258;-0,59;0,25;-1,19
7,259;-0,53;0,33;-1,01
7,260;-0,45;0,37;-0,83
7,262;-0,37;0,40;-0,60
7,263;-0,30;0,43;-0,37
7,264;-0,18;0,43;0,07
7,265;-0,12;0,40;0,28
7,293;-0,07;0,35;0,45
7,295;-0,02;0,30;0,58
7,296;-0,00;0,24;0,69
7,297;0,03;0,16;0,76
7,298;0,05;0,10;0,83
7,299;0,06;-0,00;0,89
7,301;0,11;-0,17;0,99
7,346;0,16;-0,22;1,06
7,347;0,22;-0,26;1,15
7,349;0,28;-0,27;1,23
7,350;0,36;-0,26;1,33
7,352;0,44;-0,25;1,44
7,353;0,51;-0,20;1,57
7,354;0,58;-0,17;1,70
7,356;0,70;-0,06;1,98
7,357;0,73;0,05;2,13
7,358;0,77;0,15;2,25
7,359;0,80;0,27;2,37
7,361;0,82;0,38;2,50
7,397;0,84;0,51;2,62
7,399;0,85;0,62;2,72
7,401;0,86;0,74;2,81
7,402;0,86;0,94;3,01
7,403;0,85;1,03;3,08
7,405;0,83;1,09;3,16
7,406;0,80;1,14;3,24
7,407;0,80;1,16;3,29
7,408;0,77;1,17;3,35
7,417;0,75;1,15;3,41
7,418;0,74;1,12;3,43
7,451;0,71;1,04;3,48
7,453;0,68;0,99;3,50
7,455;0,66;0,93;3,50
7,456;0,64;0,88;3,51
7,457;0,62;0,81;3,49
7,458;0,59;0,76;3,50
7,460;0,57;0,69;3,49
7,461;0,52;0,64;3,50
7,463;0,47;0,51;3,49
7,497;0,44;0,44;3,49
7,498;0,44;0,39;3,48
7,500;0,41;0,33;3,49
7,501;0,39;0,28;3,50
7,502;0,35;0,23;3,51
7,504;0,34;0,19;3,53
7,505;0,29;0,16;3,56
7,506;0,29;0,07;3,60
7,519;0,29;0,02;3,61
7,521;0,32;-0,05;3,63
7,522;0,33;-0,08;3,64
7,523;0,37;-0,13;3,64
7,525;0,39;-0,17;3,65
7,564;0,44;-0,21;3,64
7,565;0,46;-0,23;3,66
7,566;0,55;-0,24;3,67
7,567;0,59;-0,25;3,69
7,568;0,62;-0,25;3,68
7,569;0,64;-0,24;3,69
7,570;0,67;-0,22;3,70
7,573;0,70;-0,20;3,70
7,574;0,71;-0,17;3,74
7,575;0,73;-0,16;3,75
7,609;0,76;-0,09;3,80
7,610;0,79;-0,07;3,83
7,611;0,79;-0,03;3,84
7,613;0,83;-0,00;3,86
7,614;0,84;0,04;3,87
7,614;0,85;0,07;3,87
7,615;0,87;0,12;3,88
7,616;0,86;0,17;3,87
7,621;0,84;0,21;3,85
7,658;0,81;0,22;3,85
7,659;0,80;0,23;3,81
7,660;0,77;0,24;3,77
7,661;0,74;0,23;3,73
7,662;0,71;0,22;3,69
7,662;0,69;0,22;3,64
7,663;0,65;0,21;3,54
7,664;0,64;0,22;3,47
7,665;0,61;0,22;3,40
7,670;0,56;0,24;3,33
7,734;0,53;0,25;3,26
7,736;0,49;0,25;3,17
7,737;0,44;0,27;3,08
7,739;0,40;0,28;3,01
7,740;0,33;0,30;2,83
7,741;0,27;0,32;2,74
7,742;0,22;0,31;2,65
7,744;0,19;0,30;2,55
7,745;0,16;0,30;2,44
7,746;0,13;0,28;2,34
7,747;0,10;0,27;2,23
7,749;0,09;0,25;2,11
7,750;0,04;0,23;1,86
7,751;0,01;0,20;1,74
7,753;-0,04;0,18;1,63
7,754;-0,09;0,15;1,50
7,755;-0,13;0,14;1,38
7,783;-0,18;0,10;1,26
7,786;-0,21;0,07;1,15
7,787;-0,26;0,04;1,03
7,789;-0,33;-0,05;0,79
7,790;-0,36;-0,08;0,68
7,791;-0,40;-0,10;0,56
7,792;-0,43;-0,12;0,43
7,843;-0,47;-0,13;0,30
7,845;-0,52;-0,14;0,17
7,847;-0,57;-0,16;0,01
7,848;-0,61;-0,17;-0,17
7,849;-0,70;-0,15;-0,57
7,851;-0,74;-0,15;-0,78
7,852;-0,77;-0,15;-0,97
7,853;-0,79;-0,15;-1,18
7,854;-0,81;-0,16;-1,38
7,855;-0,81;-0,17;-1,56
7,856;-0,80;-0,18;-1,74
7,857;-0,77;-0,21;-1,91
7,858;-0,68;-0,26;-2,23
7,861;-0,64;-0,29;-2,36
7,920;-0,58;-0,32;-2,47
7,923;-0,54;-0,35;-2,54
7,925;-0,48;-0,38;-2,59
7,927;-0,42;-0,39;-2,64
7,929;-0,37;-0,39;-2,68
7,930;-0,32;-0,37;-2,71
7,932;-0,25;-0,30;-2,77
7,934;-0,22;-0,24;-2,81
7,935;-0,19;-0,16;-2,83
7,936;-0,19;-0,08;-2,87
7,937;-0,18;-0,00;-2,90
7,938;-0,20;0,08;-2,96
7,940;-0,19;0,17;-3,00
7,942;-0,19;0,26;-3,06
7,943;-0,17;0,38;-3,18
7,944;-0,15;0,46;-3,25
7,946;-0,14;0,49;-3,33
7,978;-0,10;0,50;-3,40
7,979;-0,07;0,51;-3,48
7,981;-0,02;0,49;-3,58
7,982;0,04;0,48;-3,66
7,983;0,09;0,45;-3,73
7,984;0,17;0,36;-3,83
7,985;0,18;0,33;-3,88
7,987;0,19;0,28;-3,89
8,019;0,19;0,23;-3,89
8,020;0,16;0,20;-3,89
8,021;0,13;0,16;-3,88
8,026;0,09;0,13;-3,85
8,031;-0,04;0,05;-3,80
8,032;-0,09;-0,02;-3,78
8,033;-0,15;-0,04;-3,76
8,034;-0,21;-0,11;-3,75
8,035;-0,26;-0,13;-3,74
8,036;-0,31;-0,17;-3,74
8,065;-0,38;-0,24;-3,74
8,066;-0,43;-0,27;-3,73
8,067;-0,52;-0,34;-3,71
8,068;-0,56;-0,37;-3,70
8,069;-0,60;-0,37;-3,67
8,071;-0,60;-0,37;-3,64
8,072;-0,60;-0,35;-3,60
8,108;-0,57;-0,35;-3,55
8,109;-0,53;-0,31;-3,47
8,111;-0,45;-0,31;-3,40
8,113;-0,29;-0,27;-3,23
8,114;-0,20;-0,23;-3,14
8,115;-0,10;-0,23;-3,06
8,116;0,00;-0,20;-2,95
8,117;0,08;-0,19;-2,85
8,118;0,15;-0,18;-2,76
8,121;0,21;-0,16;-2,67
8,163;0,25;-0,13;-2,58
8,164;0,29;-0,07;-2,42
8,166;0,29;-0,03;-2,36
8,167;0,28;-0,01;-2,33
8,168;0,28;0,02;-2,30
8,169;0,30;0,05;-2,29
8,171;0,30;0,06;-2,28
8,173;0,29;0,06;-2,27
8,174;0,30;0,06;-2,29
8,176;0,33;0,04;-2,30
8,177;0,35;0,02;-2,29
8,214;0,37;0,01;-2,30
8,217;0,40;0,01;-2,30
8,218;0,44;0,01;-2,30
8,219;0,48;-0,01;-2,29
8,221;0,49;-0,02;-2,29
8,222;0,51;-0,02;-2,29
8,223;0,46;-0,01;-2,26
8,225;0,40;-0,01;-2,24
8,226;0,33;-0,01;-2,25
8,227;0,24;0,03;-2,24
8,273;0,15;0,04;-2,24
8,275;0,04;0,05;-2,21
8,277;-0,07;0,07;-2,19
8,278;-0,19;0,08;-2,18
8,279;-0,42;0,10;-2,13
8,282;-0,53;0,07;-2,08
8,283;-0,64;0,05;-2,05
8,284;-0,72;0,03;-2,01
8,285;-0,79;-0,00;-1,96
8,286;-0,85;-0,02;-1,92
8,287;-0,88;-0,05;-1,86
8,288;-0,92;-0,07;-1,81
8,291;-0,94;-0,11;-1,68
8,340;-0,93;-0,12;-1,63
8,342;-0,89;-0,13;-1,57
8,343;-0,86;-0,11;-1,51
8,344;-0,82;-0,09;-1,45
8,345;-0,75;-0,06;-1,36
8,347;-0,68;-0,05;-1,29
8,348;-0,62;0,00;-1,20
8,349;-0,45;0,07;-1,01
8,350;-0,37;0,14;-0,88
8,351;-0,28;0,18;-0,72
8,353;-0,22;0,21;-0,53
8,354;-0,14;0,25;-0,37
8,356;-0,08;0,28;-0,19
8,406;-0,03;0,28;-0,01
8,408;0,02;0,29;0,17
8,409;0,06;0,27;0,52
8,411;0,07;0,22;0,69
8,412;0,04;0,17;0,83
8,413;0,01;0,12;0,95
8,414;-0,01;0,04;1,06
8,416;-0,05;-0,02;1,15
8,417;-0,09;-0,10;1,23
8,418;-0,17;-0,20;1,37
8,419;-0,21;-0,23;1,45
8,421;-0,26;-0,26;1,51
8,422;-0,28;-0,27;1,56
8,462;-0,31;-0,28;1,62
8,464;-0,34;-0,27;1,67
8,466;-0,37;-0,24;1,73
8,467;-0,40;-0,19;1,79
8,468;-0,45;-0,04;1,92
8,469;-0,48;0,04;2,00
8,471;-0,47;0,12;2,09
8,472;-0,48;0,21;2,15
8,473;-0,46;0,27;2,24
8,474;-0,43;0,34;2,32
8,476;-0,41;0,36;2,38
8,508;-0,37;0,41;2,44
8,510;-0,27;0,45;2,58
8,511;-0,20;0,48;2,64
8,512;-0,13;0,47;2,70
8,513;-0,07;0,48;2,77
8,518;-0,01;0,47;2,82
8,519;0,05;0,47;2,88
8,519;0,11;0,45;2,93
8,521;0,13;0,45;2,99
8,571;0,21;0,42;3,10
8,572;0,23;0,43;3,15
8,573;0,24;0,39;3,20
8,575;0,24;0,37;3,26
8,576;0,26;0,35;3,30
8,577;0,25;0,33;3,36
8,578;0,25;0,31;3,39
8,579;0,25;0,29;3,43
8,579;0,21;0,22;3,51
8,581;0,21;0,18;3,55
8,582;0,18;0,14;3,58
8,583;0,15;0,09;3,61
8,639;0,15;0,04;3,64
8,642;0,15;0,01;3,64
8,643;0,17;-0,04;3,65
8,644;0,17;-0,08;3,66
8,647;0,22;-0,15;3,65
8,648;0,26;-0,18;3,65
8,649;0,28;-0,21;3,64
8,650;0,31;-0,23;3,64
8,651;0,33;-0,25;3,63
8,652;0,35;-0,26;3,63
8,653;0,37;-0,25;3,63
8,654;0,41;-0,24;3,64
8,656;0,47;-0,20;3,63
8,657;0,51;-0,19;3,63
8,658;0,54;-0,16;3,64
8,696;0,56;-0,13;3,64
8,697;0,59;-0,09;3,65
8,698;0,60;-0,06;3,66
8,700;0,61;-0,01;3,67
8,702;0,62;0,03;3,67
8,703;0,60;0,12;3,65
8,704;0,63;0,14;3,63
8,706;0,63;0,17;3,62
8,707;0,64;0,20;3,59
8,708;0,63;0,23;3,55
8,740;0,63;0,28;3,52
8,742;0,62;0,30;3,48
8,744;0,62;0,32;3,43
8,745;0,62;0,37;3,31
8,746;0,62;0,38;3,26
8,747;0,61;0,42;3,19
8,748;0,62;0,43;3,12
8,749;0,58;0,47;3,04
8,786;0,57;0,47;2,97
8,788;0,55;0,50;2,90
8,789;0,53;0,50;2,84
8,789;0,46;0,53;2,69
8,790;0,43;0,54;2,61
8,792;0,38;0,55;2,53
8,793;0,33;0,55;2,44
8,794;0,28;0,52;2,35
8,795;0,23;0,54;2,25
8,796;0,16;0,53;2,14
8,837;0,09;0,54;2,03
8,839;-0,11;0,53;1,78
8,840;-0,19;0,52;1,65
8,844;-0,29;0,50;1,52
8,845;-0,39;0,48;1,38
8,846;-0,49;0,46;1,25
8,847;-0,58;0,44;1,10
8,848;-0,64;0,39;0,96
8,849;-0,76;0,29;0,65
8,850;-0,79;0,25;0,50
8,851;-0,83;0,20;0,35
8,857;-0,83;0,13;0,20
8,896;-0,81;0,06;0,04
8,898;-0,78;-0,01;-0,11
8,899;-0,74;-0,07;-0,24
8,900;-0,70;-0,14;-0,36
8,901;-0,65;-0,24;-0,62
8,902;-0,62;-0,27;-0,76
8,903;-0,61;-0,29;-0,91
8,912;-0,58;-0,30;-1,08
8,913;-0,56;-0,30;-1,23
8,914;-0,55;-0,31;-1,40
8,915;-0,52;-0,31;-1,55
8,923;-0,50;-0,31;-1,71
8,924;-0,44;-0,26;-2,00
8,958;-0,40;-0,25;-2,14
8,962;-0,33;-0,25;-2,25
8,963;-0,27;-0,26;-2,35
8,966;-0,18;-0,28;-2,44
8,968;-0,08;-0,31;-2,53
8,969;0,03;-0,32;-2,56
8,970;0,13;-0,36;-2,60
8,971;0,35;-0,43;-2,62
8,972;0,44;-0,41;-2,61
8,973;0,52;-0,40;-2,60
9,028;0,57;-0,40;-2,59
9,030;0,62;-0,37;-2,56
9,032;0,63;-0,34;-2,57
9,033;0,64;-0,29;-2,57
9,034;0,64;-0,24;-2,58
9,035;0,57;-0,06;-2,64
9,041;0,54;0,05;-2,67
9,043;0,53;0,19;-2,69
9,045;0,53;0,33;-2,71
9,046;0,57;0,44;-2,74
9,047;0,66;0,55;-2,76
9,048;0,77;0,63;-2,80
9,050;0,92;0,68;-2,85
9,051;1,21;0,73;-2,91
9,052;1,35;0,72;-2,93
9,053;1,47;0,66;-2,96
9,092;1,54;0,59;-3,00
9,094;1,55;0,53;-3,01
9,098;1,52;0,47;-3,05
9,099;1,44;0,42;-3,09
9,100;1,32;0,34;-3,12
9,101;0,97;0,22;-3,24
9,103;0,73;0,16;-3,29
9,105;0,51;0,10;-3,35
9,106;0,27;0,05;-3,39
9,107;0,05;-0,01;-3,45
9,108;-0,14;-0,10;-3,49
9,163;-0,30;-0,14;-3,53
9,165;-0,43;-0,19;-3,53
9,166;-0,59;-0,39;-3,54
9,168;-0,63;-0,50;-3,55
9,169;-0,63;-0,60;-3,56
9,170;-0,59;-0,70;-3,55
9,171;-0,53;-0,80;-3,55
9,172;-0,46;-0,90;-3,53
9,173;-0,35;-0,98;-3,50
9,174;-0,27;-1,05;-3,47
9,175;-0,10;-1,13;-3,39
9,178;-0,06;-1,14;-3,34
9,179;-0,04;-1,14;-3,28
9,180;-0,03;-1,12;-3,22
9,229;-0,04;-1,08;-3,14
9,231;-0,05;-1,04;-3,05
9,233;-0,10;-1,00;-2,96
9,234;-0,14;-0,94;-2,87
9,237;-0,25;-0,84;-2,72
9,239;-0,31;-0,79;-2,65
9,240;-0,37;-0,75;-2,56
9,241;-0,43;-0,70;-2,50
9,244;-0,50;-0,69;-2,44
9,245;-0,56;-0,64;-2,39
9,247;-0,62;-0,62;-2,35
9,248;-0,73;-0,57;-2,27
9,250;-0,78;-0,53;-2,23
9,251;-0,82;-0,51;-2,21
9,252;-0,84;-0,50;-2,17
9,286;-0,85;-0,48;-2,13
9,287;-0,85;-0,46;-2,11
9,288;-0,81;-0,44;-2,09
9,289;-0,78;-0,46;-2,07
9,290;-0,67;-0,44;-2,05
9,292;-0,62;-0,45;-2,04
9,293;-0,56;-0,41;-2,03
9,294;-0,50;-0,39;-2,01
9,400;-0,46;-0,36;-2,01
9,405;-0,40;-0,31;-1,99
9,409;-0,37;-0,26;-1,98
9,416;-0,33;-0,16;-1,98
9,421;-0,27;0,01;-1,97
9,423;-0,22;0,10;-1,96
9,424;-0,18;0,19;-1,98
9,425;-0,11;0,29;-1,98
9,426;-0,02;0,40;-1,98
9,428;0,07;0,51;-1,97
9,429;0,19;0,59;-1,98
9,430;0,31;0,70;-1,98
9,431;0,56;0,92;-2,01
9,432;0,71;1,04;-2,01
9,433;0,87;1,14;-1,98
9,434;1,03;1,21;-1,87
9,436;1,21;1,25;-1,73
9,440;1,37;1,27;-1,51
9,442;1,53;1,27;-1,22
9,443;1,64;1,26;-0,90
9,444;1,71;1,18;-0,14
9,445;1,65;1,11;0,21
9,447;1,54;1,04;0,53
9,448;1,37;0,95;0,81
9,449;1,15;0,84;1,03
9,450;0,89;0,75;1,19
9,451;0,62;0,65;1,26
9,453;0,32;0,54;1,29
9,454;-0,28;0,31;1,21
9,454;-0,54;0,20;1,13
9,456;-0,78;0,07;1,03
9,457;-0,97;-0,06;0,93
9,458;-1,10;-0,18;0,84
9,491;-1,15;-0,32;0,77
9,493;-1,15;-0,44;0,72
9,494;-1,10;-0,53;0,70
9,495;-0,85;-0,68;0,75
9,497;-0,68;-0,72;0,83
9,498;-0,49;-0,74;0,94
9,499;-0,31;-0,75;1,08
9,500;-0,14;-0,73;1,25
9,569;0,03;-0,68;1,43
9,584;0,18;-0,59;1,62
9,586;0,31;-0,46;1,81
9,587;0,47;-0,17;2,17
9,589;0,50;0,01;2,32
9,591;0,52;0,18;2,47
9,594;0,53;0,34;2,59
9,595;0,54;0,47;2,71
9,596;0,53;0,60;2,80
9,597;0,51;0,71;2,89
9,598;0,51;0,79;2,96
9,599;0,53;0,94;3,05
9,600;0,54;1,00;3,10
9,601;0,56;1,04;3,14
9,602;0,61;1,04;3,16
9,604;0,64;1,05;3,16
9,605;0,68;1,04;3,19
9,606;0,70;1,03;3,21
9,609;0,74;0,99;3,25
9,610;0,77;0,93;3,32
9,611;0,76;0,90;3,34
9,612;0,76;0,85;3,39
9,614;0,75;0,82;3,42
9,648;0,73;0,79;3,45
9,649;0,70;0,74;3,46
9,650;0,67;0,70;3,48
9,651;0,59;0,60;3,49
9,652;0,55;0,57;3,52
9,653;0,50;0,52;3,52
9,654;0,46;0,47;3,54
9,663;0,42;0,44;3,56
9,664;0,38;0,41;3,58
9,665;0,36;0,37;3,61
9,735;0,32;0,34;3,64
9,737;0,29;0,26;3,69
9,738;0,28;0,23;3,72
9,740;0,28;0,19;3,74
9,741;0,29;0,16;3,78
9,743;0,30;0,13;3,80
9,744;0,31;0,11;3,83
9,747;0,31;0,09;3,85
9,748;0,34;0,06;3,87
9,749;0,35;0,03;3,90
9,750;0,35;0,02;3,91
9,751;0,34;0,04;3,92
9,752;0,33;0,05;3,94
9,754;0,32;0,06;3,94
9,755;0,33;0,07;3,95
9,756;0,31;0,07;3,94
9,758;0,32;0,07;3,94
9,759;0,30;0,10;3,94
9,760;0,30;0,12;3,94
9,807;0,28;0,13;3,92
9,809;0,27;0,15;3,92
9,811;0,26;0,17;3,89
9,812;0,25;0,19;3,87
9,813;0,25;0,20;3,84
9,814;0,25;0,20;3,80
9,815;0,26;0,22;3,71
9,816;0,26;0,24;3,64
9,817;0,28;0,24;3,58
9,818;0,29;0,26;3,52
9,818;0,27;0,27;3,45
9,819;0,28;0,30;3,38
9,869;0,28;0,32;3,29
9,870;0,26;0,36;3,20
9,872;0,25;0,41;2,99
9,873;0,23;0,43;2,89
9,874;0,23;0,47;2,77
9,875;0,23;0,50;2,65
9,877;0,22;0,53;2,53
9,878;0,22;0,56;2,40
9,879;0,22;0,59;2,28
9,880;0,24;0,62;2,16
9,882;0,23;0,65;1,94
9,883;0,23;0,67;1,84
9,884;0,22;0,67;1,73
9,922;0,21;0,70;1,64
9,923;0,18;0,70;1,54
9,925;0,14;0,71;1,44
9,926;0,10;0,71;1,33
9,927;0,07;0,71;1,22
9,928;-0,02;0,71;1,00
9,931;-0,07;0,70;0,89
9,932;-0,11;0,66;0,76
9,933;-0,14;0,64;0,64
9,934;-0,18;0,59;0,51
9,978;-0,19;0,54;0,37
9,980;-0,20;0,46;0,23
9,981;-0,20;0,40;0,09
9,984;-0,21;0,26;-0,20
9,985;-0,21;0,22;-0,39
9,987;-0,19;0,17;-0,54
9,988;-0,19;0,13;-0,72
9,989;-0,19;0,10;-0,88
9,990;-0,21;0,07;-1,06
9,991;-0,22;0,05;-1,23
9,992;-0,23;0,04;-1,42
9,993;-0,24;-0,02;-1,78
10,038;-0,23;-0,04;-1,97
10,039;-0,21;-0,09;-2,16
10,047;-0,19;-0,13;-2,34
10,048;-0,15;-0,18;-2,51
10,049;-0,10;-0,23;-2,67
10,050;-0,04;-0,31;-2,81
10,052;0,08;-0,42;-3,05
10,053;0,14;-0,45;-3,13
10,059;0,21;-0,49;-3,20
10,060;0,25;-0,51;-3,26
10,061;0,33;-0,53;-3,31
10,063;0,40;-0,54;-3,34
10,064;0,43;-0,54;-3,35
10,065;0,50;-0,54;-3,37
10,108;0,56;-0,50;-3,37
10,110;0,58;-0,48;-3,36
10,111;0,59;-0,43;-3,37
10,112;0,57;-0,39;-3,38
10,113;0,56;-0,34;-3,39
10,114;0,52;-0,28;-3,42
10,115;0,47;-0,22;-3,46
10,117;0,43;-0,17;-3,52
10,118;0,34;-0,12;-3,66
10,119;0,29;-0,10;-3,73
10,120;0,27;-0,09;-3,80
10,180;0,24;-0,10;-3,89
10,184;0,23;-0,12;-3,95
10,185;0,19;-0,14;-4,00
10,186;0,17;-0,18;-4,05
10,187;0,15;-0,22;-4,09
10,188;0,06;-0,33;-4,13
10,190;0,00;-0,41;-4,13
10,191;-0,04;-0,48;-4,15
10,192;-0,10;-0,56;-4,12
10,193;-0,15;-0,64;-4,12
10,194;-0,23;-0,72;-4,09
10,195;-0,29;-0,80;-4,07
10,196;-0,37;-0,87;-4,04
10,198;-0,53;-0,98;-3,97
10,199;-0,64;-1,01;-3,95
10,201;-0,72;-1,08;-3,91
10,203;-0,81;-1,12;-3,87
10,259;-0,89;-1,16;-3,84
10,261;-0,96;-1,22;-3,81
10,262;-1,03;-1,25;-3,76
10,263;-1,08;-1,29;-3,72
10,264;-1,15;-1,35;-3,63
10,265;-1,16;-1,38;-3,59
10,266;-1,18;-1,40;-3,55
10,268;-1,18;-1,41;-3,51
10,269;-1,18;-1,45;-3,47
10,270;-1,18;-1,46;-3,41
10,270;-1,16;-1,47;-3,38
10,272;-1,16;-1,46;-3,29
10,273;-1,15;-1,43;-3,20
10,274;-1,15;-1,43;-3,13
10,299;-1,16;-1,41;-3,07
10,299;-1,17;-1,40;-3,00
10,300;-1,18;-1,34;-2,92
10,301;-1,21;-1,30;-2,86
10,302;-1,23;-1,24;-2,79
10,304;-1,26;-1,18;-2,73
10,312;-1,33;-1,07;-2,63
10,313;-1,35;-1,00;-2,59
10,349;-1,39;-0,94;-2,54
10,350;-1,43;-0,87;-2,52
10,351;-1,45;-0,81;-2,47
10,352;-1,49;-0,77;-2,44
10,353;-1,51;-0,70;-2,41
10,354;-1,52;-0,66;-2,37
10,355;-1,53;-0,62;-2,35
10,356;-1,51;-0,62;-2,33
10,360;-1,48;-0,63;-2,31
10,363;-1,45;-0,65;-2,29
10,399;-1,43;-0,65;-2,29
10,400;-1,38;-0,68;-2,27
10,401;-1,33;-0,71;-2,26
10,402;-1,28;-0,71;-2,27
10,403;-1,22;-0,72;-2,26
10,404;-1,19;-0,71;-2,26
10,405;-1,15;-0,68;-2,23
10,406;-1,14;-0,64;-2,22
10,408;-1,10;-0,59;-2,20
10,413;-1,05;-0,54;-2,17
10,442;-0,99;-0,48;-2,14
10,443;-0,82;-0,32;-2,07
10,445;-0,72;-0,25;-2,00
10,446;-0,60;-0,18;-1,92
10,447;-0,49;-0,12;-1,82
10,448;-0,37;-0,06;-1,70
10,449;-0,24;0,02;-1,58
10,453;-0,13;0,10;-1,42
10,509;-0,02;0,15;-1,28
10,511;0,17;0,22;-0,96
10,517;0,28;0,19;-0,79
10,518;0,35;0,17;-0,62
10,520;0,40;0,13;-0,46
10,521;0,46;0,07;-0,30
10,522;0,49;0,01;-0,14
10,523;0,49;-0,04;-0,00
10,524;0,47;-0,10;0,12
10,526;0,33;-0,17;0,29
10,543;0,25;-0,21;0,34
10,544;0,14;-0,23;0,37
10,545;0,03;-0,26;0,40
10,546;-0,09;-0,29;0,41
10,547;-0,20;-0,33;0,43
10,548;-0,30;-0,36;0,43
10,550;-0,37;-0,41;0,45
10,551;-0,37;-0,50;0,52
10,552;-0,33;-0,53;0,59
10,553;-0,26;-0,52;0,65
10,592;-0,17;-0,53;0,76
10,593;-0,06;-0,51;0,87
10,594;0,04;-0,50;1,01
10,595;0,14;-0,43;1,16
10,596;0,24;-0,38;1,33
10,598;0,45;-0,23;1,66
10,599;0,53;-0,14;1,81
10,600;0,62;-0,06;1,98
10,601;0,68;0,03;2,14
10,644;0,71;0,14;2,29
10,646;0,71;0,26;2,41
10,649;0,71;0,36;2,52
10,651;0,67;0,49;2,63
10,652;0,54;0,70;2,80
10,653;0,47;0,79;2,87
10,654;0,41;0,86;2,92
10,656;0,38;0,91;2,98
10,657;0,34;0,94;3,01
10,658;0,32;0,94;3,05
10,658;0,32;0,93;3,06
10,659;0,33;0,90;3,09
10,710;0,34;0,82;3,12
10,712;0,33;0,78;3,14
10,712;0,35;0,71;3,15
10,713;0,34;0,66;3,17
10,716;0,34;0,60;3,20
10,717;0,34;0,54;3,21
10,718;0,36;0,50;3,22
10,719;0,36;0,42;3,24
10,720;0,38;0,32;3,28
10,721;0,40;0,28;3,29
10,722;0,42;0,25;3,31
10,723;0,43;0,22;3,33
10,723;0,47;0,19;3,37
10,776;0,49;0,19;3,40
10,778;0,54;0,17;3,43
10,780;0,58;0,16;3,47
10,781;0,68;0,16;3,52
10,784;0,73;0,16;3,55
10,785;0,81;0,16;3,58
10,786;0,86;0,19;3,63
10,787;0,93;0,19;3,68
10,788;1,00;0,22;3,72
10,789;1,07;0,23;3,74
10,791;1,14;0,25;3,80
10,792;1,26;0,30;3,87
10,793;1,32;0,33;3,89
10,794;1,38;0,36;3,91
10,852;1,39;0,39;3,93
10,854;1,40;0,41;3,94
10,856;1,38;0,43;3,95
10,858;1,37;0,44;3,94
10,859;1,31;0,50;3,93
10,860;1,27;0,52;3,93
10,861;1,24;0,53;3,93
10,862;1,21;0,54;3,94
10,864;1,16;0,54;3,93
10,865;1,12;0,54;3,94
10,866;1,08;0,55;3,95
10,868;1,03;0,55;3,96
10,869;0,91;0,55;3,96
10,870;0,85;0,56;3,93
10,871;0,79;0,56;3,90
10,930;0,73;0,57;3,87
10,933;0,67;0,57;3,81
10,934;0,59;0,57;3,76
10,936;0,53;0,56;3,69
10,938;0,46;0,56;3,60
10,939;0,33;0,56;3,42
10,940;0,25;0,57;3,32
10,942;0,19;0,55;3,21
10,944;0,12;0,53;3,10
10,945;0,06;0,53;2,99
10,946;-0,01;0,53;2,87
10,948;-0,06;0,53;2,75
10,952;-0,12;0,52;2,64
10,954;-0,19;0,48;2,44
10,955;-0,22;0,46;2,32
10,956;-0,26;0,45;2,22
10,958;-0,30;0,43;2,10
10,959;-0,33;0,40;1,99
10,994;-0,36;0,40;1,88
10,996;-0,38;0,37;1,77
10,997;-0,43;0,37;1,65
10,999;-0,53;0,36;1,40
11,000;-0,59;0,36;1,27
11,002;-0,65;0,37;1,14
11,004;-0,72;0,39;1,01
11,005;-0,76;0,39;0,88
11,006;-0,84;0,41;0,73
11,011;-0,90;0,42;0,59
11,053;-0,93;0,42;0,43
11,055;-0,97;0,36;0,13
11,056;-0,96;0,31;-0,02
11,057;-0,91;0,26;-0,20
11,058;-0,87;0,20;-0,35
11,059;-0,80;0,13;-0,51
11,060;-0,73;0,05;-0,66
11,061;-0,66;-0,06;-0,84
11,063;-0,58;-0,13;-1,03
11,064;-0,43;-0,31;-1,40
11,068;-0,37;-0,40;-1,60
11,070;-0,34;-0,48;-1,79
11,116;-0,28;-0,56;-2,01
11,117;-0,25;-0,62;-2,22
11,119;-0,21;-0,66;-2,42
11,120;-0,17;-0,73;-2,64
11,125;-0,12;-0,80;-2,84
11,126;0,01;-0,93;-3,26
11,127;0,10;-1,01;-3,45
11,128;0,18;-1,06;-3,61
11,129;0,29;-1,12;-3,76
11,130;0,39;-1,14;-3,86
11,131;0,49;-1,17;-3,94
11,133;0,60;-1,15;-3,98
11,134;0,72;-1,13;-4,01
11,174;0,92;-1,04;-3,97
11,176;1,00;-0,99;-3,90
11,177;1,06;-0,94;-3,80
11,178;1,12;-0,88;-3,71
11,179;1,13;-0,76;-3,60
11,180;1,16;-0,66;-3,51
11,181;1,14;-0,56;-3,43
11,185;1,11;-0,44;-3,37
11,186;0,99;-0,21;-3,32
11,187;0,95;-0,11;-3,33
11,188;0,87;-0,02;-3,36
11,237;0,82;0,05;-3,41
11,239;0,77;0,11;-3,46
11,240;0,74;0,15;-3,52
11,241;0,71;0,19;-3,57
11,242;0,69;0,15;-3,65
11,244;0,71;0,12;-3,70
11,245;0,73;0,08;-3,73
11,254;0,72;0,01;-3,76
11,255;0,70;-0,06;-3,80
11,256;0,67;-0,13;-3,82
11,257;0,62;-0,22;-3,85
11,258;0,55;-0,30;-3,86
11,259;0,39;-0,46;-3,88
11,260;0,28;-0,53;-3,88
11,311;0,18;-0,61;-3,86
11,312;0,08;-0,70;-3,86
11,313;-0,03;-0,77;-3,84
11,314;-0,12;-0,84;-3,84
11,315;-0,20;-0,92;-3,82
11,320;-0,28;-0,98;-3,82
11,321;-0,46;-1,11;-3,78
11,322;-0,54;-1,17;-3,75
11,323;-0,61;-1,20;-3,73
11,324;-0,68;-1,27;-3,70
11,325;-0,74;-1,30;-3,67
11,326;-0,82;-1,34;-3,62
11,327;-0,86;-1,40;-3,58
11,372;-0,91;-1,44;-3,53
11,373;-1,03;-1,54;-3,41
11,374;-1,07;-1,58;-3,36
11,375;-1,12;-1,62;-3,30
11,376;-1,16;-1,64;-3,24
11,377;-1,21;-1,67;-3,18
11,378;-1,24;-1,68;-3,13
11,379;-1,26;-1,69;-3,07
11,380;-1,29;-1,69;-3,02
11,382;-1,33;-1,65;-2,92
11,386;-1,36;-1,62;-2,87
11,387;-1,36;-1,59;-2,80
11,388;-1,36;-1,53;-2,74
11,435;-1,36;-1,43;-2,71
11,436;-1,35;-1,35;-2,64
11,437;-1,35;-1,27;-2,58
11,438;-1,33;-1,18;-2,54
11,439;-1,29;-1,04;-2,44
11,440;-1,25;-0,99;-2,40
11,442;-1,21;-0,95;-2,34
11,443;-1,17;-0,92;-2,30
11,444;-1,11;-0,92;-2,24
11,445;-1,05;-0,90;-2,21
11,446;-0,98;-0,90;-2,18
11,496;-0,92;-0,92;-2,15
11,497;-0,77;-0,94;-2,10
11,498;-0,69;-0,94;-2,08
11,499;-0,61;-0,94;-2,05
11,503;-0,53;-0,95;-2,00
11,504;-0,44;-0,93;-1,97
11,505;-0,36;-0,91;-1,93
11,506;-0,28;-0,88;-1,87
11,507;-0,20;-0,85;-1,81
11,508;-0,04;-0,78;-1,72
11,508;0,02;-0,73;-1,65
11,509;0,09;-0,69;-1,61
11,514;0,12;-0,63;-1,55
11,515;0,15;-0,56;-1,49
11,546;0,17;-0,50;-1,44
11,547;0,19;-0,42;-1,39
11,548;0,20;-0,33;-1,34
11,549;0,20;-0,16;-1,20
11,553;0,23;-0,06;-1,13
11,554;0,26;0,02;-1,02
11,555;0,30;0,09;-0,90
11,555;0,35;0,16;-0,75
11,598;0,40;0,22;-0,62
11,599;0,47;0,26;-0,45
11,607;0,54;0,26;-0,29
11,608;0,62;0,26;0,09
11,609;0,61;0,27;0,28
11,610;0,58;0,28;0,44
11,611;0,48;0,32;0,58
11,612;0,36;0,36;0,70
11,613;0,22;0,40;0,81
11,614;0,08;0,43;0,87
11,615;-0,06;0,46;0,92
11,616;-0,27;0,44;1,02
11,650;-0,33;0,43;1,06
11,651;-0,35;0,40;1,11
11,652;-0,35;0,35;1,15
11,653;-0,29;0,30;1,21
11,654;-0,22;0,24;1,29
11,655;-0,13;0,19;1,39
11,656;0,08;0,15;1,66
11,657;0,16;0,14;1,81
11,659;0,24;0,15;1,97
11,715;0,28;0,16;2,14
11,716;0,31;0,21;2,29
11,717;0,31;0,26;2,44
11,718;0,26;0,35;2,58
11,719;0,21;0,44;2,73
11,721;0,01;0,63;2,95
11,722;-0,09;0,74;3,03
11,722;-0,20;0,84;3,11
11,724;-0,31;0,94;3,17
11,724;-0,38;1,03;3,21
11,725;-0,45;1,08;3,26
11,726;-0,50;1,15;3,30
11,727;-0,51;1,18;3,33
11,796;-0,50;1,22;3,42
11,800;-0,46;1,23;3,45
11,804;-0,40;1,23;3,48
11,807;-0,34;1,20;3,52
11,810;-0,26;1,18;3,56
11,813;-0,17;1,16;3,59
11,814;-0,09;1,14;3,62
11,815;-0,00;1,13;3,66
11,817;0,16;1,11;3,73
11,818;0,23;1,10;3,75
11,819;0,30;1,10;3,78
11,820;0,37;1,09;3,80
11,822;0,43;1,07;3,82
11,823;0,47;1,04;3,84
11,824;0,51;1,00;3,85
11,825;0,55;0,96;3,88
11,826;0,63;0,85;3,93
11,828;0,69;0,79;3,94
11,829;0,75;0,72;3,95
11,830;0,83;0,65;3,96
11,831;0,91;0,58;3,95
11,871;0,98;0,55;3,94
11,873;1,06;0,50;3,95
11,874;1,13;0,48;3,95
11,875;1,24;0,47;3,94
11,877;1,28;0,49;3,95
11,878;1,34;0,49;3,97
11,879;1,39;0,52;3,98
11,880;1,45;0,56;3,99
11,881;1,50;0,60;4,01
11,882;1,54;0,65;4,04
11,884;1,57;0,71;4,05
11,950;1,62;0,83;4,08
11,953;1,64;0,90;4,10
11,956;1,64;0,99;4,12
11,958;1,66;1,07;4,14
11,960;1,63;1,14;4,17
11,962;1,62;1,22;4,16
11,964;1,59;1,28;4,19
11,966;1,57;1,35;4,18
11,968;1,49;1,47;4,16
11,970;1,44;1,51;4,13
11,972;1,39;1,55;4,09
11,974;1,33;1,55;4,05
11,975;1,28;1,56;4,01
11,977;1,21;1,56;3,96
11,979;1,14;1,54;3,89
11,981;1,10;1,51;3,84
11,983;0,97;1,44;3,70
11,984;0,92;1,41;3,61
11,985;0,85;1,37;3,53
11,986;0,79;1,33;3,42
12,033;0,71;1,27;3,32
12,034;0,63;1,22;3,21
12,036;0,56;1,17;3,09
12,037;0,47;1,12;2,94
12,043;0,30;1,01;2,69
12,044;0,22;0,94;2,56
12,045;0,14;0,89;2,44
12,046;0,06;0,84;2,32
12,047;-0,03;0,78;2,18
12,048;-0,09;0,74;2,08
12,049;-0,16;0,69;1,96
12,050;-0,31;0,60;1,73
12,051;-0,38;0,54;1,61
12,108;-0,45;0,51;1,51
12,109;-0,52;0,46;1,38
12,110;-0,59;0,42;1,25
12,111;-0,66;0,39;1,15
12,112;-0,71;0,35;1,02
12,113;-0,75;0,31;0,91
12,115;-0,81;0,22;0,69
12,116;-0,83;0,16;0,59
12,118;-0,81;0,11;0,49
12,119;-0,81;0,06;0,39
12,120;-0,79;-0,00;0,30
12,122;-0,79;-0,06;0,19
12,123;-0,78;-0,12;0,09
12,124;-0,77;-0,18;-0,03
12,125;-0,79;-0,30;-0,29
12,187;-0,80;-0,37;-0,45
12,189;-0,83;-0,42;-0,58
12,190;-0,85;-0,48;-0,71
12,191;-0,88;-0,53;-0,85
12,193;-0,92;-0,58;-1,01
12,194;-0,94;-0,62;-1,17
12,195;-0,97;-0,68;-1,35
12,196;-0,98;-0,79;-1,68
12,197;-0,97;-0,87;-1,84
12,198;-0,94;-0,93;-1,99
12,199;-0,91;-1,01;-2,15
12,200;-0,85;-1,07;-2,29
12,202;-0,79;-1,14;-2,43
12,203;-0,74;-1,16;-2,54
12,204;-0,67;-1,19;-2,64
12,205;-0,56;-1,21;-2,81
12,258;-0,50;-1,19;-2,88
12,261;-0,44;-1,15;-2,92
12,264;-0,42;-1,10;-2,96
12,266;-0,38;-1,04;-3,00
12,268;-0,35;-0,98;-3,05
12,272;-0,34;-0,90;-3,09
12,274;-0,35;-0,83;-3,14
12,275;-0,35;-0,64;-3,28
12,276;-0,37;-0,56;-3,35
12,277;-0,38;-0,48;-3,45
12,279;-0,38;-0,42;-3,55
12,280;-0,36;-0,37;-3,65
12,281;-0,34;-0,33;-3,78
12,282;-0,29;-0,32;-3,90
12,284;-0,21;-0,29;-4,03
12,285;-0,03;-0,25;-4,24
12,340;0,09;-0,24;-4,34
12,343;0,23;-0,21;-4,41
12,345;0,38;-0,18;-4,46
12,347;0,55;-0,14;-4,49
12,349;0,71;-0,10;-4,48
12,352;0,85;-0,05;-4,47
12,355;0,97;-0,02;-4,43
12,357;1,10;0,09;-4,30
12,358;1,09;0,15;-4,22
12,360;1,08;0,18;-4,16
12,362;1,02;0,22;-4,09
12,364;0,93;0,23;-4,02
12,366;0,82;0,23;-3,97
12,367;0,71;0,21;-3,94
12,368;0,58;0,15;-3,90
12,370;0,29;-0,05;-3,82
12,371;0,15;-0,17;-3,79
12,414;-0,00;-0,31;-3,76
12,416;-0,14;-0,46;-3,73
12,417;-0,28;-0,63;-3,71
12,418;-0,42;-0,80;-3,67
12,419;-0,55;-0,96;-3,65
12,422;-0,66;-1,15;-3,62
12,423;-0,86;-1,50;-3,57
12,424;-0,94;-1,64;-3,53
12,425;-1,01;-1,80;-3,50
12,426;-1,08;-1,91;-3,47
12,427;-1,13;-2,05;-3,44
12,481;-1,18;-2,11;-3,41
12,483;-1,22;-2,17;-3,36
12,486;-1,29;-2,20;-3,27
12,489;-1,32;-2,18;-3,20
12,490;-1,33;-2,13;-3,14
12,491;-1,33;-2,09;-3,09
12,493;-1,34;-2,00;-3,03
12,494;-1,34;-1,93;-2,97
12,495;-1,35;-1,81;-2,91
12,496;-1,34;-1,70;-2,87
12,497;-1,34;-1,48;-2,76
12,498;-1,32;-1,36;-2,69
12,499;-1,30;-1,25;-2,63
12,501;-1,28;-1,15;-2,57
12,502;-1,23;-1,04;-2,51
12,553;-1,18;-0,96;-2,46
12,566;-1,13;-0,85;-2,39
12,567;-1,07;-0,79;-2,33
12,568;-0,93;-0,65;-2,20
12,570;-0,88;-0,59;-2,13
12,571;-0,79;-0,55;-2,07
12,572;-0,76;-0,50;-2,01
12,574;-0,71;-0,48;-1,96
12,575;-0,67;-0,43;-1,91
12,579;-0,63;-0,41;-1,85
12,580;-0,62;-0,40;-1,80
12,582;-0,59;-0,33;-1,73
12,583;-0,59;-0,30;-1,69
12,584;-0,60;-0,30;-1,65
12,586;-0,60;-0,28;-1,62
12,587;-0,59;-0,29;-1,58
12,588;-0,58;-0,30;-1,53
12,590;-0,56;-0,29;-1,51
12,670;-0,55;-0,33;-1,47
12,672;-0,49;-0,35;-1,40
12,674;-0,45;-0,35;-1,36
12,675;-0,39;-0,33;-1,31
12,676;-0,30;-0,31;-1,24
12,677;-0,20;-0,30;-1,16
12,679;-0,08;-0,28;-1,07
12,680;0,04;-0,27;-0,96
12,681;0,17;-0,26;-0,84
12,683;0,42;-0,23;-0,54
12,684;0,52;-0,21;-0,40
12,685;0,59;-0,19;-0,24
12,687;0,60;-0,13;-0,09
12,688;0,59;-0,09;0,05
12,689;0,56;-0,03;0,19
12,691;0,51;0,01;0,29
12,693;0,44;0,06;0,39
12,694;0,30;0,13;0,57
12,695;0,23;0,14;0,66
12,696;0,17;0,13;0,73
12,697;0,14;0,11;0,81
12,780;0,15;0,07;0,88
12,782;0,16;-0,00;0,96
12,785;0,19;-0,08;1,05
12,787;0,24;-0,15;1,12
12,788;0,35;-0,29;1,33
12,791;0,39;-0,34;1,44
12,794;0,42;-0,38;1,58
12,798;0,44;-0,39;1,72
12,800;0,44;-0,37;1,85
12,801;0,44;-0,33;1,98
12,802;0,42;-0,28;2,13
12,804;0,37;-0,20;2,25
12,805;0,25;-0,00;2,48
12,807;0,17;0,11;2,58
12,808;0,08;0,23;2,65
12,809;0,01;0,34;2,72
12,810;-0,04;0,46;2,77
12,812;-0,09;0,57;2,81
12,813;-0,11;0,67;2,84
12,815;-0,11;0,77;2,87
12,816;-0,03;0,91;2,92
12,817;0,01;0,96;2,95
12,818;0,10;1,00;2,99
12,819;0,19;1,03;3,05
12,820;0,28;1,08;3,11
12,863;0,37;1,10;3,18
12,864;0,44;1,11;3,22
12,867;0,63;1,15;3,38
12,868;0,70;1,15;3,45
12,869;0,79;1,15;3,52
12,870;0,85;1,16;3,59
12,871;0,92;1,15;3,65
12,872;0,96;1,14;3,70
12,873;0,99;1,14;3,74
12,874;1,01;1,13;3,78
12,875;1,00;1,12;3,86
12,928;0,97;1,11;3,88
12,930;0,94;1,09;3,90
12,931;0,90;1,09;3,90
12,935;0,86;1,09;3,91
12,937;0,82;1,10;3,93
12,939;0,79;1,10;3,92
12,940;0,76;1,12;3,93
12,944;0,72;1,12;3,93
12,945;0,71;1,12;3,95
12,948;0,68;1,13;3,96
12,949;0,69;1,15;3,96
12,951;0,69;1,14;3,96
12,952;0,70;1,14;3,97
12,954;0,71;1,14;3,96
12,955;0,70;1,14;3,95
12,956;0,71;1,15;3,94
13,023;0,68;1,15;3,93
13,025;0,67;1,17;3,93
13,029;0,65;1,16;3,91
13,030;0,63;1,17;3,91
13,031;0,60;1,16;3,88
13,032;0,56;1,17;3,87
13,033;0,53;1,17;3,84
13,035;0,49;1,18;3,75
13,036;0,46;1,17;3,70
13,037;0,42;1,18;3,65
13,043;0,38;1,18;3,61
13,044;0,34;1,18;3,54
13,045;0,31;1,19;3,47
13,046;0,26;1,18;3,40
13,047;0,23;1,16;3,32
13,048;0,15;1,13;3,13
13,050;0,12;1,09;3,04
13,052;0,07;1,06;2,92
13,063;0,03;1,01;2,82
13,065;-0,01;0,96;2,69
13,066;-0,04;0,91;2,57
13,067;-0,10;0,87;2,45
13,113;-0,14;0,80;2,32
13,114;-0,21;0,68;2,07
13,115;-0,28;0,62;1,95
13,117;-0,32;0,57;1,82
13,118;-0,37;0,51;1,71
13,122;-0,43;0,48;1,58
13,123;-0,49;0,44;1,46
13,125;-0,56;0,42;1,33
13,130;-0,61;0,38;1,21
13,131;-0,75;0,33;0,96
13,132;-0,81;0,33;0,85
13,133;-0,87;0,32;0,73
13,136;-0,92;0,29;0,63
13,137;-0,97;0,29;0,52
13,210;-1,02;0,30;0,43
13,212;-1,05;0,29;0,31
13,214;-1,08;0,28;0,20
13,216;-1,08;0,26;-0,02
13,217;-1,06;0,23;-0,13
13,218;-1,04;0,22;-0,25
13,219;-1,01;0,19;-0,36
13,220;-0,96;0,15;-0,49
13,222;-0,92;0,10;-0,62
13,223;-0,86;0,06;-0,73
13,224;-0,80;0,00;-0,85
13,225;-0,76;-0,06;-1,09
13,226;-0,75;-0,09;-1,22
13,227;-0,76;-0,10;-1,35
13,228;-0,79;-0,11;-1,48
13,229;-0,85;-0,13;-1,65
13,230;-0,88;-0,13;-1,77
13,230;-0,93;-0,16;-1,92
13,232;-0,99;-0,17;-2,22
13,311;-1,01;-0,21;-2,38
13,314;-0,99;-0,24;-2,51
13,316;-0,97;-0,28;-2,65
13,318;-0,94;-0,34;-2,76
13,319;-0,88;-0,41;-2,88
13,322;-0,80;-0,48;-2,96
13,325;-0,72;-0,54;-3,02
13,327;-0,54;-0,70;-3,05
13,330;-0,44;-0,81;-3,03
13,332;-0,33;-0,91;-2,98
13,333;-0,23;-1,03;-2,94
13,335;-0,13;-1,13;-2,85
13,337;-0,03;-1,20;-2,78
13,338;0,09;-1,26;-2,72
13,339;0,17;-1,31;-2,67
13,340;0,28;-1,35;-2,62
13,342;0,30;-1,34;-2,62
13,343;0,33;-1,32;-2,65
13,344;0,31;-1,30;-2,68
13,347;0,30;-1,27;-2,72
13,348;0,29;-1,25;-2,82
13,349;0,27;-1,23;-2,91
13,351;0,26;-1,22;-3,01
13,353;0,29;-1,21;-3,24
13,417;0,30;-1,22;-3,34
13,418;0,32;-1,22;-3,42
13,420;0,32;-1,23;-3,47
13,421;0,32;-1,22;-3,51
13,422;0,32;-1,22;-3,51
13,424;0,30;-1,20;-3,50
13,425;0,28;-1,20;-3,47
13,426;0,20;-1,22;-3,40
13,427;0,16;-1,20;-3,36
13,429;0,09;-1,20;-3,30
13,430;0,03;-1,21;-3,27
13,431;-0,03;-1,23;-3,22
13,432;-0,10;-1,24;-3,18
13,433;-0,20;-1,26;-3,15
13,434;-0,26;-1,31;-3,14
13,435;-0,41;-1,36;-3,14
13,436;-0,46;-1,41;-3,15
13,507;-0,53;-1,46;-3,17
13,512;-0,59;-1,49;-3,19
13,513;-0,63;-1,54;-3,21
13,515;-0,67;-1,58;-3,22
13,516;-0,70;-1,63;-3,24
13,517;-0,71;-1,66;-3,25
13,518;-0,72;-1,73;-3,23
13,520;-0,72;-1,71;-3,20
13,522;-0,73;-1,72;-3,18
13,523;-0,73;-1,73;-3,14
13,524;-0,71;-1,74;-3,11
13,526;-0,70;-1,73;-3,05
13,527;-0,70;-1,72;-3,00
13,528;-0,70;-1,70;-2,95
13,543;-0,69;-1,62;-2,86
13,544;-0,68;-1,58;-2,82
13,546;-0,68;-1,54;-2,79
13,551;-0,68;-1,48;-2,76
13,552;-0,68;-1,43;-2,74
13,554;-0,68;-1,36;-2,71
13,555;-0,69;-1,30;-2,69
13,560;-0,69;-1,22;-2,68
13,561;-0,70;-1,11;-2,64
13,563;-0,68;-1,05;-2,64
13,564;-0,67;-0,99;-2,61
13,568;-0,64;-0,94;-2,59
13,609;-0,63;-0,90;-2,57
13,610;-0,59;-0,88;-2,51
13,611;-0,52;-0,84;-2,47
13,612;-0,49;-0,81;-2,40
13,613;-0,38;-0,75;-2,31
13,614;-0,34;-0,74;-2,26
13,615;-0,31;-0,73;-2,23
13,622;-0,28;-0,73;-2,18
13,623;-0,27;-0,70;-2,13
13,624;-0,27;-0,68;-2,08
13,626;-0,27;-0,66;-2,04
13,627;-0,28;-0,60;-1,94
13,684;-0,27;-0,59;-1,88
13,686;-0,26;-0,57;-1,84
13,687;-0,25;-0,57;-1,78
13,688;-0,23;-0,54;-1,73
13,690;-0,22;-0,53;-1,69
13,692;-0,19;-0,52;-1,64
13,693;-0,16;-0,50;-1,58
13,694;-0,10;-0,45;-1,44
13,697;-0,06;-0,42;-1,37
13,698;-0,02;-0,38;-1,28
13,699;0,02;-0,35;-1,17
13,701;0,06;-0,33;-1,06
13,706;0,10;-0,31;-0,95
13,707;0,14;-0,31;-0,82
13,708;0,17;-0,30;-0,68
13,709;0,21;-0,33;-0,40
13,711;0,21;-0,35;-0,27
13,716;0,19;-0,37;-0,13
13,772;0,17;-0,40;0,01
13,773;0,11;-0,39;0,14
13,774;0,01;-0,39;0,28
13,779;-0,09;-0,39;0,40
13,781;-0,21;-0,39;0,51
13,782;-0,48;-0,43;0,68
13,783;-0,60;-0,45;0,74
13,789;-0,72;-0,48;0,77
13,790;-0,83;-0,51;0,83
13,791;-0,93;-0,53;0,87
13,802;-1,00;-0,60;0,92
13,803;-1,02;-0,63;0,96
13,804;-1,04;-0,66;1,02
13,811;-1,00;-0,68;1,17
13,814;-0,95;-0,66;1,24
13,818;-0,89;-0,64;1,35
13,819;-0,84;-0,58;1,47
13,820;-0,79;-0,51;1,59
13,822;-0,76;-0,43;1,74
13,823;-0,71;-0,35;1,90
13,824;-0,66;-0,24;2,05
13,875;-0,59;0,01;2,35
13,876;-0,59;0,14;2,50
13,877;-0,60;0,32;2,66
13,878;-0,62;0,47;2,80
13,879;-0,66;0,65;2,92
13,880;-0,71;0,82;3,03
13,881;-0,75;0,98;3,15
13,883;-0,77;1,12;3,23
13,884;-0,82;1,32;3,37
13,885;-0,81;1,38;3,41
13,886;-0,76;1,41;3,43
13,887;-0,73;1,41;3,45
13,889;-0,67;1,41;3,45
13,891;-0,59;1,38;3,46
13,938;-0,54;1,34;3,45
13,941;-0,45;1,32;3,46
13,943;-0,32;1,21;3,48
13,944;-0,26;1,17;3,50
13,947;-0,19;1,11;3,52
13,948;-0,13;1,06;3,55
13,949;-0,08;1,01;3,56
13,950;-0,05;0,97;3,59
13,952;-0,02;0,94;3,60
13,953;0,01;0,88;3,62
13,954;0,03;0,83;3,63
13,955;0,05;0,82;3,66
13,956;0,06;0,80;3,64
14,019;0,06;0,79;3,63
14,021;0,06;0,76;3,61
14,022;0,06;0,75;3,60
14,023;0,06;0,72;3,57
14,024;0,10;0,69;3,56
14,026;0,13;0,65;3,50
14,027;0,16;0,62;3,48
14,027;0,20;0,60;3,46
14,029;0,25;0,58;3,45
14,029;0,31;0,56;3,43
14,036;0,35;0,54;3,42
14,036;0,41;0,54;3,41
14,037;0,50;0,52;3,39
14,038;0,54;0,50;3,38
14,039;0,57;0,50;3,37
14,040;0,61;0,52;3,36
14,041;0,63;0,52;3,33
14,089;0,63;0,53;3,32
14,091;0,65;0,55;3,31
14,093;0,66;0,55;3,29
14,093;0,65;0,61;3,28
14,095;0,63;0,65;3,25
14,096;0,63;0,69;3,25
14,097;0,60;0,73;3,25
14,098;0,59;0,76;3,23
14,099;0,59;0,81;3,20
14,100;0,56;0,84;3,19
14,101;0,54;0,88;3,16
14,102;0,47;0,94;3,11
14,176;0,42;0,98;3,07
14,178;0,38;1,01;3,03
14,179;0,35;1,03;2,98
14,181;0,30;1,05;2,93
14,183;0,27;1,06;2,87
14,184;0,24;1,05;2,80
14,185;0,23;1,05;2,73
14,187;0,22;1,03;2,59
14,188;0,21;1,02;2,52
14,189;0,23;1,00;2,44
14,191;0,24;1,00;2,37
14,192;0,25;1,01;2,30
14,193;0,27;1,00;2,24
14,194;0,29;0,99;2,17
14,195;0,32;1,00;2,09
14,197;0,35;1,02;1,94
14,199;0,37;1,04;1,86
14,201;0,38;1,03;1,78
14,202;0,39;1,03;1,68
14,203;0,39;1,03;1,58
14,268;0,40;1,03;1,49
14,270;0,40;1,01;1,37
14,274;0,40;0,99;1,27
14,277;0,40;0,92;1,02
14,278;0,40;0,88;0,90
14,279;0,38;0,83;0,80
14,280;0,37;0,76;0,68
14,282;0,35;0,72;0,56
14,284;0,32;0,64;0,44
14,285;0,30;0,56;0,33
14,286;0,29;0,50;0,22
14,288;0,23;0,34;-0,01
14,289;0,19;0,26;-0,13
14,290;0,16;0,19;-0,23
14,292;0,13;0,11;-0,33
14,294;0,10;0,02;-0,45
14,295;0,05;-0,06;-0,56
14,297;0,02;-0,13;-0,69
14,302;0,01;-0,21;-0,83
14,303;-0,07;-0,35;-1,11
14,352;-0,08;-0,42;-1,27
14,354;-0,13;-0,49;-1,42
14,355;-0,19;-0,55;-1,59
14,356;-0,22;-0,61;-1,77
14,357;-0,28;-0,66;-1,94
14,358;-0,31;-0,72;-2,13
14,361;-0,37;-0,78;-2,30
14,364;-0,44;-0,89;-2,61
14,366;-0,48;-0,92;-2,74
14,367;-0,51;-0,95;-2,84
14,368;-0,54;-0,97;-2,93
14,369;-0,56;-0,98;-2,99
14,371;-0,58;-0,98;-3,04
14,372;-0,60;-0,99;-3,07
14,450;-0,62;-0,98;-3,08
14,455;-0,68;-0,93;-3,08
14,459;-0,74;-0,90;-3,06
14,465;-0,80;-0,86;-3,08
14,467;-0,88;-0,80;-3,10
14,469;-0,97;-0,77;-3,15
14,472;-1,05;-0,73;-3,19
14,474;-1,14;-0,69;-3,28
14,475;-1,23;-0,65;-3,36
14,477;-1,36;-0,58;-3,59
14,478;-1,39;-0,55;-3,73
14,480;-1,40;-0,52;-3,88
14,483;-1,41;-0,52;-4,02
14,484;-1,40;-0,50;-4,16
14,485;-1,39;-0,52;-4,28
14,487;-1,36;-0,50;-4,39
14,489;-1,35;-0,50;-4,55
14,492;-1,30;-0,50;-4,60
14,494;-1,28;-0,50;-4,65
14,497;-1,27;-0,50;-4,65
14,498;-1,27;-0,50;-4,65
14,499;-1,23;-0,52;-4,63
14,501;-1,21;-0,54;-4,61
14,503;-1,16;-0,56;-4,58
14,504;-1,05;-0,63;-4,52
14,505;-0,99;-0,67;-4,47
14,507;-0,92;-0,73;-4,41
14,514;-0,86;-0,78;-4,35
14,517;-0,79;-0,83;-4,29
14,583;-0,71;-0,86;-4,25
14,584;-0,65;-0,92;-4,18
14,586;-0,58;-0,96;-4,13
14,587;-0,42;-1,05;-4,03
14,588;-0,34;-1,07;-3,99
14,590;-0,25;-1,10;-3,97
14,591;-0,17;-1,12;-3,94
14,592;-0,07;-1,12;-3,91
14,593;0,03;-1,12;-3,89
14,594;0,10;-1,13;-3,87
14,604;0,19;-1,10;-3,83
14,605;0,35;-1,05;-3,74
14,605;0,41;-1,00;-3,68
14,611;0,48;-0,96;-3,59
14,613;0,54;-0,89;-3,51
14,613;0,61;-0,85;-3,42
14,614;0,65;-0,78;-3,33
14,615;0,71;-0,72;-3,24
14,620;0,77;-0,65;-3,15
14,622;0,82;-0,49;-2,98
14,622;0,83;-0,41;-2,90
14,703;0,83;-0,33;-2,82
14,705;0,83;-0,25;-2,76
14,706;0,80;-0,18;-2,69
14,707;0,76;-0,10;-2,63
14,709;0,73;-0,05;-2,54
14,710;0,70;-0,01;-2,47
14,711;0,65;0,01;-2,31
14,713;0,62;-0,01;-2,23
14,714;0,60;-0,02;-2,15
14,715;0,57;-0,06;-2,06
14,717;0,56;-0,10;-1,99
14,718;0,51;-0,17;-1,92
14,719;0,46;-0,21;-1,85
14,720;0,39;-0,26;-1,80
14,722;0,22;-0,36;-1,71
14,723;0,13;-0,39;-1,69
14,724;0,02;-0,43;-1,65
14,725;-0,09;-0,47;-1,63
14,727;-0,19;-0,49;-1,59
14,728;-0,28;-0,53;-1,58
14,729;-0,35;-0,56;-1,55
14,771;-0,41;-0,57;-1,51
14,773;-0,53;-0,57;-1,44
14,774;-0,56;-0,57;-1,38
14,776;-0,55;-0,56;-1,32
14,777;-0,55;-0,52;-1,26
14,778;-0,53;-0,48;-1,19
14,780;-0,49;-0,44;-1,12
14,781;-0,46;-0,39;-1,03
14,782;-0,40;-0,35;-0,94
14,783;-0,30;-0,29;-0,69
14,785;-0,26;-0,26;-0,57
14,870;-0,21;-0,25;-0,43
14,875;-0,21;-0,25;-0,27
14,878;-0,22;-0,25;-0,12
14,884;-0,25;-0,27;0,04
14,887;-0,35;-0,31;0,19
14,889;-0,45;-0,36;0,35
14,892;-0,75;-0,47;0,63
14,894;-0,93;-0,52;0,75
14,897;-1,11;-0,59;0,85
14,898;-1,28;-0,67;0,91
14,900;-1,44;-0,78;0,92
14,902;-1,61;-0,89;0,94
14,904;-1,72;-1,01;0,92
14,906;-1,87;-1,24;0,83
14,908;-1,89;-1,36;0,79
14,910;-1,87;-1,45;0,75
14,913;-1,81;-1,52;0,75
14,914;-1,72;-1,58;0,76
14,915;-1,62;-1,60;0,79
14,917;-1,53;-1,60;0,85
14,923;-1,43;-1,58;0,94
14,925;-1,24;-1,45;1,21
14,926;-1,15;-1,33;1,39
14,927;-1,07;-1,19;1,56
14,929;-1,02;-1,01;1,74
14,930;-0,96;-0,81;1,91
14,931;-0,91;-0,61;2,09
14,932;-0,88;-0,41;2,26
14,933;-0,83;-0,18;2,41
14,934;-0,77;0,23;2,66
14,977;-0,72;0,40;2,77
14,978;-0,66;0,58;2,86
14,980;-0,61;0,74;2,93
14,981;-0,55;0,86;3,00
14,982;-0,46;0,96;3,05
14,983;-0,38;1,05;3,09
14,984;-0,30;1,10;3,14
14,985;-0,10;1,16;3,20
14,987;-0,02;1,19;3,25
14,988;0,07;1,18;3,26
14,989;0,14;1,19;3,31
15,044;0,20;1,17;3,33
15,046;0,26;1,16;3,36
15,047;0,30;1,16;3,38
15,048;0,32;1,14;3,42
15,054;0,39;1,10;3,51
15,055;0,42;1,08;3,58
15,056;0,47;1,05;3,61
15,057;0,47;1,04;3,67
15,057;0,50;1,01;3,72
15,058;0,49;0,98;3,77
15,059;0,49;0,95;3,83
15,060;0,48;0,90;3,86
15,061;0,43;0,88;3,94
15,062;0,40;0,85;3,95
15,063;0,38;0,83;3,99
15,119;0,36;0,82;4,01
15,120;0,36;0,81;4,03
15,121;0,34;0,81;4,05
15,121;0,36;0,81;4,07
15,122;0,36;0,82;4,09
15,124;0,37;0,84;4,13
15,125;0,36;0,86;4,15
15,126;0,33;0,88;4,17
15,127;0,33;0,92;4,19
15,128;0,32;0,95;4,20
15,129;0,30;0,99;4,20
15,130;0,28;1,00;4,22
15,130;0,26;1,03;4,22
15,203;0,22;1,03;4,18
15,205;0,19;1,04;4,17
15,207;0,18;1,02;4,16
15,209;0,16;1,03;4,14
15,211;0,14;1,01;4,13
15,212;0,13;1,01;4,11
15,214;0,10;0,99;4,09
15,215;0,08;0,99;4,07
15,216;0,04;0,97;3,99
15,217;0,01;0,96;3,95
15,218;-0,03;0,95;3,91
15,219;-0,05;0,95;3,85
15,221;-0,09;0,95;3,82
15,222;-0,12;0,93;3,75
15,223;-0,16;0,93;3,69
15,224;-0,19;0,93;3,63
15,225;-0,24;0,93;3,50
15,226;-0,26;0,92;3,43
15,227;-0,29;0,93;3,37
15,228;-0,31;0,93;3,29
15,273;-0,35;0,92;3,22
15,275;-0,37;0,93;3,14
15,276;-0,40;0,91;3,06
15,277;-0,45;0,90;2,89
15,278;-0,50;0,93;2,81
15,279;-0,52;0,94;2,72
15,280;-0,55;0,93;2,63
15,281;-0,59;0,94;2,53
15,282;-0,61;0,93;2,44
15,283;-0,65;0,95;2,34
15,284;-0,69;0,95;2,24
15,288;-0,80;0,96;2,04
15,292;-0,86;0,96;1,92
15,348;-0,89;0,94;1,81
15,350;-0,95;0,91;1,69
15,352;-1,00;0,88;1,58
15,353;-1,02;0,86;1,46
15,356;-1,05;0,82;1,35
15,358;-1,06;0,78;1,24
15,359;-1,05;0,67;1,00
15,361;-1,05;0,60;0,89
15,363;-1,04;0,54;0,79
15,364;-1,03;0,47;0,67
15,366;-1,03;0,40;0,56
15,368;-1,02;0,32;0,42
15,370;-1,03;0,26;0,26
15,372;-1,04;0,18;0,12
15,373;-1,05;0,03;-0,24
15,374;-1,08;-0,03;-0,43
15,416;-1,10;-0,09;-0,63
15,418;-1,11;-0,15;-0,84
15,419;-1,11;-0,20;-1,07
15,421;-1,10;-0,26;-1,30
15,422;-1,09;-0,33;-1,51
15,423;-1,08;-0,38;-1,74
15,424;-1,02;-0,46;-2,18
15,425;-0,97;-0,51;-2,38
15,426;-0,91;-0,57;-2,54
15,427;-0,84;-0,61;-2,70
15,428;-0,76;-0,65;-2,83
15,482;-0,68;-0,68;-2,95
15,484;-0,59;-0,71;-3,06
15,485;-0,51;-0,75;-3,13
15,487;-0,36;-0,74;-3,22
15,488;-0,28;-0,74;-3,27
15,489;-0,22;-0,71;-3,29
15,490;-0,17;-0,71;-3,34
15,491;-0,13;-0,67;-3,37
15,492;-0,09;-0,65;-3,41
15,493;-0,05;-0,62;-3,47
15,494;-0,03;-0,59;-3,55
15,495;-0,00;-0,54;-3,73
15,496;0,01;-0,53;-3,84
15,498;0,00;-0,49;-3,95
15,553;0,03;-0,48;-4,08
15,555;0,05;-0,48;-4,20
15,568;0,08;-0,47;-4,33
15,570;0,08;-0,47;-4,45
15,571;0,10;-0,47;-4,57
15,573;0,12;-0,49;-4,74
15,574;0,14;-0,51;-4,81
15,575;0,13;-0,51;-4,87
15,577;0,09;-0,51;-4,92
15,578;0,08;-0,53;-4,94
15,579;0,04;-0,54;-4,99
15,581;0,00;-0,54;-5,01
15,582;-0,04;-0,57;-5,03
15,584;-0,12;-0,59;-5,07
15,585;-0,15;-0,62;-5,08
15,586;-0,17;-0,64;-5,10
15,588;-0,19;-0,66;-5,12
15,589;-0,20;-0,65;-5,11
15,654;-0,20;-0,66;-5,12
15,656;-0,18;-0,67;-5,13
15,659;-0,15;-0,66;-5,13
15,661;-0,11;-0,66;-5,08
15,662;-0,07;-0,65;-5,02
15,664;-0,03;-0,66;-4,95
15,667;0,01;-0,66;-4,86
15,669;0,05;-0,67;-4,74
15,670;0,10;-0,68;-4,63
15,671;0,17;-0,69;-4,48
15,673;0,27;-0,70;-4,18
15,674;0,30;-0,68;-4,02
15,675;0,33;-0,66;-3,86
15,677;0,36;-0,62;-3,72
15,678;0,36;-0,56;-3,57
15,679;0,35;-0,49;-3,43
15,680;0,33;-0,43;-3,32
15,686;0,31;-0,36;-3,17
15,687;0,23;-0,27;-2,87
15,688;0,19;-0,25;-2,70
15,757;0,16;-0,25;-2,53
15,759;0,16;-0,25;-2,37
15,760;0,14;-0,27;-2,22
15,764;0,14;-0,30;-2,10
15,765;0,12;-0,35;-1,98
15,766;0,09;-0,39;-1,90
15,767;-0,01;-0,54;-1,74
15,769;-0,09;-0,61;-1,70
15,770;-0,21;-0,68;-1,66
15,771;-0,31;-0,75;-1,63
15,772;-0,47;-0,81;-1,63
15,774;-0,59;-0,88;-1,64
15,775;-0,72;-0,94;-1,66
15,776;-0,88;-1,00;-1,70
15,777;-1,16;-1,12;-1,79
15,778;-1,30;-1,17;-1,84
15,779;-1,42;-1,21;-1,89
15,780;-1,55;-1,26;-1,94
15,783;-1,67;-1,29;-1,98
15,843;-1,75;-1,35;-2,03
15,844;-1,84;-1,38;-2,08
15,845;-1,90;-1,41;-2,12
15,848;-1,98;-1,43;-2,23
15,850;-1,97;-1,41;-2,26
15,851;-1,97;-1,40;-2,30
15,852;-1,94;-1,36;-2,32
15,853;-1,89;-1,30;-2,35
15,854;-1,82;-1,22;-2,38
15,855;-1,72;-1,11;-2,42
15,856;-1,59;-0,99;-2,44
15,857;-1,25;-0,68;-2,47
15,858;-1,05;-0,48;-2,45
15,859;-0,79;-0,29;-2,39
15,860;-0,53;-0,09;-2,31
15,934;-0,25;0,11;-2,20
15,935;0,03;0,30;-2,04
15,936;0,29;0,45;-1,85
15,937;0,54;0,52;-1,59
15,938;0,95;0,50;-0,94
15,939;1,06;0,43;-0,57
15,940;1,12;0,36;-0,19
15,941;1,09;0,27;0,15
15,942;1,01;0,19;0,44
15,943;0,87;0,12;0,70
15,944;0,69;0,01;0,90
15,944;0,49;-0,12;1,03
15,945;0,06;-0,40;1,12
15,946;-0,17;-0,56;1,10
15,946;-0,40;-0,73;1,04
15,948;-0,56;-0,90;0,97
15,948;-0,71;-1,07;0,90
15,952;-0,79;-1,23;0,82
15,953;-0,83;-1,37;0,79
16,031;-0,81;-1,49;0,79
16,033;-0,74;-1,69;0,88
16,041;-0,68;-1,75;0,98
16,042;-0,62;-1,78;1,11
16,044;-0,56;-1,78;1,27
16,045;-0,50;-1,75;1,43
16,046;-0,44;-1,68;1,63
16,048;-0,40;-1,59;1,81
16,049;-0,36;-1,46;1,98
16,050;-0,28;-1,12;2,30
16,052;-0,24;-0,93;2,43
16,070;-0,20;-0,74;2,53
16,072;-0,17;-0,49;2,64
16,073;-0,14;-0,29;2,73
16,075;-0,12;-0,06;2,79
16,076;-0,07;0,15;2,84
16,077;0,04;0,56;2,94
16,078;0,11;0,73;2,97
16,079;0,20;0,91;3,00
16,080;0,30;1,03;3,04
16,081;0,41;1,12;3,08
16,082;0,53;1,20;3,12
16,083;0,62;1,26;3,18
16,084;0,73;1,29;3,22
16,086;0,90;1,31;3,37
16,087;0,98;1,29;3,44
16,088;1,04;1,25;3,52
16,145;1,11;1,23;3,58
16,146;1,16;1,19;3,65
16,148;1,18;1,15;3,72
16,150;1,22;1,11;3,78
16,152;1,24;1,06;3,83
16,154;1,23;0,98;3,91
16,155;1,19;0,96;3,95
16,156;1,18;0,93;3,98
16,157;1,14;0,90;4,01
16,158;1,12;0,87;4,05
16,159;1,08;0,88;4,10
16,159;1,08;0,87;4,15
16,160;1,07;0,86;4,20
16,161;1,07;0,86;4,32
16,163;1,07;0,86;4,38
16,263;1,09;0,87;4,45
16,265;1,11;0,90;4,54
16,266;1,13;0,92;4,63
16,268;1,14;0,95;4,70
16,270;1,17;1,01;4,79
16,271;1,20;1,05;4,84
16,273;1,23;1,14;4,96
16,274;1,23;1,20;5,01
16,275;1,21;1,23;5,04
16,277;1,20;1,27;5,06
16,278;1,17;1,29;5,07
16,279;1,14;1,31;5,05
16,281;1,10;1,33;5,05
16,282;1,04;1,34;5,03
16,283;0,92;1,32;4,99
16,285;0,86;1,30;4,96
16,286;0,78;1,27;4,93
16,287;0,72;1,22;4,89
16,288;0,64;1,19;4,87
16,289;0,56;1,15;4,81
16,290;0,49;1,11;4,77
16,291;0,40;1,07;4,69
16,292;0,25;0,97;4,58
16,294;0,17;0,94;4,51
16,295;0,08;0,90;4,44
16,296;0,00;0,86;4,36
16,363;-0,08;0,85;4,29
16,364;-0,16;0,81;4,20
16,365;-0,22;0,79;4,14
16,369;-0,26;0,77;4,07
16,370;-0,32;0,73;3,92
16,371;-0,33;0,71;3,82
16,372;-0,34;0,70;3,76
16,373;-0,34;0,69;3,67
16,374;-0,35;0,70;3,60
16,375;-0,33;0,71;3,52
16,376;-0,32;0,73;3,46
16,377;-0,29;0,76;3,39
16,378;-0,25;0,82;3,24
16,379;-0,22;0,85;3,19
16,380;-0,20;0,89;3,12
16,381;-0,18;0,93;3,04
16,382;-0,17;0,95;2,97
16,383;-0,14;0,98;2,90
16,389;-0,13;1,02;2,80
16,398;-0,13;1,04;2,73
16,399;-0,13;1,07;2,56
16,463;-0,13;1,09;2,46
16,466;-0,14;1,09;2,34
16,468;-0,16;1,07;2,23
16,469;-0,19;1,07;2,11
16,471;-0,21;1,05;1,99
16,472;-0,23;1,00;1,85
16,473;-0,29;0,92;1,56
16,475;-0,31;0,84;1,41
16,476;-0,33;0,76;1,23
16,477;-0,33;0,68;1,06
16,478;-0,34;0,60;0,90
16,480;-0,33;0,53;0,72
16,481;-0,31;0,44;0,56
16,482;-0,28;0,36;0,40
16,484;-0,22;0,20;0,12
16,485;-0,20;0,13;-0,04
16,486;-0,19;0,07;-0,19
16,552;-0,18;0,01;-0,34
16,553;-0,19;-0,02;-0,49
16,554;-0,21;-0,07;-0,62
16,556;-0,26;-0,11;-0,79
16,557;-0,32;-0,16;-0,94
16,589;-0,47;-0,25;-1,34
16,595;-0,54;-0,30;-1,60
16,596;-0,61;-0,35;-1,86
16,598;-0,64;-0,44;-2,16
16,600;-0,67;-0,54;-2,47
16,601;-0,66;-0,67;-2,78
16,603;-0,62;-0,80;-3,09
16,604;-0,59;-0,94;-3,39
16,605;-0,52;-1,17;-3,84
16,610;-0,51;-1,25;-4,03
16,611;-0,52;-1,27;-4,16
16,613;-0,54;-1,28;-4,26
16,614;-0,56;-1,25;-4,31
16,615;-0,60;-1,23;-4,35
16,616;-0,64;-1,17;-4,36
16,618;-0,69;-1,13;-4,38
16,619;-0,83;-1,04;-4,39
16,620;-0,91;-0,98;-4,42
16,622;-0,99;-0,91;-4,43
16,623;-1,07;-0,85;-4,48
16,624;-1,16;-0,78;-4,55
16,625;-1,21;-0,73;-4,64
16,626;-1,25;-0,69;-4,76
16,665;-1,25;-0,67;-4,92
16,670;-1,19;-0,66;-5,25
16,682;-1,10;-0,66;-5,42
16,686;-1,00;-0,67;-5,57
16,687;-0,86;-0,68;-5,70
16,688;-0,76;-0,69;-5,82
16,689;-0,67;-0,70;-5,90
16,690;-0,58;-0,70;-5,96
16,691;-0,52;-0,70;-5,97
16,692;-0,48;-0,66;-5,97
16,693;-0,47;-0,63;-5,92
16,694;-0,48;-0,61;-5,89
16,695;-0,49;-0,58;-5,84
16,696;-0,50;-0,56;-5,80
16,749;-0,52;-0,56;-5,74
16,753;-0,56;-0,57;-5,71
16,755;-0,59;-0,58;-5,64
16,756;-0,64;-0,57;-5,52
16,758;-0,64;-0,54;-5,48
16,759;-0,64;-0,52;-5,43
16,760;-0,62;-0,50;-5,39
16,762;-0,59;-0,48;-5,37
16,763;-0,57;-0,45;-5,33
16,765;-0,52;-0,42;-5,28
16,766;-0,48;-0,40;-5,26
16,767;-0,35;-0,35;-5,16
16,769;-0,27;-0,35;-5,11
16,770;-0,15;-0,32;-5,04
16,771;-0,04;-0,30;-4,96
16,777;0,09;-0,28;-4,90
16,779;0,22;-0,26;-4,81
16,844;0,34;-0,23;-4,73
16,845;0,44;-0,19;-4,64
16,846;0,61;-0,12;-4,45
16,847;0,65;-0,08;-4,34
16,848;0,71;-0,03;-4,24
16,850;0,76;0,00;-4,12
16,851;0,80;0,03;-4,01
16,852;0,83;0,07;-3,91
16,853;0,86;0,10;-3,81
16,854;0,92;0,19;-3,59
16,855;0,92;0,26;-3,50
16,856;0,94;0,31;-3,36
16,857;0,97;0,37;-3,25
16,858;0,99;0,45;-3,11
16,859;1,05;0,49;-2,96
16,860;1,11;0,53;-2,79
16,921;1,20;0,58;-2,64
16,923;1,37;0,64;-2,34
16,924;1,47;0,69;-2,21
16,925;1,56;0,71;-2,11
16,926;1,64;0,73;-2,01
16,926;1,72;0,75;-1,93
16,927;1,76;0,75;-1,86
16,928;1,79;0,76;-1,79
16,929;1,84;0,75;-1,73
16,930;1,91;0,71;-1,66
16,930;1,92;0,68;-1,63
16,931;1,96;0,64;-1,61
16,932;1,95;0,61;-1,60
16,933;1,97;0,58;-1,59
16,934;1,97;0,57;-1,58
17,012;1,96;0,55;-1,58
17,014;1,97;0,53;-1,56
17,015;2,00;0,54;-1,46
17,016;2,02;0,55;-1,39
17,017;2,04;0,56;-1,32
17,019;2,05;0,59;-1,21
17,020;2,05;0,63;-1,09
17,021;2,03;0,68;-0,96
17,022;2,00;0,75;-0,82
17,024;1,94;0,83;-0,65
17,025;1,82;1,00;-0,33
17,026;1,77;1,07;-0,17
17,027;1,72;1,13;-0,02
17,027;1,67;1,18;0,16
17,029;1,64;1,23;0,30
17,036;1,62;1,26;0,47
17,037;1,58;1,27;0,61
17,038;1,55;1,27;0,77
17,039;1,45;1,22;1,05
17,040;1,38;1,19;1,18
17,041;1,31;1,13;1,32
17,116;1,19;1,08;1,45
17,120;1,05;1,04;1,56
17,124;0,88;1,02;1,69
17,127;0,70;1,01;1,79
17,130;0,49;1,02;1,93
17,132;0,03;1,09;2,17
17,137;-0,20;1,14;2,27
17,140;-0,42;1,20;2,36
17,144;-0,63;1,25;2,44
17,146;-0,83;1,29;2,51
17,148;-0,97;1,34;2,55
17,151;-1,10;1,38;2,60
17,154;-1,22;1,41;2,65
17,156;-1,37;1,41;2,74
17,158;-1,39;1,39;2,80
17,160;-1,42;1,38;2,86
17,163;-1,43;1,33;2,92
17,164;-1,43;1,31;3,01
17,166;-1,42;1,26;3,07
17,167;-1,39;1,24;3,16
17,169;-1,37;1,21;3,26
17,170;-1,34;1,19;3,45
17,172;-1,34;1,19;3,55
17,173;-1,33;1,18;3,65
17,174;-1,34;1,19;3,75
17,176;-1,34;1,21;3,84
17,177;-1,33;1,21;3,92
17,179;-1,33;1,24;4,00
17,225;-1,33;1,28;4,07
17,226;-1,33;1,29;4,20
17,227;-1,33;1,28;4,27
17,229;-1,35;1,28;4,33
17,230;-1,35;1,26;4,40
17,231;-1,34;1,22;4,45
17,232;-1,32;1,15;4,51
17,233;-1,28;1,08;4,56
17,234;-1,17;0,91;4,63
17,236;-1,10;0,84;4,65
17,237;-1,01;0,75;4,67
17,239;-0,91;0,68;4,66
17,319;-0,82;0,61;4,66
17,321;-0,73;0,56;4,67
17,322;-0,64;0,52;4,66
17,324;-0,57;0,47;4,67
17,326;-0,42;0,45;4,69
17,327;-0,36;0,45;4,70
17,328;-0,30;0,46;4,71
17,330;-0,21;0,49;4,74
17,331;-0,15;0,52;4,75
17,332;-0,06;0,54;4,76
17,334;-0,03;0,57;4,76
17,336;0,04;0,60;4,75
17,337;0,16;0,67;4,71
17,338;0,19;0,70;4,71
17,339;0,25;0,74;4,69
17,340;0,28;0,76;4,66
17,341;0,32;0,80;4,64
17,342;0,35;0,84;4,60
17,344;0,39;0,85;4,56
17,345;0,42;0,89;4,53
17,346;0,49;0,93;4,43
17,392;0,53;0,95;4,39
17,394;0,57;0,98;4,32
17,395;0,59;1,00;4,25
17,396;0,60;1,01;4,18
17,397;0,64;1,03;4,09
17,398;0,65;1,06;4,01
17,399;0,67;1,07;3,92
17,400;0,67;1,12;3,73
17,401;0,66;1,13;3,63
17,403;0,66;1,14;3,52
17,404;0,65;1,15;3,42
17,405;0,62;1,16;3,31
17,487;0,61;1,16;3,20
17,489;0,59;1,15;3,09
17,491;0,57;1,14;2,95
17,497;0,50;1,10;2,70
17,499;0,45;1,07;2,56
17,500;0,40;1,04;2,42
17,502;0,33;1,02;2,27
17,503;0,26;1,00;2,11
17,504;0,21;0,98;1,94
17,506;0,15;0,94;1,78
17,507;0,11;0,90;1,61
17,508;0,07;0,79;1,27
17,509;0,07;0,73;1,08
17,511;0,06;0,64;0,92
17,512;0,08;0,58;0,75
17,513;0,10;0,50;0,57
17,514;0,14;0,42;0,41
17,515;0,16;0,36;0,25
17,516;0,19;0,28;0,10
17,517;0,17;0,18;-0,19
17,518;0,15;0,14;-0,35
17,524;0,10;0,09;-0,51
17,525;0,05;0,06;-0,68
17,526;-0,03;0,01;-0,84
17,597;-0,08;-0,06;-1,02
17,599;-0,13;-0,11;-1,19
17,600;-0,17;-0,15;-1,38
17,601;-0,19;-0,25;-1,76
17,602;-0,16;-0,30;-1,94
17,610;-0,12;-0,37;-2,11
17,611;-0,05;-0,43;-2,26
17,612;-0,00;-0,51;-2,41
17,613;0,06;-0,58;-2,54
17,614;0,15;-0,65;-2,65
17,615;0,22;-0,71;-2,73
17,616;0,35;-0,86;-2,87
17,617;0,41;-0,93;-2,92
17,618;0,46;-0,99;-2,95
17,619;0,51;-1,04;-3,00
17,620;0,54;-1,10;-3,02
17,621;0,56;-1,12;-3,05
17,622;0,55;-1,16;-3,08
17,623;0,52;-1,19;-3,13
17,624;0,48;-1,17;-3,14
17,685;0,43;-1,15;-3,17
17,689;0,37;-1,14;-3,20
17,690;0,31;-1,10;-3,24
17,692;0,25;-1,08;-3,31
17,693;0,18;-1,05;-3,38
17,694;0,14;-1,02;-3,46
17,695;0,05;-1,00;-3,67
17,696;0,04;-0,99;-3,78
17,697;0,02;-1,01;-3,90
17,698;0,04;-1,03;-4,04
17,699;0,08;-1,07;-4,15
17,700;0,13;-1,13;-4,27
17,701;0,19;-1,18;-4,37
17,702;0,25;-1,24;-4,47
17,703;0,37;-1,35;-4,58
17,704;0,39;-1,36;-4,62
17,759;0,43;-1,39;-4,65
17,761;0,45;-1,39;-4,65
17,762;0,46;-1,39;-4,65
17,763;0,45;-1,39;-4,63
17,764;0,46;-1,36;-4,59
17,765;0,45;-1,36;-4,55
17,766;0,43;-1,30;-4,43
17,767;0,41;-1,26;-4,36
17,769;0,41;-1,24;-4,31
17,769;0,41;-1,20;-4,24
17,772;0,41;-1,17;-4,18
17,779;0,43;-1,14;-4,12
17,780;0,46;-1,12;-4,07
17,781;0,49;-1,11;-4,02
17,785;0,57;-1,10;-3,89
17,786;0,61;-1,10;-3,84
17,845;0,67;-1,11;-3,78
17,846;0,70;-1,11;-3,72
17,847;0,73;-1,13;-3,68
17,848;0,75;-1,13;-3,61
17,859;0,77;-1,16;-3,56
17,861;0,78;-1,17;-3,51
17,862;0,78;-1,22;-3,39
17,862;0,74;-1,25;-3,32
17,863;0,73;-1,25;-3,25
17,865;0,68;-1,26;-3,17
17,872;0,64;-1,26;-3,08
17,873;0,59;-1,25;-3,00
17,874;0,52;-1,25;-2,88
17,880;0,45;-1,23;-2,78
17,880;0,29;-1,18;-2,52
17,883;0,19;-1,15;-2,36
17,884;0,10;-1,14;-2,19
17,885;-0,01;-1,11;-2,01
17,885;-0,10;-1,10;-1,83
17,886;-0,20;-1,07;-1,65
17,921;-0,28;-1,04;-1,51
17,922;-0,34;-1,01;-1,38
17,923;-0,41;-0,94;-1,23
17,924;-0,44;-0,94;-1,20
17,924;-0,47;-0,92;-1,21
17,925;-0,48;-0,91;-1,22
17,926;-0,50;-0,89;-1,25
17,927;-0,52;-0,85;-1,28
17,932;-0,52;-0,82;-1,34
17,935;-0,54;-0,77;-1,37
18,054;-0,51;-0,70;-1,44
18,058;-0,48;-0,68;-1,46
18,063;-0,43;-0,65;-1,46
18,064;-0,37;-0,62;-1,46
18,066;-0,30;-0,60;-1,48
18,067;-0,22;-0,58;-1,46
18,068;-0,12;-0,55;-1,45
18,069;-0,04;-0,50;-1,43
18,071;0,17;-0,40;-1,38
18,072;0,30;-0,35;-1,34
18,073;0,41;-0,26;-1,30
18,075;0,53;-0,18;-1,26
18,076;0,67;-0,06;-1,24
18,077;0,82;0,05;-1,19
18,078;0,96;0,17;-1,13
18,086;1,30;0,41;-1,00
18,087;1,48;0,52;-0,91
18,088;1,63;0,61;-0,79
18,090;1,77;0,71;-0,66
18,091;1,88;0,82;-0,51
18,092;1,92;0,94;-0,35
18,093;1,96;1,03;-0,17
18,095;1,95;1,13;0,02
18,096;1,87;1,27;0,39
18,097;1,80;1,33;0,56
18,098;1,71;1,36;0,72
18,099;1,60;1,35;0,88
18,100;1,51;1,31;1,03
18,101;1,41;1,25;1,17
18,102;1,29;1,18;1,31
18,103;1,18;1,09;1,47
18,104;0,91;0,93;1,80
18,105;0,76;0,88;1,97
18,106;0,60;0,83;2,13
18,156;0,43;0,81;2,25
18,157;0,26;0,79;2,37
18,159;0,07;0,78;2,46
18,160;-0,13;0,79;2,55
18,162;-0,33;0,79;2,63
18,163;-0,71;0,81;2,83
18,164;-0,89;0,84;2,93
18,165;-1,04;0,85;3,04
18,166;-1,19;0,85;3,12
18,167;-1,32;0,87;3,21
18,168;-1,41;0,85;3,26
18,168;-1,50;0,84;3,33
18,170;-1,57;0,82;3,36
18,237;-1,69;0,76;3,41
18,239;-1,75;0,74;3,41
18,240;-1,78;0,72;3,43
18,242;-1,79;0,68;3,42
18,244;-1,84;0,64;3,43
18,245;-1,86;0,61;3,42
18,246;-1,87;0,56;3,42
18,247;-1,88;0,50;3,42
18,248;-1,86;0,38;3,38
18,249;-1,80;0,31;3,37
18,251;-1,75;0,22;3,34
18,253;-1,68;0,14;3,31
18,255;-1,61;0,09;3,29
18,256;-1,52;0,02;3,27
18,257;-1,43;-0,04;3,25
18,258;-1,33;-0,08;3,25
18,259;-1,14;-0,19;3,27
18,260;-1,02;-0,23;3,27
18,312;-0,92;-0,26;3,29
18,315;-0,81;-0,27;3,31
18,316;-0,68;-0,29;3,34
18,317;-0,56;-0,28;3,39
18,319;-0,44;-0,27;3,41
18,321;-0,34;-0,25;3,44
18,322;-0,10;-0,16;3,52
18,323;0,02;-0,13;3,55
18,325;0,13;-0,07;3,60
18,326;0,25;-0,01;3,64
18,327;0,36;0,06;3,67
18,328;0,48;0,11;3,72
18,329;0,59;0,18;3,75
18,331;0,70;0,23;3,80
18,386;0,86;0,36;3,85
18,388;0,94;0,42;3,87
18,389;1,02;0,49;3,89
18,391;1,10;0,54;3,90
18,392;1,18;0,60;3,90
18,394;1,25;0,66;3,90
18,395;1,31;0,71;3,89
18,396;1,37;0,74;3,88
18,397;1,47;0,81;3,86
18,398;1,50;0,84;3,83
18,400;1,52;0,88;3,81
18,401;1,54;0,91;3,78
18,402;1,53;0,96;3,77
18,403;1,52;0,99;3,72
18,405;1,52;1,03;3,69
18,491;1,50;1,05;3,66
18,492;1,45;1,10;3,59
18,493;1,43;1,12;3,52
18,494;1,39;1,11;3,45
18,495;1,35;1,12;3,41
18,497;1,32;1,10;3,34
18,499;1,27;1,09;3,26
18,500;1,22;1,06;3,20
18,501;1,11;1,01;3,07
18,502;1,06;0,97;2,99
18,503;1,02;0,94;2,89
18,504;0,97;0,91;2,81
18,505;0,89;0,88;2,72
18,506;0,82;0,85;2,61
18,507;0,77;0,82;2,47
18,508;0,70;0,77;2,35
18,509;0,58;0,69;2,06
18,510;0,53;0,66;1,88
18,511;0,47;0,62;1,71
18,512;0,45;0,57;1,53
18,513;0,42;0,53;1,34
18,518;0,40;0,48;1,18
18,567;0,41;0,45;1,00
18,568;0,41;0,40;0,85
18,569;0,44;0,35;0,58
18,570;0,45;0,31;0,48
18,571;0,45;0,29;0,37
18,572;0,45;0,28;0,26
18,576;0,42;0,26;0,18
18,577;0,38;0,24;0,06
18,577;0,32;0,24;-0,06
18,578;0,27;0,21;-0,22
18,579;0,13;0,15;-0,51
18,580;0,06;0,13;-0,65
18,580;-0,02;0,09;-0,82
18,654;-0,10;0,04;-0,95
18,655;-0,15;-0,01;-1,08
18,659;-0,21;-0,08;-1,22
18,660;-0,24;-0,15;-1,35
18,661;-0,27;-0,25;-1,48
18,662;-0,29;-0,46;-1,75
18,663;-0,31;-0,56;-1,88
18,664;-0,28;-0,68;-2,00
18,665;-0,27;-0,79;-2,11
18,666;-0,24;-0,89;-2,21
18,667;-0,21;-0,97;-2,34
18,668;-0,20;-1,04;-2,44
18,669;-0,19;-1,09;-2,54
18,670;-0,14;-1,12;-2,71
18,671;-0,12;-1,12;-2,77
18,672;-0,10;-1,09;-2,83
18,673;-0,08;-1,06;-2,89
18,674;-0,06;-1,01;-2,95
18,675;-0,06;-0,94;-2,99
18,722;-0,05;-0,86;-3,02
18,724;-0,05;-0,78;-3,04
18,725;-0,06;-0,59;-3,09
18,725;-0,08;-0,52;-3,12
18,726;-0,08;-0,44;-3,15
18,727;-0,07;-0,38;-3,19
18,728;-0,07;-0,33;-3,26
18,729;-0,06;-0,29;-3,29
18,730;-0,06;-0,26;-3,37
18,732;-0,04;-0,24;-3,42
18,733;-0,03;-0,26;-3,55
18,735;-0,04;-0,27;-3,61
18,741;-0,05;-0,31;-3,67
18,790;-0,06;-0,36;-3,73
18,791;-0,08;-0,42;-3,79
18,792;-0,13;-0,47;-3,84
18,793;-0,18;-0,53;-3,89
18,794;-0,25;-0,59;-3,94
18,796;-0,38;-0,71;-4,05
18,797;-0,45;-0,79;-4,09
18,798;-0,53;-0,86;-4,13
18,799;-0,59;-0,92;-4,17
18,800;-0,65;-0,99;-4,19
18,801;-0,71;-1,04;-4,21
18,802;-0,76;-1,11;-4,22
18,884;-0,80;-1,14;-4,22
18,885;-0,86;-1,21;-4,20
18,885;-0,86;-1,24;-4,21
18,886;-0,87;-1,26;-4,18
18,887;-0,86;-1,28;-4,17
18,888;-0,85;-1,28;-4,15
18,889;-0,83;-1,30;-4,12
18,890;-0,83;-1,31;-4,09
18,891;-0,79;-1,31;-4,01
18,899;-0,77;-1,29;-3,96
18,901;-0,73;-1,29;-3,92
18,903;-0,71;-1,29;-3,86
18,904;-0,68;-1,29;-3,81
18,905;-0,64;-1,31;-3,75
18,906;-0,60;-1,31;-3,68
18,907;-0,56;-1,30;-3,63
18,908;-0,50;-1,26;-3,50
18,909;-0,46;-1,21;-3,43
18,911;-0,42;-1,17;-3,37
18,912;-0,37;-1,12;-3,32
18,913;-0,34;-1,05;-3,25
18,914;-0,27;-0,98;-3,19
18,916;-0,22;-0,90;-3,12
18,973;-0,19;-0,80;-3,04
18,987;-0,15;-0,62;-2,87
18,987;-0,13;-0,52;-2,78
18,988;-0,12;-0,40;-2,66
18,989;-0,14;-0,30;-2,57
18,990;-0,14;-0,23;-2,46
18,991;-0,15;-0,14;-2,35
18,992;-0,14;-0,09;-2,24
18,994;-0,14;-0,05;-2,12
18,995;-0,15;-0,02;-1,88
18,996;-0,16;-0,03;-1,74
18,997;-0,17;-0,04;-1,63
18,998;-0,21;-0,09;-1,53
18,999;-0,25;-0,13;-1,44
19,000;-0,27;-0,19;-1,37
19,001;-0,33;-0,26;-1,32
19,002;-0,39;-0,33;-1,30
19,063;-0,51;-0,46;-1,31
19,065;-0,57;-0,53;-1,32
19,078;-0,62;-0,59;-1,34
19,079;-0,68;-0,62;-1,36
19,080;-0,72;-0,64;-1,38
19,081;-0,75;-0,68;-1,37
19,082;-0,78;-0,69;-1,37
19,083;-0,78;-0,69;-1,38
19,096;-0,77;-0,66;-1,35
19,097;-0,76;-0,61;-1,32
19,099;-0,75;-0,56;-1,29
19,100;-0,70;-0,46;-1,25
19,103;-0,66;-0,35;-1,21
19,104;-0,61;-0,26;-1,16
19,106;-0,55;-0,15;-1,11
19,107;-0,47;-0,06;-1,08
19,108;-0,30;0,11;-0,94
19,109;-0,22;0,17;-0,84
19,110;-0,14;0,22;-0,75
19,112;-0,06;0,26;-0,63
19,113;0,01;0,31;-0,50
19,114;0,06;0,34;-0,37
19,116;0,10;0,37;-0,23
19,165;0,12;0,36;-0,11
19,167;0,17;0,33;0,14
19,168;0,17;0,30;0,26
19,169;0,16;0,25;0,36
19,170;0,12;0,18;0,47
19,171;0,11;0,13;0,55
19,173;0,06;0,05;0,63
19,174;0,04;-0,04;0,70
19,175;0,03;-0,12;0,77
19,176;0,01;-0,24;0,90
19,177;0,02;-0,30;0,99
19,180;0,03;-0,32;1,08
19,181;0,05;-0,33;1,16
19,262;0,05;-0,34;1,27
19,264;0,08;-0,35;1,37
19,266;0,09;-0,33;1,46
19,267;0,11;-0,31;1,57
19,268;0,15;-0,23;1,74
19,272;0,16;-0,18;1,83
19,273;0,18;-0,14;1,92
19,274;0,17;-0,06;2,00
19,275;0,18;0,02;2,09
19,278;0,19;0,09;2,18
19,282;0,19;0,17;2,28
19,283;0,19;0,36;2,48
19,284;0,20;0,44;2,59
19,292;0,19;0,54;2,69
19,293;0,19;0,63;2,79
19,294;0,19;0,72;2,88
19,295;0,20;0,77;2,98
19,295;0,20;0,85;3,05
19,296;0,21;0,92;3,12
19,297;0,23;1,02;3,22
19,298;0,24;1,06;3,29
19,299;0,27;1,10;3,33
19,300;0,28;1,13;3,38
19,302;0,30;1,14;3,40
19,363;0,31;1,16;3,42
19,364;0,35;1,16;3,47
19,366;0,36;1,14;3,49
19,367;0,41;1,12;3,52
19,368;0,45;1,10;3,52
19,369;0,46;1,09;3,54
19,370;0,49;1,07;3,56
19,371;0,50;1,05;3,57
19,372;0,51;1,02;3,58
19,373;0,51;0,99;3,58
19,374;0,51;0,97;3,60
19,375;0,49;0,90;3,62
19,376;0,47;0,87;3,64
19,379;0,47;0,83;3,64
19,380;0,48;0,78;3,64
19,381;0,50;0,73;3,62
19,436;0,51;0,68;3,60
19,438;0,53;0,64;3,58
19,439;0,56;0,60;3,56
19,442;0,62;0,53;3,53
19,444;0,65;0,50;3,50
19,446;0,69;0,46;3,49
19,447;0,73;0,44;3,47
19,448;0,75;0,43;3,46
19,448;0,78;0,43;3,44
19,449;0,80;0,43;3,43
19,450;0,83;0,43;3,42
19,451;0,89;0,47;3,40
19,452;0,92;0,50;3,40
19,453;0,93;0,55;3,39
19,513;0,96;0,58;3,38
19,514;0,98;0,61;3,37
19,515;0,99;0,66;3,36
19,518;1,01;0,69;3,35
19,519;1,01;0,76;3,35
19,520;1,05;0,87;3,32
19,521;1,04;0,94;3,30
19,522;1,04;0,97;3,27
19,523;1,05;1,03;3,26
19,524;1,05;1,09;3,22
19,525;1,05;1,14;3,19
19,526;1,03;1,18;3,15
19,534;1,01;1,23;3,11
19,534;0,94;1,30;3,00
19,535;0,90;1,33;2,94
19,536;0,83;1,34;2,88
19,537;0,79;1,36;2,81
19,586;0,75;1,35;2,74
19,587;0,69;1,32;2,65
19,588;0,64;1,28;2,58
19,589;0,58;1,24;2,49
19,591;0,47;1,14;2,32
19,592;0,43;1,07;2,24
19,595;0,36;1,02;2,17
19,596;0,31;0,95;2,08
19,597;0,27;0,91;2,02
19,598;0,21;0,85;1,95
19,599;0,19;0,80;1,86
19,599;0,13;0,76;1,77
19,647;0,03;0,69;1,62
19,648;-0,01;0,67;1,53
19,649;-0,07;0,65;1,45
19,649;-0,12;0,61;1,35
19,650;-0,16;0,59;1,26
19,651;-0,20;0,56;1,15
19,652;-0,22;0,51;1,05
19,653;-0,25;0,44;0,82
19,654;-0,26;0,40;0,70
19,655;-0,26;0,34;0,59
19,655;-0,25;0,31;0,47
19,657;-0,24;0,25;0,34
19,728;-0,22;0,20;0,21
19,730;-0,21;0,14;0,11
19,735;-0,22;0,10;-0,02
19,737;-0,23;-0,01;-0,26
19,739;-0,25;-0,04;-0,41
19,740;-0,28;-0,09;-0,52
19,742;-0,30;-0,13;-0,65
19,744;-0,35;-0,17;-0,78
19,745;-0,40;-0,19;-0,92
19,746;-0,45;-0,25;-1,06
19,747;-0,49;-0,27;-1,20
19,748;-0,55;-0,38;-1,46
19,749;-0,56;-0,43;-1,60
19,750;-0,56;-0,52;-1,73
19,752;-0,54;-0,58;-1,85
19,753;-0,51;-0,66;-1,98
19,754;-0,48;-0,74;-2,05
19,755;-0,42;-0,83;-2,15
19,756;-0,38;-0,90;-2,21
19,757;-0,26;-1,01;-2,32
19,825;-0,21;-1,07;-2,36
19,826;-0,16;-1,09;-2,39
19,827;-0,11;-1,12;-2,43
19,829;-0,08;-1,13;-2,45
19,831;-0,04;-1,13;-2,49
19,833;-0,02;-1,13;-2,51
19,834;-0,00;-1,12;-2,52
19,836;0,01;-1,08;-2,59
19,837;0,01;-1,05;-2,61
19,838;0,01;-1,01;-2,64
19,839;-0,01;-0,97;-2,68
19,840;-0,02;-0,93;-2,72
19,842;-0,04;-0,91;-2,77
19,843;-0,07;-0,88;-2,83
19,844;-0,07;-0,85;-2,88
19,845;-0,08;-0,84;-3,04
19,846;-0,08;-0,84;-3,15
19,847;-0,06;-0,85;-3,25
19,933;-0,04;-0,89;-3,36
19,937;-0,03;-0,92;-3,45
19,938;-0,03;-0,96;-3,55
19,940;-0,04;-1,00;-3,62
19,941;-0,03;-1,04;-3,67
19,942;-0,10;-1,05;-3,75
19,943;-0,12;-1,09;-3,77
19,945;-0,17;-1,11;-3,77
19,946;-0,18;-1,14;-3,78
19,947;-0,21;-1,16;-3,77
19,948;-0,24;-1,19;-3,77
19,949;-0,27;-1,21;-3,74
19,950;-0,29;-1,27;-3,73
19,952;-0,36;-1,33;-3,69
19,953;-0,38;-1,38;-3,67
19,954;-0,41;-1,44;-3,66
19,955;-0,43;-1,50;-3,63
19,956;-0,46;-1,58;-3,61
19,957;-0,46;-1,65;-3,59
19,958;-0,50;-1,73;-3,56
19,959;-0,51;-1,81;-3,53
19,961;-0,56;-1,96;-3,47
19,962;-0,57;-2,01;-3,42
20,031;-0,60;-2,07;-3,40
20,033;-0,60;-2,10;-3,39
20,034;-0,60;-2,15;-3,35
20,035;-0,61;-2,18;-3,34
20,036;-0,63;-2,19;-3,33
20,038;-0,63;-2,21;-3,32
20,039;-0,66;-2,16;-3,27
20,040;-0,67;-2,11;-3,25
20,041;-0,70;-2,07;-3,23
20,042;-0,70;-2,00;-3,20
20,050;-0,69;-1,92;-3,15
20,051;-0,71;-1,82;-3,11
20,052;-0,72;-1,73;-3,06
20,053;-0,72;-1,54;-2,93
20,055;-0,74;-1,46;-2,87
20,056;-0,76;-1,35;-2,80
20,057;-0,77;-1,27;-2,73
20,058;-0,79;-1,18;-2,66
20,059;-0,78;-1,08;-2,60
20,106;-0,79;-1,01;-2,55
20,107;-0,76;-0,94;-2,49
20,108;-0,72;-0,81;-2,41
20,110;-0,71;-0,77;-2,36
20,113;-0,67;-0,72;-2,33
20,115;-0,65;-0,69;-2,30
20,116;-0,65;-0,65;-2,27
20,117;-0,63;-0,60;-2,25
20,118;-0,64;-0,55;-2,21
20,119;-0,63;-0,50;-2,19
20,120;-0,61;-0,41;-2,13
20,121;-0,59;-0,37;-2,10
20,122;-0,61;-0,32;-2,08
20,187;-0,60;-0,28;-2,04
20,190;-0,62;-0,25;-2,02
20,192;-0,63;-0,20;-1,99
20,194;-0,66;-0,16;-1,97
20,197;-0,66;-0,13;-1,97
20,198;-0,65;-0,10;-1,97
20,199;-0,63;-0,11;-1,96
20,200;-0,59;-0,13;-1,98
20,202;-0,55;-0,13;-2,00
20,204;-0,51;-0,14;-2,02
20,205;-0,43;-0,10;-2,02
20,206;-0,38;-0,03;-2,01
20,207;-0,28;0,02;-1,98
20,209;-0,13;0,17;-1,85
20,210;-0,04;0,24;-1,72
20,212;0,07;0,31;-1,60
20,213;0,20;0,38;-1,44
20,214;0,35;0,43;-1,27
20,300;0,48;0,45;-1,09
20,302;0,64;0,47;-0,88
20,304;0,78;0,49;-0,65
20,305;0,94;0,56;-0,17
20,307;0,99;0,58;0,08
20,308;0,99;0,61;0,30
20,309;0,97;0,64;0,49
20,310;0,94;0,64;0,63
20,313;0,87;0,64;0,76
20,314;0,81;0,63;0,85
20,315;0,72;0,61;0,92
20,317;0,53;0,52;1,01
20,318;0,42;0,44;1,05
20,319;0,32;0,37;1,08
20,320;0,21;0,30;1,13
20,321;0,14;0,21;1,21
20,322;0,04;0,17;1,31
20,323;-0,03;0,12;1,44
20,324;-0,11;0,08;1,57
20,325;-0,27;0,03;1,87
20,326;-0,34;-0,01;2,05
20,327;-0,42;-0,06;2,21
20,328;-0,51;-0,06;2,33
20,413;-0,61;-0,07;2,46
20,418;-0,70;-0,04;2,55
20,419;-0,79;-0,02;2,65
20,420;-0,86;0,00;2,72
20,422;-0,96;0,09;2,85
20,423;-0,99;0,12;2,90
20,424;-0,98;0,16;2,94
20,425;-0,96;0,20;2,98
20,427;-0,91;0,21;2,99
20,428;-0,83;0,25;3,01
20,429;-0,74;0,28;3,05
20,430;-0,66;0,29;3,06
20,431;-0,43;0,35;3,10
20,433;-0,32;0,39;3,12
20,434;-0,23;0,42;3,14
20,435;-0,14;0,46;3,15
20,436;-0,06;0,51;3,19
20,437;0,09;0,61;3,25
20,438;0,20;0,74;3,30
20,439;0,27;0,78;3,34
20,440;0,31;0,83;3,35
20,442;0,36;0,88;3,38
20,517;0,39;0,91;3,41
20,520;0,42;0,94;3,43
20,523;0,47;0,97;3,44
20,525;0,52;1,00;3,45
20,526;0,66;0,99;3,48
20,528;0,74;0,96;3,48
20,529;0,82;0,93;3,50
20,532;0,88;0,89;3,51
20,533;0,94;0,82;3,54
20,534;0,99;0,73;3,55
20,535;1,03;0,63;3,58
20,537;1,06;0,54;3,60
20,538;1,10;0,38;3,66
20,539;1,12;0,31;3,67
20,539;1,12;0,24;3,69
20,545;1,12;0,19;3,71
20,547;1,10;0,16;3,73
20,548;1,08;0,14;3,74
20,548;1,06;0,14;3,76
20,549;1,00;0,14;3,78
20,551;0,91;0,21;3,83
20,552;0,87;0,25;3,86
20,614;0,83;0,30;3,90
20,615;0,79;0,36;3,93
20,616;0,76;0,40;3,97
20,619;0,74;0,46;4,00
20,620;0,71;0,50;4,01
20,622;0,70;0,53;4,04
20,623;0,67;0,60;4,05
20,623;0,66;0,62;4,05
20,624;0,65;0,64;4,03
20,625;0,65;0,65;4,00
20,626;0,64;0,66;3,99
20,627;0,64;0,67;3,95
20,628;0,64;0,69;3,91
20,629;0,63;0,69;3,85
20,630;0,61;0,70;3,73
20,683;0,61;0,70;3,66
20,685;0,58;0,70;3,59
20,686;0,57;0,69;3,51
20,688;0,53;0,69;3,43
20,689;0,51;0,71;3,35
20,690;0,46;0,73;3,28
20,691;0,44;0,73;3,19
20,692;0,35;0,75;3,04
20,693;0,30;0,74;2,95
20,694;0,26;0,75;2,86
20,695;0,19;0,75;2,79
20,700;0,13;0,76;2,70
20,701;0,07;0,76;2,64
20,702;0,02;0,75;2,55
20,703;-0,04;0,78;2,45
20,752;-0,15;0,76;2,24
20,753;-0,20;0,77;2,13
20,754;-0,25;0,77;2,02
20,755;-0,29;0,77;1,90
20,756;-0,35;0,77;1,78
20,757;-0,39;0,74;1,65
20,758;-0,42;0,72;1,51
20,758;-0,45;0,68;1,36
20,759;-0,47;0,60;1,08
20,760;-0,47;0,55;0,94
20,761;-0,45;0,51;0,80
20,762;-0,46;0,45;0,66
20,832;-0,47;0,40;0,52
20,833;-0,51;0,36;0,39
20,833;-0,54;0,33;0,25
20,834;-0,58;0,31;0,12
20,835;-0,72;0,25;-0,21
20,835;-0,80;0,22;-0,38
20,836;-0,89;0,20;-0,58
20,837;-0,96;0,17;-0,80
20,838;-1,02;0,12;-1,05
20,839;-1,07;0,10;-1,29
20,839;-1,11;0,05;-1,56
20,840;-1,10;-0,06;-2,05
20,841;-1,05;-0,12;-2,27
20,841;-1,00;-0,19;-2,47
20,842;-0,94;-0,24;-2,65
20,843;-0,86;-0,31;-2,79
20,929;-0,77;-0,38;-2,92
20,933;-0,66;-0,44;-3,02
20,934;-0,59;-0,52;-3,13
20,935;-0,44;-0,68;-3,23
20,937;-0,40;-0,75;-3,26
20,938;-0,36;-0,81;-3,27
20,939;-0,37;-0,86;-3,29
20,941;-0,39;-0,92;-3,31
20,942;-0,43;-0,99;-3,34
20,943;-0,50;-1,03;-3,38
20,945;-0,58;-1,07;-3,45
20,946;-0,70;-1,17;-3,61
20,947;-0,76;-1,21;-3,70
20,948;-0,80;-1,24;-3,80
20,950;-0,79;-1,26;-3,89
20,954;-0,77;-1,26;-3,98
20,955;-0,73;-1,26;-4,06
20,957;-0,66;-1,24;-4,12
20,958;-0,58;-1,21;-4,18
20,959;-0,39;-1,12;-4,22
20,960;-0,26;-1,07;-4,25
20,961;-0,19;-1,00;-4,24
20,962;-0,08;-0,93;-4,22
20,963;0,01;-0,85;-4,18
21,015;0,11;-0,78;-4,15
21,023;0,18;-0,71;-4,11
21,026;0,25;-0,64;-4,07
21,029;0,36;-0,51;-3,97
21,032;0,38;-0,44;-3,92
21,034;0,41;-0,39;-3,88
21,036;0,43;-0,34;-3,83
21,037;0,45;-0,30;-3,79
21,039;0,48;-0,28;-3,74
21,041;0,48;-0,25;-3,70
21,043;0,52;-0,26;-3,64
21,052;0,58;-0,27;-3,55
21,054;0,61;-0,30;-3,50
21,055;0,63;-0,31;-3,45
21,057;0,67;-0,33;-3,41
21,058;0,68;-0,36;-3,37
21,063;0,74;-0,40;-3,31
21,065;0,77;-0,43;-3,28
21,066;0,80;-0,47;-3,24
21,067;0,86;-0,51;-3,16
21,068;0,87;-0,52;-3,10
21,118;0,89;-0,54;-3,06
21,119;0,89;-0,53;-3,01
21,120;0,88;-0,53;-2,95
21,122;0,85;-0,51;-2,90
21,124;0,82;-0,49;-2,86
21,125;0,77;-0,45;-2,81
21,126;0,64;-0,41;-2,73
21,128;0,54;-0,38;-2,68
21,129;0,45;-0,36;-2,65
21,130;0,37;-0,35;-2,61
21,131;0,26;-0,32;-2,59
21,132;0,17;-0,31;-2,56
21,133;0,10;-0,31;-2,53
21,193;0,02;-0,32;-2,50
21,195;-0,09;-0,34;-2,45
21,196;-0,13;-0,35;-2,43
21,197;-0,17;-0,39;-2,41
21,198;-0,20;-0,41;-2,39
21,200;-0,22;-0,43;-2,37
21,201;-0,25;-0,45;-2,35
21,202;-0,29;-0,47;-2,34
21,203;-0,33;-0,48;-2,31
21,204;-0,45;-0,51;-2,28
21,205;-0,47;-0,52;-2,26
21,206;-0,54;-0,51;-2,24
21,208;-0,60;-0,53;-2,21
21,209;-0,66;-0,53;-2,20
21,210;-0,70;-0,52;-2,18
21,265;-0,74;-0,52;-2,16
21,268;-0,77;-0,54;-2,15
21,270;-0,76;-0,53;-2,13
21,271;-0,74;-0,54;-2,14
21,273;-0,70;-0,52;-2,13
21,274;-0,64;-0,50;-2,13
21,275;-0,57;-0,47;-2,09
21,276;-0,50;-0,42;-2,06
21,278;-0,42;-0,33;-2,03
21,279;-0,27;-0,16;-1,92
21,280;-0,21;-0,05;-1,83
21,281;-0,14;0,06;-1,75
21,282;-0,08;0,17;-1,65
21,283;-0,03;0,28;-1,55
21,284;0,03;0,38;-1,42
21,374;0,07;0,49;-1,31
21,380;0,10;0,60;-1,18
21,386;0,18;0,86;-0,95
21,391;0,22;0,95;-0,80
21,395;0,27;1,00;-0,61
21,399;0,31;1,04;-0,40
21,402;0,35;1,05;-0,20
21,403;0,41;1,05;0,04
21,404;0,50;1,02;0,27
21,406;0,61;0,95;0,50
21,407;0,83;0,73;0,92
21,408;0,92;0,61;1,13
21,409;1,00;0,48;1,33
21,411;1,03;0,40;1,52
21,413;1,02;0,35;1,70
21,414;0,97;0,33;1,86
21,415;0,89;0,31;2,03
21,417;0,77;0,31;2,20
21,419;0,47;0,32;2,47
21,420;0,31;0,37;2,57
21,421;0,11;0,44;2,66
21,423;-0,07;0,52;2,72
21,424;-0,25;0,58;2,78
21,425;-0,42;0,65;2,83
21,426;-0,54;0,70;2,89
21,427;-0,66;0,75;2,95
21,428;-0,78;0,81;3,07
21,429;-0,81;0,83;3,12
21,430;-0,80;0,83;3,16
21,482;-0,79;0,83;3,19
21,484;-0,77;0,83;3,23
21,485;-0,74;0,82;3,27
21,486;-0,69;0,80;3,30
21,487;-0,66;0,80;3,34
21,489;-0,58;0,79;3,39
21,490;-0,54;0,80;3,44
21,491;-0,50;0,80;3,50
21,492;-0,45;0,81;3,55
21,493;-0,39;0,83;3,59
21,494;-0,33;0,84;3,64
21,495;-0,28;0,86;3,67
21,496;-0,21;0,89;3,73
21,498;-0,15;0,93;3,79
21,593;-0,12;0,97;3,82
21,594;-0,11;0,98;3,86
21,595;-0,09;0,98;3,90
21,596;-0,06;0,98;3,93
21,613;-0,05;0,95;3,95
21,614;0,01;0,92;3,97
21,615;0,05;0,88;3,99
21,616;0,19;0,79;4,01
21,617;0,28;0,74;4,02
21,618;0,35;0,71;4,01
21,619;0,44;0,67;4,03
21,620;0,50;0,64;4,03
21,621;0,57;0,61;4,04
21,622;0,64;0,59;4,06
21,623;0,70;0,60;4,08
21,624;0,82;0,60;4,11
21,625;0,88;0,61;4,14
21,626;0,93;0,62;4,15
21,627;0,97;0,62;4,17
21,628;0,98;0,66;4,18
21,634;1,00;0,68;4,18
21,635;1,00;0,72;4,18
21,636;1,02;0,79;4,19
21,637;1,03;0,84;4,18
21,638;1,03;0,85;4,18
21,639;1,01;0,89;4,16
21,640;1,02;0,89;4,15
21,641;1,00;0,92;4,13
21,684;0,98;0,92;4,12
21,685;0,97;0,94;4,10
21,685;0,93;0,93;4,06
21,691;0,90;0,94;4,04
21,693;0,88;0,93;4,01
21,694;0,84;0,91;3,99
21,695;0,81;0,92;3,94
21,696;0,76;0,92;3,88
21,697;0,71;0,91;3,82
21,698;0,67;0,90;3,75
21,699;0,56;0,89;3,60
21,700;0,50;0,85;3,51
21,752;0,45;0,84;3,41
21,753;0,39;0,82;3,33
21,754;0,33;0,79;3,24
21,756;0,27;0,77;3,15
21,756;0,21;0,75;3,05
21,757;0,17;0,72;2,95
21,758;0,08;0,67;2,76
21,759;0,04;0,65;2,65
21,760;0,01;0,63;2,53
21,760;-0,03;0,60;2,43
21,761;-0,05;0,59;2,32
21,762;-0,10;0,57;2,20
21,763;-0,13;0,56;2,08
21,816;-0,16;0,53;1,96
21,817;-0,23;0,51;1,71
21,818;-0,27;0,51;1,56
21,819;-0,28;0,48;1,42
21,820;-0,32;0,44;1,30
21,821;-0,34;0,41;1,17
21,822;-0,35;0,37;1,04
21,822;-0,37;0,33;0,91
21,823;-0,37;0,28;0,78
21,824;-0,35;0,14;0,55
21,825;-0,35;0,09;0,44
21,825;-0,36;0,04;0,31
21,876;-0,37;-0,01;0,17
21,877;-0,40;-0,06;0,05
21,878;-0,43;-0,11;-0,09
21,879;-0,50;-0,14;-0,25
21,880;-0,55;-0,18;-0,41
21,880;-0,65;-0,21;-0,73
21,882;-0,70;-0,24;-0,92
21,883;-0,74;-0,25;-1,12
21,884;-0,76;-0,27;-1,31
21,885;-0,77;-0,29;-1,51
21,885;-0,75;-0,32;-1,71
21,886;-0,71;-0,36;-1,90
21,946;-0,65;-0,40;-2,06
21,947;-0,51;-0,49;-2,32
21,948;-0,42;-0,53;-2,41
21,949;-0,32;-0,56;-2,48
21,950;-0,22;-0,58;-2,53
21,951;-0,14;-0,61;-2,57
21,952;-0,07;-0,62;-2,60
21,953;0,01;-0,62;-2,62
21,954;0,07;-0,62;-2,62
21,954;0,14;-0,59;-2,64
21,955;0,13;-0,54;-2,65
21,956;0,10;-0,49;-2,70
21,957;0,07;-0,43;-2,74
21,957;0,02;-0,37;-2,82
21,958;-0,03;-0,30;-2,89
22,016;-0,06;-0,26;-2,98
22,017;-0,11;-0,20;-3,10
22,018;-0,17;-0,14;-3,32
22,019;-0,18;-0,14;-3,42
22,020;-0,17;-0,14;-3,53
22,020;-0,15;-0,15;-3,64
22,021;-0,12;-0,17;-3,75
22,022;-0,11;-0,19;-3,83
22,023;-0,07;-0,22;-3,91
22,024;-0,06;-0,27;-4,04
22,024;-0,04;-0,28;-4,08
22,025;-0,06;-0,31;-4,13
22,035;-0,05;-0,32;-4,17
22,036;-0,07;-0,36;-4,21
22,036;-0,09;-0,38;-4,22
22,090;-0,09;-0,39;-4,24
22,090;-0,10;-0,42;-4,24
22,091;-0,10;-0,46;-4,21
22,092;-0,11;-0,47;-4,17
22,093;-0,10;-0,48;-4,14
22,094;-0,10;-0,47;-4,11
22,095;-0,09;-0,46;-4,04
22,096;-0,07;-0,45;-4,00
22,097;-0,05;-0,44;-3,94
22,098;-0,03;-0,42;-3,89
22,099;-0,01;-0,39;-3,77
22,099;-0,01;-0,37;-3,70
22,100;0,01;-0,35;-3,64
22,214;0,03;-0,32;-3,58
22,219;0,05;-0,30;-3,53
22,222;0,07;-0,28;-3,48
22,224;0,09;-0,25;-3,43
22,226;0,10;-0,23;-3,38
22,228;0,12;-0,17;-3,29
22,230;0,15;-0,13;-3,27
22,233;0,14;-0,08;-3,20
22,235;0,14;-0,03;-3,15
22,237;0,16;0,02;-3,11
22,239;0,17;0,07;-3,06
22,241;0,19;0,12;-3,03
22,243;0,22;0,17;-2,98
22,244;0,25;0,22;-2,88
22,245;0,28;0,25;-2,83
22,246;0,32;0,23;-2,78
22,248;0,35;0,22;-2,73
22,249;0,40;0,23;-2,68
22,250;0,42;0,21;-2,63
22,251;0,45;0,20;-2,60
22,253;0,45;0,19;-2,55
22,254;0,46;0,16;-2,48
22,255;0,47;0,16;-2,46
22,257;0,44;0,14;-2,42
22,258;0,42;0,10;-2,40
22,262;0,42;0,08;-2,39
22,264;0,39;0,07;-2,36
22,266;0,37;0,03;-2,35
22,267;0,35;-0,01;-2,34
22,268;0,32;-0,09;-2,32
22,270;0,29;-0,14;-2,31
22,271;0,25;-0,17;-2,29
22,272;0,22;-0,20;-2,28
22,273;0,20;-0,24;-2,27
22,275;0,18;-0,26;-2,25
22,331;0,16;-0,28;-2,24
22,333;0,17;-0,29;-2,21
22,338;0,25;-0,29;-2,20
22,340;0,32;-0,30;-2,18
22,341;0,42;-0,29;-2,15
22,342;0,51;-0,27;-2,12
22,343;0,62;-0,21;-2,06
22,344;0,76;-0,15;-1,98
22,345;0,87;-0,09;-1,89
22,346;1,00;0,01;-1,78
22,347;1,27;0,21;-1,51
22,349;1,41;0,31;-1,37
22,350;1,53;0,41;-1,20
22,351;1,66;0,50;-1,04
22,352;1,77;0,59;-0,84
22,354;1,86;0,66;-0,65
22,428;1,91;0,74;-0,44
22,430;1,93;0,82;-0,23
22,431;1,90;0,96;0,15
22,432;1,83;1,00;0,31
22,433;1,78;1,02;0,45
22,434;1,68;1,02;0,57
22,435;1,56;1,02;0,67
22,436;1,44;1,00;0,74
22,437;1,31;0,96;0,81
22,438;1,04;0,83;0,92
22,439;0,91;0,73;0,96
22,441;0,79;0,64;1,01
22,442;0,67;0,54;1,08
22,443;0,56;0,46;1,16
22,444;0,45;0,39;1,24
22,445;0,35;0,32;1,33
22,446;0,25;0,30;1,42
22,447;0,07;0,23;1,63
22,512;-0,03;0,20;1,73
22,515;-0,14;0,21;1,84
22,516;-0,22;0,21;1,95
22,518;-0,31;0,22;2,05
22,519;-0,39;0,23;2,13
22,521;-0,46;0,25;2,21
22,524;-0,54;0,29;2,29
22,525;-0,68;0,39;2,38
22,526;-0,74;0,43;2,42
22,527;-0,82;0,52;2,46
22,529;-0,88;0,58;2,51
22,530;-0,94;0,64;2,57
22,531;-1,00;0,70;2,63
22,533;-1,05;0,76;2,69
22,534;-1,06;0,80;2,75
22,539;-1,10;0,89;2,88
22,542;-1,11;0,94;2,94
22,543;-1,10;0,97;3,00
22,545;-1,10;1,00;3,07
22,546;-1,10;1,03;3,12
22,605;-1,09;1,05;3,20
22,607;-1,08;1,07;3,24
22,607;-1,07;1,09;3,32
22,608;-1,05;1,10;3,40
22,610;-1,06;1,07;3,47
22,611;-1,10;1,05;3,52
22,612;-1,11;1,00;3,59
22,622;-1,13;0,96;3,64
22,623;-1,14;0,87;3,69
22,624;-1,13;0,79;3,72
22,625;-1,09;0,68;3,73
22,626;-0,99;0,48;3,75
22,627;-0,93;0,37;3,75
22,628;-0,86;0,29;3,76
22,629;-0,77;0,21;3,75
22,630;-0,68;0,14;3,73
22,634;-0,61;0,08;3,75
22,635;-0,52;0,04;3,73
22,715;-0,43;0,01;3,73
22,717;-0,24;-0,01;3,73
22,719;-0,13;-0,02;3,73
22,720;-0,03;-0,00;3,75
22,721;0,07;0,01;3,78
22,723;0,18;0,03;3,78
22,724;0,29;0,06;3,80
22,725;0,40;0,13;3,82
22,726;0,50;0,17;3,82
22,727;0,70;0,28;3,80
22,728;0,77;0,30;3,77
22,729;0,82;0,34;3,74
22,730;0,86;0,37;3,73
22,731;0,90;0,42;3,70
22,732;0,92;0,48;3,69
22,733;0,94;0,53;3,68
22,734;0,96;0,59;3,65
22,736;0,99;0,68;3,62
22,737;1,02;0,73;3,57
22,737;1,04;0,77;3,54
22,739;1,05;0,82;3,51
22,791;1,04;0,84;3,47
22,793;1,05;0,86;3,41
22,795;1,03;0,89;3,36
22,796;1,04;0,93;3,31
22,797;1,03;0,98;3,16
22,799;1,03;0,99;3,08
22,800;1,01;1,00;3,00
22,801;0,99;1,02;2,89
22,802;0,99;1,03;2,79
22,804;0,95;1,04;2,70
22,806;0,93;1,05;2,61
22,808;0,89;1,04;2,50
22,809;0,81;1,06;2,30
22,810;0,76;1,07;2,21
22,888;0,73;1,07;2,10
22,893;0,68;1,06;1,99
22,897;0,63;1,05;1,90
22,898;0,58;1,07;1,79
22,899;0,53;1,06;1,69
22,901;0,45;1,04;1,49
22,902;0,43;1,02;1,38
22,903;0,41;1,00;1,27
22,904;0,40;0,98;1,17
22,905;0,39;0,96;1,08
22,907;0,37;0,91;0,97
22,908;0,35;0,90;0,89
22,909;0,34;0,88;0,80
22,910;0,30;0,82;0,63
22,911;0,28;0,78;0,54
22,912;0,25;0,74;0,46
22,913;0,22;0,69;0,37
22,914;0,21;0,63;0,28
22,915;0,18;0,57;0,20
22,916;0,16;0,49;0,14
22,917;0,13;0,41;0,04
22,919;0,12;0,26;-0,11
22,987;0,08;0,19;-0,19
22,991;0,06;0,12;-0,30
22,994;0,01;0,07;-0,41
22,995;-0,03;0,03;-0,53
23,003;-0,09;-0,01;-0,66
23,004;-0,14;-0,06;-0,79
23,005;-0,20;-0,11;-0,93
23,007;-0,27;-0,24;-1,25
23,008;-0,30;-0,30;-1,39
23,009;-0,31;-0,39;-1,58
23,010;-0,29;-0,46;-1,73
23,015;-0,28;-0,57;-1,89
23,016;-0,25;-0,67;-2,02
23,017;-0,20;-0,78;-2,14
23,018;-0,15;-0,87;-2,23
23,019;-0,05;-1,04;-2,36
23,020;-0,00;-1,10;-2,40
23,022;0,06;-1,15;-2,42
23,023;0,11;-1,17;-2,44
23,024;0,15;-1,20;-2,45
23,043;0,18;-1,19;-2,45
23,045;0,21;-1,16;-2,46
23,046;0,21;-1,12;-2,46
23,047;0,21;-1,03;-2,52
23,048;0,19;-0,97;-2,55
23,050;0,18;-0,91;-2,62
23,100;0,15;-0,84;-2,69
23,102;0,14;-0,77;-2,76
23,105;0,13;-0,70;-2,85
23,106;0,12;-0,64;-2,95
23,107;0,12;-0,60;-3,04
23,108;0,20;-0,52;-3,19
23,109;0,27;-0,51;-3,24
23,110;0,35;-0,48;-3,29
23,112;0,45;-0,47;-3,33
23,112;0,56;-0,48;-3,37
23,113;0,68;-0,48;-3,37
23,114;0,79;-0,48;-3,37
23,115;0,88;-0,46;-3,34
23,182;1,06;-0,40;-3,27
23,183;1,15;-0,33;-3,22
23,184;1,20;-0,26;-3,17
23,186;1,27;-0,21;-3,11
23,187;1,34;-0,14;-3,03
23,191;1,42;-0,09;-2,96
23,192;1,49;-0,04;-2,88
23,193;1,58;0,02;-2,80
23,193;1,74;0,10;-2,69
23,195;1,79;0,10;-2,63
23,195;1,84;0,11;-2,58
23,196;1,88;0,09;-2,56
23,197;1,89;0,06;-2,53
23,198;1,89;0,02;-2,52
23,199;1,86;-0,04;-2,52
23,200;1,82;-0,11;-2,54
23,200;1,72;-0,30;-2,56
23,261;1,67;-0,41;-2,58
23,262;1,60;-0,52;-2,61
23,263;1,52;-0,63;-2,64
23,265;1,42;-0,74;-2,65
23,265;1,34;-0,84;-2,69
23,266;1,24;-0,95;-2,72
23,267;1,03;-1,15;-2,80
23,268;0,93;-1,25;-2,83
23,269;0,83;-1,35;-2,87
23,270;0,71;-1,40;-2,90
23,270;0,61;-1,48;-2,91
23,272;0,50;-1,51;-2,92
23,273;0,38;-1,56;-2,94
23,274;0,30;-1,58;-2,96
23,275;0,10;-1,61;-2,98
23,358;0,02;-1,61;-2,98
23,359;-0,05;-1,61;-2,98
23,361;-0,12;-1,60;-3,00
23,364;-0,17;-1,58;-2,99
23,365;-0,20;-1,57;-2,99
23,366;-0,26;-1,57;-2,97
23,367;-0,29;-1,57;-2,95
23,368;-0,33;-1,59;-2,90
23,369;-0,33;-1,58;-2,87
23,370;-0,32;-1,57;-2,83
23,372;-0,32;-1,56;-2,79
23,373;-0,31;-1,54;-2,74
23,374;-0,31;-1,52;-2,70
23,375;-0,30;-1,51;-2,66
23,376;-0,29;-1,50;-2,61
23,377;-0,26;-1,47;-2,54
23,378;-0,24;-1,44;-2,50
23,379;-0,22;-1,41;-2,46
23,380;-0,20;-1,40;-2,45
23,381;-0,18;-1,37;-2,40
23,382;-0,15;-1,36;-2,36
23,437;-0,12;-1,37;-2,30
23,440;-0,09;-1,36;-2,21
23,441;-0,05;-1,36;-2,01
23,442;-0,02;-1,34;-1,91
23,444;0,04;-1,30;-1,83
23,445;0,12;-1,26;-1,75
23,446;0,21;-1,23;-1,68
23,447;0,34;-1,25;-1,58
23,448;0,47;-1,31;-1,45
23,449;0,61;-1,39;-1,30
23,450;0,89;-1,52;-0,89
23,451;0,96;-1,60;-0,64
23,451;1,01;-1,68;-0,39
23,452;0,99;-1,79;-0,12
23,516;0,92;-1,86;0,12
23,518;0,80;-1,90;0,37
23,519;0,61;-1,88;0,58
23,520;0,35;-1,81;0,80
23,522;-0,24;-1,61;1,09
23,523;-0,57;-1,50;1,19
23,524;-0,87;-1,40;1,25
23,526;-1,13;-1,33;1,28
23,527;-1,36;-1,28;1,27
23,528;-1,54;-1,23;1,24
23,529;-1,67;-1,19;1,20
23,530;-1,74;-1,16;1,15
23,531;-1,79;-1,10;1,11
23,532;-1,74;-1,10;1,14
23,544;-1,66;-1,09;1,19
23,546;-1,58;-1,07;1,29
23,547;-1,48;-1,02;1,39
23,548;-1,40;-0,96;1,54
23,548;-1,30;-0,86;1,70
23,553;-1,23;-0,76;1,86
23,645;-1,08;-0,49;2,17
23,656;-1,02;-0,33;2,32
23,657;-0,96;-0,19;2,45
23,658;-0,91;-0,03;2,57
23,660;-0,84;0,12;2,69
23,661;-0,78;0,28;2,79
23,663;-0,72;0,44;2,90
23,668;-0,64;0,58;2,98
23,669;-0,46;0,84;3,13
23,670;-0,34;0,95;3,20
23,672;-0,24;1,04;3,26
23,673;-0,12;1,10;3,29
23,674;0,00;1,16;3,34
23,675;0,14;1,20;3,36
23,676;0,29;1,22;3,40
23,677;0,53;1,28;3,44
23,678;0,65;1,29;3,46
23,680;0,78;1,31;3,47
23,681;0,88;1,31;3,46
23,685;0,98;1,33;3,47
23,687;1,07;1,34;3,48
23,688;1,15;1,37;3,47
23,689;1,21;1,40;3,47
23,690;1,30;1,46;3,51
23,692;1,33;1,50;3,55
23,693;1,35;1,55;3,57
23,694;1,38;1,59;3,60
23,695;1,37;1,61;3,65
23,696;1,37;1,64;3,68
23,754;1,37;1,66;3,73
23,755;1,38;1,66;3,74
23,757;1,43;1,67;3,79
23,758;1,47;1,65;3,78
23,759;1,50;1,63;3,80
23,760;1,55;1,64;3,78
23,761;1,58;1,64;3,79
23,762;1,62;1,64;3,79
23,763;1,64;1,63;3,78
23,764;1,69;1,61;3,80
23,765;1,71;1,63;3,79
23,766;1,73;1,64;3,81
23,767;1,73;1,66;3,82
23,768;1,72;1,67;3,84
23,816;1,74;1,68;3,84
23,817;1,72;1,71;3,86
23,818;1,72;1,77;3,88
23,819;1,69;1,81;3,90
23,820;1,64;1,88;3,92
23,821;1,60;1,93;3,94
23,822;1,55;1,98;3,94
23,824;1,51;2,03;3,95
23,825;1,47;2,05;3,95
23,826;1,42;2,08;3,96
23,826;1,39;2,10;3,93
23,827;1,34;2,11;3,92
23,897;1,22;2,10;3,87
23,899;1,17;2,08;3,83
23,900;1,11;2,09;3,79
23,901;1,03;2,07;3,72
23,903;0,96;2,05;3,65
23,903;0,87;2,02;3,57
23,905;0,79;1,98;3,49
23,906;0,70;1,97;3,41
23,907;0,49;1,90;3,23
23,908;0,38;1,86;3,15
23,909;0,26;1,82;3,05
23,910;0,14;1,78;2,96
23,911;0,03;1,73;2,86
23,912;-0,09;1,70;2,76
23,913;-0,23;1,66;2,65
23,914;-0,35;1,61;2,55
23,916;-0,60;1,53;2,33
23,917;-0,71;1,47;2,21
23,984;-0,82;1,43;2,08
23,986;-0,93;1,39;1,95
23,987;-1,03;1,33;1,79
23,988;-1,14;1,27;1,65
23,989;-1,24;1,22;1,51
23,991;-1,34;1,17;1,38
23,992;-1,53;1,07;1,10
23,993;-1,63;1,00;0,99
23,994;-1,72;0,92;0,85
23,994;-1,79;0,85;0,74
23,996;-1,84;0,77;0,63
23,997;-1,89;0,67;0,54
24,002;-1,92;0,57;0,45
24,003;-1,94;0,45;0,36
24,004;-1,94;0,21;0,21
24,005;-1,95;0,08;0,12
24,006;-1,97;-0,02;0,02
24,007;-1,97;-0,12;-0,10
24,068;-1,99;-0,21;-0,26
24,072;-2,01;-0,29;-0,41
24,074;-2,02;-0,38;-0,59
24,083;-2,03;-0,53;-0,98
24,084;-2,05;-0,60;-1,16
24,085;-2,05;-0,68;-1,38
24,086;-2,02;-0,73;-1,58
24,087;-1,99;-0,80;-1,79
24,089;-1,94;-0,86;-1,96
24,090;-1,88;-0,94;-2,13
24,091;-1,80;-0,99;-2,28
24,093;-1,62;-1,10;-2,49
24,094;-1,54;-1,15;-2,55
24,094;-1,43;-1,18;-2,61
24,101;-1,34;-1,19;-2,63
24,103;-1,27;-1,21;-2,66
24,105;-1,19;-1,20;-2,68
24,107;-1,15;-1,20;-2,69
24,108;-1,09;-1,18;-2,71
24,109;-1,00;-1,11;-2,81
24,111;-0,98;-1,06;-2,88
24,181;-0,95;-0,99;-2,97
24,182;-0,94;-0,93;-3,08
24,183;-0,92;-0,87;-3,19
24,184;-0,91;-0,78;-3,32
24,186;-0,90;-0,72;-3,45
24,187;-0,88;-0,65;-3,57
24,188;-0,80;-0,56;-3,85
24,188;-0,75;-0,55;-4,01
24,189;-0,67;-0,56;-4,13
24,191;-0,59;-0,57;-4,26
24,191;-0,52;-0,58;-4,37
24,192;-0,44;-0,61;-4,47
24,193;-0,36;-0,63;-4,56
24,194;-0,30;-0,67;-4,66
24,195;-0,19;-0,71;-4,78
24,196;-0,15;-0,74;-4,85
24,197;-0,10;-0,75;-4,89
24,239;-0,06;-0,77;-4,92
24,240;-0,02;-0,79;-4,94
24,242;0,02;-0,80;-4,96
24,242;0,08;-0,80;-4,94
24,243;0,13;-0,80;-4,93
24,244;0,23;-0,79;-4,89
24,245;0,30;-0,78;-4,87
24,246;0,36;-0,74;-4,85
24,247;0,41;-0,69;-4,80
24,247;0,45;-0,63;-4,75
24,313;0,49;-0,60;-4,69
24,314;0,52;-0,52;-4,62
24,316;0,53;-0,47;-4,57
24,317;0,54;-0,36;-4,41
24,318;0,54;-0,33;-4,34
24,319;0,55;-0,28;-4,27
24,321;0,55;-0,24;-4,22
24,322;0,54;-0,22;-4,14
24,323;0,54;-0,23;-4,09
24,323;0,54;-0,23;-4,03
24,324;0,54;-0,25;-3,98
24,326;0,50;-0,30;-3,85
24,327;0,50;-0,34;-3,79
24,327;0,48;-0,38;-3,74
24,328;0,44;-0,41;-3,67
24,329;0,39;-0,43;-3,62
24,330;0,33;-0,45;-3,56
24,394;0,27;-0,46;-3,49
24,395;0,17;-0,49;-3,42
24,396;0,00;-0,46;-3,26
24,397;-0,08;-0,44;-3,17
24,398;-0,17;-0,41;-3,11
24,399;-0,24;-0,38;-3,02
24,399;-0,28;-0,35;-2,94
24,401;-0,32;-0,34;-2,86
24,402;-0,34;-0,31;-2,77
24,403;-0,34;-0,34;-2,67
24,404;-0,34;-0,38;-2,46
24,404;-0,32;-0,41;-2,35
24,406;-0,30;-0,46;-2,26
24,407;-0,31;-0,48;-2,18
24,407;-0,33;-0,53;-2,12
24,488;-0,37;-0,53;-2,05
24,492;-0,42;-0,54;-2,01
24,493;-0,54;-0,53;-1,96
24,495;-0,61;-0,53;-1,96
24,496;-0,65;-0,51;-1,96
24,497;-0,69;-0,49;-1,97
24,498;-0,71;-0,47;-1,97
24,499;-0,69;-0,45;-2,00
24,500;-0,67;-0,42;-2,00
24,501;-0,61;-0,42;-2,00
24,502;-0,47;-0,31;-1,96
24,503;-0,40;-0,25;-1,92
24,504;-0,31;-0,17;-1,87
24,505;-0,22;-0,08;-1,82
24,506;-0,09;0,03;-1,76
24,507;0,02;0,12;-1,69
24,508;0,17;0,21;-1,60
24,509;0,32;0,31;-1,50
24,510;0,67;0,48;-1,23
24,511;0,84;0,57;-1,07
24,513;1,01;0,64;-0,90
24,560;1,16;0,68;-0,68
24,563;1,30;0,75;-0,48
24,571;1,41;0,79;-0,24
24,572;1,48;0,86;-0,02
24,573;1,52;0,93;0,19
24,574;1,50;1,02;0,52
24,576;1,46;1,06;0,65
24,578;1,42;1,07;0,74
24,579;1,34;1,08;0,84
24,580;1,26;1,06;0,91
24,581;1,17;1,02;0,99
24,583;1,07;0,96;1,07
24,584;1,00;0,89;1,12
24,587;0,86;0,65;1,26
24,590;0,80;0,52;1,36
24,591;0,76;0,43;1,48
24,646;0,71;0,35;1,63
24,647;0,63;0,29;1,77
24,648;0,57;0,25;1,93
24,652;0,50;0,21;2,08
24,653;0,42;0,19;2,23
24,654;0,21;0,21;2,50
24,655;0,07;0,25;2,61
24,656;-0,06;0,31;2,72
24,657;-0,19;0,38;2,79
24,658;-0,31;0,46;2,83
24,659;-0,43;0,55;2,88
24,660;-0,52;0,62;2,91
24,661;-0,59;0,66;2,93
24,662;-0,67;0,76;2,99
24,774;-0,67;0,78;3,00
24,775;-0,65;0,77;3,01
24,777;-0,60;0,77;3,05
24,778;-0,57;0,79;3,08
24,780;-0,51;0,79;3,13
24,782;-0,44;0,78;3,17
24,783;-0,39;0,78;3,21
24,784;-0,27;0,80;3,30
24,785;-0,22;0,80;3,33
24,787;-0,15;0,82;3,40
24,788;-0,09;0,83;3,42
24,789;-0,02;0,82;3,48
24,790;0,04;0,83;3,51
24,792;0,12;0,84;3,58
24,794;0,17;0,85;3,61
24,795;0,27;0,87;3,68
24,796;0,30;0,86;3,72
24,797;0,32;0,87;3,74
24,798;0,35;0,84;3,77
24,799;0,38;0,83;3,79
24,800;0,41;0,82;3,81
24,801;0,45;0,78;3,81
24,802;0,50;0,76;3,82
24,803;0,61;0,70;3,83
24,804;0,67;0,68;3,83
24,805;0,81;0,67;3,87
24,806;0,87;0,66;3,92
24,807;0,91;0,66;3,95
24,901;0,98;0,67;4,01
24,906;1,08;0,72;4,08
24,907;1,11;0,77;4,14
24,909;1,13;0,81;4,17
24,910;1,15;0,82;4,18
24,912;1,14;0,84;4,21
24,913;1,14;0,88;4,22
24,914;1,12;0,90;4,22
24,915;1,10;0,93;4,22
24,916;1,06;0,99;4,23
24,917;1,03;1,02;4,23
24,918;1,01;1,03;4,21
24,919;0,98;1,06;4,20
24,920;0,95;1,06;4,18
24,922;0,91;1,09;4,15
24,923;0,88;1,09;4,13
24,924;0,84;1,10;4,08
24,925;0,75;1,11;4,00
24,926;0,70;1,10;3,96
24,927;0,65;1,11;3,89
24,928;0,61;1,10;3,82
24,929;0,57;1,08;3,74
24,930;0,49;1,08;3,66
24,932;0,45;1,06;3,56
24,933;0,40;1,03;3,47
24,998;0,28;0,97;3,27
25,000;0,23;0,96;3,16
25,002;0,19;0,94;3,04
25,003;0,12;0,91;2,92
25,005;0,07;0,90;2,81
25,007;0,03;0,90;2,70
25,008;-0,02;0,89;2,57
25,009;-0,07;0,88;2,46
25,014;-0,14;0,86;2,20
25,015;-0,16;0,85;2,08
25,019;-0,19;0,85;1,95
25,021;-0,21;0,84;1,82
25,022;-0,21;0,85;1,70
25,024;-0,23;0,84;1,56
25,025;-0,23;0,83;1,41
25,026;-0,23;0,83;1,26
25,028;-0,24;0,79;0,99
25,029;-0,25;0,75;0,84
25,030;-0,25;0,72;0,70
25,045;-0,24;0,69;0,59
25,047;-0,23;0,64;0,47
25,048;-0,22;0,60;0,34
25,050;-0,22;0,56;0,23
25,052;-0,21;0,52;0,13
25,112;-0,23;0,44;-0,12
25,113;-0,23;0,39;-0,25
25,114;-0,26;0,36;-0,39
25,115;-0,28;0,30;-0,53
25,116;-0,32;0,27;-0,69
25,117;-0,35;0,19;-0,84
25,118;-0,39;0,16;-1,02
25,120;-0,40;0,08;-1,18
25,121;-0,46;-0,06;-1,53
25,122;-0,47;-0,15;-1,69
25,123;-0,45;-0,22;-1,86
25,124;-0,45;-0,33;-2,00
25,125;-0,44;-0,43;-2,14
25,125;-0,41;-0,53;-2,26
25,127;-0,38;-0,61;-2,37
25,214;-0,35;-0,70;-2,46
25,217;-0,26;-0,86;-2,61
25,220;-0,21;-0,93;-2,67
25,224;-0,17;-0,98;-2,75
25,227;-0,13;-1,02;-2,80
25,230;-0,11;-1,03;-2,85
25,232;-0,10;-1,04;-2,90
25,234;-0,09;-1,00;-2,95
25,235;-0,09;-0,98;-3,00
25,236;-0,13;-0,89;-3,11
25,238;-0,15;-0,84;-3,17
25,239;-0,18;-0,79;-3,25
25,240;-0,20;-0,74;-3,32
25,241;-0,23;-0,70;-3,40
25,242;-0,23;-0,64;-3,47
25,243;-0,22;-0,60;-3,55
25,245;-0,18;-0,57;-3,73
25,246;-0,14;-0,58;-3,82
25,248;-0,10;-0,60;-3,90
25,249;-0,05;-0,63;-3,98
25,250;-0,02;-0,66;-4,04
25,251;0,00;-0,68;-4,09
25,253;-0,01;-0,68;-4,13
25,254;-0,03;-0,71;-4,17
25,254;-0,14;-0,71;-4,23
25,303;-0,21;-0,72;-4,25
25,305;-0,29;-0,75;-4,27
25,306;-0,40;-0,78;-4,31
25,307;-0,50;-0,80;-4,32
25,308;-0,60;-0,82;-4,34
25,309;-0,71;-0,84;-4,36
25,310;-0,82;-0,88;-4,38
25,312;-1,00;-0,92;-4,43
25,313;-1,07;-0,96;-4,44
25,314;-1,14;-0,98;-4,44
25,315;-1,20;-1,02;-4,45
25,316;-1,22;-1,03;-4,44
25,317;-1,25;-1,08;-4,43
25,404;-1,25;-1,11;-4,42
25,405;-1,24;-1,15;-4,40
25,407;-1,18;-1,22;-4,36
25,408;-1,14;-1,24;-4,34
25,409;-1,09;-1,28;-4,32
25,410;-1,03;-1,32;-4,30
25,411;-0,97;-1,32;-4,27
25,413;-0,92;-1,35;-4,25
25,416;-0,86;-1,34;-4,22
25,419;-0,79;-1,34;-4,20
25,421;-0,68;-1,27;-4,13
25,422;-0,61;-1,23;-4,08
25,424;-0,53;-1,16;-4,05
25,425;-0,43;-1,08;-4,00
25,427;-0,32;-0,99;-3,94
25,429;-0,21;-0,90;-3,88
25,431;-0,08;-0,78;-3,81
25,432;0,04;-0,65;-3,71
25,434;0,20;-0,31;-3,48
25,435;0,27;-0,11;-3,35
25,436;0,31;0,05;-3,22
25,442;0,35;0,23;-3,08
25,443;0,39;0,37;-2,93
25,445;0,44;0,47;-2,78
25,446;0,49;0,57;-2,62
25,448;0,51;0,62;-2,47
25,529;0,55;0,64;-2,14
25,531;0,54;0,61;-1,98
25,532;0,52;0,58;-1,85
25,534;0,47;0,52;-1,75
25,536;0,41;0,44;-1,66
25,537;0,32;0,36;-1,61
25,538;0,22;0,26;-1,60
25,539;0,11;0,18;-1,60
25,541;-0,15;-0,02;-1,69
25,542;-0,26;-0,11;-1,75
25,543;-0,39;-0,21;-1,83
25,544;-0,50;-0,30;-1,91
25,545;-0,58;-0,41;-1,98
25,546;-0,65;-0,50;-2,04
25,547;-0,71;-0,58;-2,10
25,548;-0,74;-0,63;-2,12
25,554;-0,75;-0,68;-2,15
25,555;-0,71;-0,66;-2,14
25,556;-0,66;-0,65;-2,12
25,557;-0,61;-0,59;-2,08
25,558;-0,52;-0,55;-2,01
25,563;-0,44;-0,49;-1,94
25,564;-0,34;-0,40;-1,87
25,614;-0,24;-0,30;-1,76
25,615;0,02;-0,08;-1,54
25,617;0,18;-0,01;-1,41
25,618;0,34;0,09;-1,27
25,620;0,52;0,14;-1,12
25,620;0,68;0,20;-0,95
25,622;0,87;0,23;-0,75
25,623;1,00;0,24;-0,54
25,624;1,17;0,28;-0,10
25,625;1,17;0,32;0,12
25,626;1,15;0,34;0,31
25,627;1,09;0,37;0,45
25,628;1,04;0,38;0,57
25,709;0,97;0,37;0,68
25,710;0,91;0,35;0,74
25,714;0,82;0,31;0,81
25,716;0,72;0,23;0,92
25,718;0,69;0,19;1,02
25,719;0,70;0,17;1,13
25,721;0,75;0,12;1,24
25,725;0,81;0,11;1,38
25,726;0,88;0,08;1,53
25,727;0,95;0,07;1,68
25,729;0,99;0,10;1,84
25,730;1,06;0,17;2,14
25,731;1,06;0,22;2,30
25,732;1,05;0,29;2,45
25,733;0,98;0,37;2,57
25,734;0,91;0,46;2,68
25,736;0,82;0,57;2,80
25,737;0,72;0,68;2,88
25,738;0,62;0,81;2,95
25,739;0,44;1,05;3,10
25,740;0,35;1,18;3,19
25,742;0,28;1,28;3,28
25,743;0,23;1,36;3,36
25,806;0,19;1,45;3,46
25,807;0,16;1,53;3,56
25,809;0,15;1,57;3,67
25,810;0,13;1,63;3,77
25,812;0,14;1,70;3,98
25,814;0,16;1,72;4,06
25,816;0,17;1,75;4,15
25,817;0,17;1,78;4,21
25,819;0,17;1,81;4,30
25,820;0,15;1,87;4,34
25,822;0,10;1,90;4,38
25,823;0,04;1,90;4,43
25,825;-0,17;1,85;4,54
25,826;-0,29;1,79;4,60
25,828;-0,42;1,69;4,66
25,829;-0,51;1,55;4,70
25,831;-0,59;1,41;4,73
25,833;-0,65;1,25;4,74
25,913;-0,68;1,07;4,75
25,914;-0,69;0,88;4,74
25,916;-0,69;0,53;4,69
25,917;-0,69;0,34;4,66
25,918;-0,69;0,20;4,64
25,919;-0,68;0,06;4,61
25,922;-0,67;-0,07;4,59
25,925;-0,64;-0,18;4,57
25,927;-0,60;-0,29;4,55
25,928;-0,54;-0,39;4,53
25,929;-0,41;-0,58;4,56
25,929;-0,33;-0,65;4,58
25,930;-0,27;-0,67;4,63
25,931;-0,20;-0,72;4,71
25,932;-0,14;-0,71;4,76
25,933;-0,08;-0,70;4,82
25,934;-0,04;-0,66;4,89
25,935;0,00;-0,62;4,95
25,936;0,07;-0,49;5,04
25,939;0,10;-0,44;5,07
25,941;0,13;-0,40;5,09
25,943;0,16;-0,34;5,08
26,019;0,17;-0,26;5,07
26,021;0,19;-0,21;5,06
26,022;0,19;-0,15;5,02
26,024;0,21;-0,10;4,99
26,025;0,25;-0,00;4,87
26,035;0,27;0,04;4,81
26,042;0,31;0,06;4,73
26,043;0,36;0,08;4,66
26,044;0,40;0,10;4,56
26,046;0,44;0,12;4,46
26,047;0,49;0,12;4,38
26,048;0,59;0,12;4,19
26,049;0,64;0,12;4,11
26,050;0,67;0,13;4,00
26,053;0,69;0,15;3,91
26,054;0,72;0,16;3,81
26,055;0,73;0,18;3,72
26,062;0,74;0,21;3,61
26,064;0,72;0,25;3,51
26,066;0,72;0,27;3,27
26,067;0,73;0,30;3,15
26,068;0,73;0,32;3,02
26,070;0,72;0,33;2,90
26,071;0,72;0,34;2,77
26,072;0,72;0,34;2,63
26,073;0,73;0,35;2,49
26,132;0,73;0,37;2,36
26,134;0,73;0,37;2,06
26,135;0,73;0,38;1,90
26,136;0,72;0,40;1,77
26,137;0,70;0,40;1,61
26,138;0,69;0,43;1,46
26,139;0,67;0,46;1,27
26,140;0,64;0,47;1,09
26,142;0,63;0,48;0,92
26,143;0,63;0,50;0,56
26,144;0,63;0,50;0,39
26,145;0,64;0,50;0,23
26,146;0,68;0,47;0,11
26,147;0,69;0,45;-0,02
26,148;0,72;0,40;-0,13
26,213;0,73;0,36;-0,22
26,218;0,75;0,29;-0,31
26,219;0,76;0,15;-0,51
26,220;0,74;0,10;-0,62
26,221;0,71;0,06;-0,74
26,222;0,68;0,02;-0,87
26,223;0,61;-0,00;-1,02
26,225;0,55;-0,02;-1,20
26,226;0,47;-0,04;-1,36
26,227;0,39;-0,04;-1,53
26,228;0,23;-0,08;-1,85
26,229;0,16;-0,09;-2,00
26,230;0,11;-0,12;-2,16
26,231;0,07;-0,16;-2,31
26,232;0,05;-0,21;-2,45
26,233;0,06;-0,27;-2,57
26,234;0,07;-0,34;-2,71
26,344;0,09;-0,38;-2,81
26,346;0,11;-0,49;-3,00
26,347;0,12;-0,50;-3,05
26,349;0,11;-0,52;-3,10
26,350;0,10;-0,53;-3,15
26,352;0,07;-0,53;-3,20
26,354;0,03;-0,52;-3,24
26,355;0,00;-0,50;-3,29
26,356;-0,03;-0,50;-3,36
26,357;-0,14;-0,45;-3,54
26,359;-0,18;-0,43;-3,62
26,360;-0,25;-0,40;-3,71
26,361;-0,30;-0,38;-3,80
26,362;-0,34;-0,37;-3,88
26,364;-0,36;-0,37;-3,96
26,365;-0,40;-0,37;-4,03
26,366;-0,43;-0,39;-4,12
26,367;-0,39;-0,45;-4,28
26,369;-0,37;-0,49;-4,35
26,370;-0,35;-0,54;-4,42
26,374;-0,33;-0,57;-4,48
26,376;-0,31;-0,59;-4,54
26,378;-0,31;-0,61;-4,59
26,379;-0,32;-0,63;-4,63
26,380;-0,32;-0,65;-4,65
26,383;-0,36;-0,65;-4,66
26,384;-0,38;-0,65;-4,64
26,385;-0,41;-0,65;-4,62
26,386;-0,43;-0,66;-4,58
26,388;-0,44;-0,67;-4,56
26,389;-0,47;-0,66;-4,52
26,441;-0,49;-0,70;-4,49
26,443;-0,51;-0,72;-4,41
26,445;-0,53;-0,73;-4,36
26,446;-0,54;-0,77;-4,31
26,448;-0,54;-0,79;-4,24
26,449;-0,53;-0,81;-4,18
26,450;-0,54;-0,84;-4,12
26,451;-0,53;-0,85;-4,05
26,453;-0,53;-0,89;-3,98
26,454;-0,49;-0,90;-3,84
26,455;-0,48;-0,92;-3,77
26,455;-0,47;-0,92;-3,72
26,456;-0,45;-0,92;-3,64
26,458;-0,42;-0,92;-3,58
26,514;-0,40;-0,90;-3,51
26,516;-0,37;-0,91;-3,46
26,520;-0,33;-0,89;-3,40
26,521;-0,22;-0,84;-3,29
26,523;-0,17;-0,81;-3,25
26,525;-0,11;-0,78;-3,21
26,526;-0,05;-0,73;-3,15
26,528;0,00;-0,68;-3,11
26,530;0,04;-0,62;-3,05
26,533;0,02;-0,54;-2,98
26,535;-0,00;-0,43;-2,91
26,536;-0,13;-0,28;-2,72
26,538;-0,24;-0,21;-2,62
26,539;-0,33;-0,17;-2,54
26,545;-0,42;-0,14;-2,47
26,546;-0,50;-0,14;-2,42
26,548;-0,57;-0,14;-2,37
26,549;-0,63;-0,19;-2,36
26,604;-0,69;-0,23;-2,33
26,605;-0,79;-0,34;-2,33
26,606;-0,83;-0,41;-2,34
26,607;-0,85;-0,49;-2,36
26,608;-0,85;-0,56;-2,39
26,611;-0,84;-0,62;-2,42
26,612;-0,83;-0,68;-2,44
26,613;-0,80;-0,70;-2,48
26,615;-0,76;-0,72;-2,50
26,616;-0,66;-0,69;-2,54
26,617;-0,59;-0,64;-2,56
26,619;-0,50;-0,58;-2,59
26,620;-0,39;-0,50;-2,57
26,621;-0,25;-0,41;-2,58
26,667;-0,10;-0,31;-2,56
26,669;0,08;-0,19;-2,52
26,671;0,28;-0,02;-2,49
26,672;0,75;0,33;-2,35
26,673;1,01;0,50;-2,25
26,674;1,23;0,68;-2,13
26,675;1,46;0,87;-2,00
26,676;1,68;1,07;-1,86
26,678;1,89;1,25;-1,70
26,679;2,09;1,39;-1,52
26,680;2,31;1,50;-1,31
26,681;2,68;1,62;-0,85
26,739;2,82;1,66;-0,61
26,740;2,90;1,66;-0,35
26,741;2,96;1,65;-0,12
26,742;2,96;1,63;0,10
26,743;2,93;1,59;0,28
26,745;2,85;1,53;0,45
26,745;2,74;1,45;0,59
26,746;2,38;1,24;0,83
26,747;2,17;1,12;0,92
26,748;1,93;1,01;1,00
26,749;1,70;0,88;1,06
26,753;1,47;0,76;1,13
26,754;1,24;0,61;1,18
26,754;1,05;0,50;1,22
26,755;0,86;0,39;1,30
26,796;0,54;0,23;1,46
26,798;0,38;0,16;1,57
26,799;0,23;0,12;1,68
26,802;0,07;0,09;1,83
26,804;-0,10;0,10;1,94
26,805;-0,26;0,15;2,05
26,805;-0,41;0,19;2,13
26,806;-0,63;0,30;2,26
26,807;-0,70;0,36;2,31
26,808;-0,77;0,43;2,36
26,809;-0,80;0,51;2,42
26,912;-0,81;0,58;2,50
26,914;-0,80;0,67;2,56
26,916;-0,77;0,75;2,65
26,924;-0,73;0,83;2,71
26,925;-0,61;0,97;2,83
26,926;-0,53;1,06;2,90
26,927;-0,45;1,14;2,96
26,928;-0,36;1,20;3,00
26,932;-0,27;1,27;3,03
26,933;-0,19;1,32;3,08
26,934;-0,11;1,39;3,13
26,935;-0,03;1,44;3,18
26,936;0,13;1,55;3,27
26,937;0,19;1,60;3,31
26,938;0,24;1,62;3,37
26,939;0,27;1,64;3,45
26,940;0,29;1,64;3,53
26,942;0,31;1,61;3,60
26,943;0,33;1,57;3,68
26,944;0,36;1,48;3,73
26,945;0,46;1,28;3,78
26,946;0,54;1,15;3,78
26,947;0,61;1,06;3,76
26,948;0,68;0,94;3,74
26,950;0,76;0,86;3,73
26,951;0,83;0,78;3,71
26,952;0,90;0,73;3,69
26,953;0,97;0,69;3,66
26,954;1,12;0,67;3,69
27,006;1,20;0,68;3,72
27,008;1,28;0,72;3,76
27,009;1,36;0,76;3,80
27,010;1,43;0,82;3,85
27,011;1,50;0,87;3,91
27,013;1,57;0,93;3,95
27,014;1,61;1,00;4,00
27,015;1,68;1,14;4,06
27,016;1,67;1,21;4,09
27,016;1,68;1,27;4,09
27,017;1,67;1,34;4,10
27,019;1,67;1,39;4,10
27,019;1,67;1,42;4,09
27,098;1,65;1,45;4,08
27,099;1,66;1,50;4,07
27,127;1,61;1,54;4,03
27,128;1,59;1,56;3,99
27,129;1,57;1,55;3,96
27,130;1,53;1,55;3,92
27,132;1,48;1,54;3,85
27,133;1,43;1,52;3,78
27,134;1,38;1,49;3,70
27,135;1,33;1,49;3,62
27,136;1,21;1,44;3,44
27,137;1,12;1,40;3,35
27,138;1,07;1,39;3,28
27,139;1,02;1,37;3,20
27,140;0,93;1,34;3,11
27,141;0,87;1,32;3,03
27,143;0,80;1,29;2,96
27,144;0,74;1,28;2,87
27,144;0,61;1,21;2,74
27,145;0,55;1,19;2,67
27,147;0,48;1,17;2,60
27,148;0,41;1,16;2,52
27,149;0,34;1,14;2,43
27,150;0,28;1,11;2,35
27,152;0,23;1,09;2,26
27,153;0,16;1,08;2,15
27,154;0,07;0,99;1,95
27,215;0,04;0,95;1,85
27,216;0,01;0,89;1,75
27,217;0,00;0,81;1,65
27,219;-0,01;0,75;1,54
27,220;-0,01;0,69;1,44
27,221;-0,04;0,64;1,34
27,223;-0,03;0,55;1,14
27,224;-0,05;0,52;1,04
27,225;-0,08;0,48;0,96
27,226;-0,09;0,45;0,85
27,227;-0,10;0,42;0,76
27,229;-0,10;0,36;0,68
27,230;-0,11;0,31;0,58
27,233;-0,11;0,25;0,47
27,234;-0,09;0,14;0,28
27,237;-0,10;0,08;0,18
27,291;-0,10;0,03;0,09
27,291;-0,11;-0,00;-0,01
27,292;-0,14;-0,05;-0,11
27,293;-0,17;-0,06;-0,22
27,293;-0,20;-0,07;-0,33
27,294;-0,25;-0,09;-0,46
27,295;-0,38;-0,11;-0,74
27,296;-0,45;-0,13;-0,90
27,297;-0,48;-0,18;-1,06
27,298;-0,51;-0,22;-1,24
27,298;-0,53;-0,29;-1,41
27,299;-0,53;-0,35;-1,57
27,300;-0,51;-0,44;-1,71
27,374;-0,48;-0,54;-1,85
27,375;-0,39;-0,71;-2,03
27,376;-0,33;-0,80;-2,08
27,377;-0,25;-0,88;-2,13
27,378;-0,20;-0,95;-2,14
27,379;-0,14;-1,00;-2,16
27,380;-0,10;-1,05;-2,17
27,381;-0,08;-1,07;-2,17
27,382;-0,08;-1,07;-2,18
27,383;-0,12;-1,08;-2,22
27,384;-0,17;-1,06;-2,26
27,385;-0,23;-1,02;-2,31
27,386;-0,32;-0,98;-2,37
27,387;-0,43;-0,93;-2,44
27,388;-0,54;-0,87;-2,53
27,389;-0,63;-0,83;-2,62
27,389;-0,73;-0,76;-2,72
27,390;-0,91;-0,68;-2,93
27,476;-0,98;-0,65;-3,06
27,479;-1,05;-0,63;-3,17
27,480;-1,08;-0,64;-3,29
27,483;-1,10;-0,67;-3,41
27,487;-1,13;-0,72;-3,52
27,489;-1,12;-0,80;-3,63
27,490;-1,12;-0,88;-3,74
27,492;-1,11;-1,06;-3,95
27,494;-1,10;-1,16;-4,04
27,495;-1,11;-1,26;-4,12
27,497;-1,12;-1,35;-4,20
27,499;-1,15;-1,41;-4,25
27,500;-1,18;-1,47;-4,29
27,502;-1,22;-1,52;-4,33
27,503;-1,27;-1,54;-4,34
27,504;-1,35;-1,58;-4,36
27,505;-1,39;-1,59;-4,36
27,506;-1,40;-1,57;-4,36
27,507;-1,42;-1,59;-4,36
27,509;-1,43;-1,56;-4,33
27,510;-1,43;-1,55;-4,33
27,511;-1,42;-1,52;-4,33
27,513;-1,42;-1,49;-4,31
27,514;-1,37;-1,43;-4,32
27,515;-1,32;-1,41;-4,32
27,575;-1,26;-1,35;-4,32
27,577;-1,19;-1,32;-4,31
27,579;-1,11;-1,27;-4,28
27,586;-1,03;-1,23;-4,24
27,587;-0,94;-1,18;-4,21
27,588;-0,86;-1,13;-4,17
27,590;-0,70;-1,04;-4,05
27,590;-0,61;-1,02;-4,01
27,592;-0,54;-0,98;-3,95
27,593;-0,48;-0,94;-3,90
27,594;-0,43;-0,88;-3,85
27,595;-0,38;-0,86;-3,80
27,596;-0,33;-0,80;-3,73
27,597;-0,33;-0,72;-3,61
27,600;-0,34;-0,69;-3,55
27,601;-0,35;-0,66;-3,48
27,602;-0,35;-0,64;-3,41
27,604;-0,37;-0,62;-3,35
27,655;-0,38;-0,62;-3,24
27,656;-0,39;-0,63;-3,16
27,657;-0,40;-0,63;-3,06
27,659;-0,40;-0,66;-2,89
27,660;-0,39;-0,66;-2,79
27,660;-0,40;-0,68;-2,70
27,661;-0,39;-0,68;-2,63
27,662;-0,37;-0,70;-2,55
27,664;-0,35;-0,70;-2,48
27,664;-0,31;-0,71;-2,41
27,665;-0,27;-0,72;-2,35
27,666;-0,13;-0,70;-2,20
27,669;-0,05;-0,71;-2,14
27,754;0,00;-0,71;-2,07
27,756;0,10;-0,73;-2,00
27,757;0,16;-0,73;-1,94
27,759;0,24;-0,75;-1,88
27,760;0,31;-0,75;-1,82
27,761;0,36;-0,73;-1,76
27,762;0,45;-0,68;-1,68
27,764;0,48;-0,64;-1,63
27,765;0,53;-0,60;-1,59
27,766;0,55;-0,56;-1,53
27,767;0,57;-0,46;-1,49
27,768;0,61;-0,40;-1,44
27,770;0,62;-0,30;-1,35
27,771;0,65;-0,19;-1,27
27,772;0,70;0,04;-1,07
27,773;0,72;0,15;-0,98
27,774;0,76;0,25;-0,86
27,775;0,81;0,36;-0,73
27,776;0,85;0,47;-0,61
27,777;0,92;0,55;-0,47
27,778;0,95;0,63;-0,33
27,780;1,01;0,70;-0,17
27,864;1,07;0,78;0,15
27,866;1,10;0,78;0,30
27,867;1,12;0,75;0,47
27,868;1,14;0,68;0,66
27,876;1,12;0,60;0,84
27,877;1,11;0,49;1,02
27,879;1,05;0,39;1,21
27,880;1,00;0,31;1,39
27,881;0,79;0,19;1,71
27,882;0,67;0,13;1,85
27,883;0,55;0,05;1,96
27,885;0,41;-0,02;2,06
27,886;0,26;-0,10;2,15
27,888;0,11;-0,14;2,21
27,889;-0,03;-0,14;2,25
27,890;-0,15;-0,15;2,29
27,891;-0,34;-0,12;2,36
27,895;-0,39;-0,08;2,40
27,896;-0,42;-0,04;2,44
27,896;-0,44;0,03;2,48
27,897;-0,45;0,09;2,55
27,899;-0,47;0,17;2,61
27,900;-0,45;0,26;2,69
27,902;-0,45;0,36;2,77
27,904;-0,44;0,58;2,92
27,950;-0,43;0,67;3,02
27,951;-0,43;0,78;3,09
27,952;-0,43;0,88;3,16
27,953;-0,45;0,95;3,24
27,954;-0,44;1,04;3,27
27,955;-0,44;1,09;3,32
27,956;-0,43;1,14;3,34
27,956;-0,40;1,20;3,38
27,962;-0,38;1,22;3,39
27,963;-0,37;1,22;3,40
27,964;-0,34;1,21;3,40
27,965;-0,30;1,20;3,42
28,022;-0,28;1,14;3,44
28,024;-0,25;1,08;3,46
28,025;-0,20;0,98;3,50
28,026;-0,17;0,91;3,53
28,027;-0,15;0,86;3,57
28,028;-0,15;0,81;3,63
28,029;-0,14;0,74;3,69
28,030;-0,13;0,68;3,74
28,031;-0,10;0,62;3,78
28,032;-0,05;0,55;3,83
28,033;0,09;0,42;3,91
28,034;0,16;0,37;3,94
28,040;0,25;0,33;3,96
28,044;0,34;0,28;4,01
28,044;0,42;0,27;4,03
28,076;0,52;0,24;4,06
28,077;0,59;0,24;4,10
28,078;0,68;0,25;4,12
28,079;0,83;0,30;4,19
28,080;0,90;0,34;4,21
28,080;0,97;0,39;4,24
28,081;1,03;0,44;4,27
28,082;1,08;0,47;4,26
28,084;1,11;0,51;4,25
28,170;1,12;0,53;4,24
28,178;1,13;0,55;4,23
28,181;1,13;0,62;4,21
28,184;1,13;0,64;4,22
28,186;1,12;0,68;4,21
28,188;1,12;0,70;4,22
28,190;1,13;0,71;4,21
28,192;1,13;0,77;4,20
28,193;1,12;0,80;4,18
28,195;1,12;0,83;4,18
28,196;1,11;0,89;4,15
28,197;1,11;0,92;4,12
28,198;1,10;0,95;4,09
28,199;1,08;0,98;4,05
28,200;1,05;1,00;4,00
28,202;1,01;1,02;3,94
28,203;0,99;1,04;3,88
28,205;0,95;1,04;3,80
28,206;0,89;1,06;3,65
28,207;0,85;1,06;3,56
28,209;0,82;1,06;3,48
28,210;0,76;1,08;3,38
28,214;0,72;1,08;3,29
28,215;0,68;1,10;3,21
28,216;0,65;1,09;3,12
28,217;0,59;1,11;3,02
28,266;0,48;1,13;2,82
28,275;0,43;1,14;2,71
28,277;0,38;1,14;2,61
28,278;0,32;1,14;2,49
28,279;0,25;1,12;2,36
28,280;0,20;1,11;2,23
28,281;0,12;1,10;2,10
28,282;0,08;1,09;1,95
28,284;-0,06;1,04;1,67
28,285;-0,12;1,00;1,51
28,286;-0,18;0,98;1,36
28,287;-0,22;0,93;1,20
28,289;-0,29;0,88;1,05
28,290;-0,33;0,83;0,89
28,292;-0,37;0,77;0,74
28,295;-0,42;0,70;0,59
28,346;-0,49;0,55;0,30
28,347;-0,52;0,47;0,16
28,348;-0,57;0,39;0,03
28,350;-0,60;0,31;-0,10
28,351;-0,66;0,23;-0,22
28,352;-0,71;0,17;-0,36
28,353;-0,79;0,10;-0,53
28,355;-0,85;0,03;-0,68
28,355;-1,00;-0,06;-1,03
28,356;-1,09;-0,13;-1,21
28,357;-1,15;-0,18;-1,40
28,358;-1,20;-0,22;-1,60
28,360;-1,24;-0,25;-1,80
28,456;-1,26;-0,30;-2,01
28,458;-1,25;-0,33;-2,21
28,461;-1,20;-0,40;-2,56
28,462;-1,15;-0,41;-2,69
28,465;-1,07;-0,44;-2,82
28,466;-0,99;-0,45;-2,93
28,467;-0,89;-0,49;-3,02
28,470;-0,77;-0,52;-3,08
28,472;-0,64;-0,54;-3,16
28,474;-0,49;-0,57;-3,21
28,476;-0,17;-0,61;-3,27
28,477;-0,01;-0,62;-3,31
28,478;0,13;-0,62;-3,32
28,480;0,28;-0,61;-3,33
28,482;0,40;-0,61;-3,33
28,483;0,51;-0,58;-3,34
28,485;0,58;-0,53;-3,35
28,487;0,62;-0,47;-3,34
28,488;0,67;-0,37;-3,41
28,490;0,70;-0,32;-3,46
28,491;0,70;-0,28;-3,50
28,493;0,73;-0,25;-3,56
28,495;0,73;-0,24;-3,62
28,496;0,75;-0,24;-3,69
28,497;0,78;-0,25;-3,75
28,498;0,79;-0,27;-3,81
28,499;0,84;-0,38;-3,94
28,501;0,88;-0,43;-4,00
28,598;0,89;-0,50;-4,06
28,603;0,89;-0,58;-4,10
28,608;0,89;-0,64;-4,13
28,613;0,87;-0,70;-4,16
28,614;0,84;-0,77;-4,18
28,616;0,81;-0,81;-4,20
28,625;0,74;-0,92;-4,21
28,627;0,67;-0,98;-4,22
28,628;0,61;-1,01;-4,20
28,629;0,54;-1,05;-4,19
28,631;0,46;-1,09;-4,15
28,632;0,39;-1,13;-4,13
28,634;0,33;-1,17;-4,09
28,635;0,26;-1,20;-4,06
28,637;0,15;-1,26;-3,99
28,637;0,10;-1,30;-3,97
28,639;0,06;-1,32;-3,92
28,640;0,01;-1,35;-3,90
28,641;-0,04;-1,37;-3,87
28,642;-0,08;-1,40;-3,83
28,643;-0,12;-1,41;-3,79
28,645;-0,17;-1,44;-3,76
28,646;-0,22;-1,48;-3,68
28,647;-0,25;-1,53;-3,64
28,648;-0,27;-1,55;-3,61
28,649;-0,28;-1,59;-3,57
28,650;-0,31;-1,61;-3,54
28,652;-0,32;-1,65;-3,51
28,653;-0,34;-1,65;-3,46
28,655;-0,38;-1,66;-3,45
28,656;-0,44;-1,65;-3,37
28,706;-0,47;-1,62;-3,34
28,707;-0,53;-1,59;-3,33
28,708;-0,56;-1,55;-3,29
28,710;-0,61;-1,48;-3,26
28,712;-0,64;-1,43;-3,23
28,713;-0,66;-1,35;-3,18
28,714;-0,71;-1,27;-3,13
28,715;-0,75;-1,11;-3,02
28,716;-0,77;-1,05;-2,97
28,717;-0,80;-0,98;-2,92
28,718;-0,84;-0,91;-2,85
28,718;-0,90;-0,86;-2,80
28,720;-0,94;-0,81;-2,75
28,799;-0,98;-0,78;-2,70
28,800;-1,02;-0,75;-2,66
28,801;-1,09;-0,72;-2,59
28,803;-1,12;-0,70;-2,58
28,804;-1,15;-0,69;-2,55
28,805;-1,15;-0,66;-2,53
28,806;-1,15;-0,63;-2,53
28,808;-1,12;-0,60;-2,50
28,809;-1,05;-0,55;-2,48
28,810;-0,80;-0,48;-2,44
28,811;-0,66;-0,45;-2,39
28,813;-0,49;-0,41;-2,32
28,814;-0,31;-0,37;-2,23
28,815;-0,14;-0,32;-2,10
28,816;0,04;-0,26;-1,98
28,817;0,20;-0,19;-1,85
28,818;0,34;-0,12;-1,71
28,820;0,60;0,04;-1,39
28,821;0,72;0,15;-1,22
28,822;0,80;0,25;-1,07
28,863;0,88;0,34;-0,91
28,865;0,93;0,41;-0,75
28,865;0,98;0,48;-0,61
28,866;1,01;0,53;-0,47
28,867;1,03;0,55;-0,37
28,868;1,01;0,54;-0,15
28,869;0,96;0,52;-0,06
28,870;0,87;0,45;0,03
28,871;0,76;0,38;0,11
28,872;0,63;0,31;0,21
28,968;0,46;0,24;0,29
28,970;0,25;0,17;0,39
28,971;0,04;0,11;0,49
28,972;-0,41;0,06;0,64
28,975;-0,62;0,04;0,67
28,975;-0,76;0,01;0,68
28,976;-0,83;-0,06;0,66
28,977;-0,82;-0,14;0,63
28,978;-0,75;-0,25;0,62
28,979;-0,62;-0,32;0,60
28,980;-0,45;-0,37;0,64
28,981;-0,06;-0,41;0,82
28,982;0,13;-0,39;0,97
28,982;0,29;-0,35;1,15
28,983;0,44;-0,29;1,36
28,984;0,52;-0,20;1,59
28,985;0,54;-0,09;1,84
28,986;0,54;0,05;2,07
28,987;0,46;0,21;2,28
28,987;0,26;0,55;2,63
28,988;0,13;0,71;2,78
28,989;-0,01;0,87;2,90
28,990;-0,14;1,01;3,01
28,991;-0,28;1,13;3,13
29,050;-0,41;1,25;3,21
29,053;-0,52;1,37;3,28
29,055;-0,60;1,44;3,36
29,058;-0,67;1,45;3,43
29,059;-0,66;1,41;3,45
29,061;-0,62;1,36;3,47
29,066;-0,58;1,27;3,46
29,067;-0,53;1,18;3,48
29,075;-0,46;1,10;3,50
29,078;-0,39;1,01;3,55
29,079;-0,32;0,94;3,58
29,080;-0,18;0,79;3,66
29,081;-0,14;0,74;3,71
29,082;-0,08;0,67;3,76
29,083;-0,04;0,62;3,80
29,084;-0,02;0,57;3,86
29,085;-0,01;0,52;3,92
29,086;0,00;0,46;3,96
29,087;-0,00;0,43;4,01
29,141;0,05;0,32;4,07
29,142;0,10;0,27;4,10
29,143;0,16;0,22;4,11
29,145;0,24;0,17;4,13
29,152;0,30;0,12;4,15
29,154;0,36;0,10;4,17
29,155;0,43;0,08;4,18
29,156;0,49;0,07;4,20
29,157;0,65;0,10;4,25
29,158;0,74;0,11;4,27
29,159;0,82;0,14;4,31
29,160;0,90;0,18;4,34
29,162;0,97;0,23;4,36
29,163;1,04;0,30;4,40
29,163;1,10;0,37;4,44
29,165;1,19;0,52;4,49
29,215;1,20;0,59;4,50
29,216;1,22;0,68;4,53
29,217;1,21;0,76;4,54
29,218;1,21;0,85;4,56
29,219;1,21;0,91;4,56
29,219;1,22;0,99;4,56
29,220;1,20;1,05;4,55
29,221;1,18;1,15;4,52
29,222;1,17;1,17;4,48
29,223;1,16;1,19;4,43
29,224;1,14;1,20;4,38
29,225;1,12;1,20;4,32
29,285;1,11;1,17;4,27
29,286;1,10;1,16;4,21
29,287;1,07;1,14;4,14
29,288;1,06;1,12;4,02
29,289;1,04;1,10;3,96
29,290;1,01;1,10;3,89
29,292;0,97;1,09;3,80
29,294;0,94;1,08;3,73
29,295;0,91;1,07;3,66
29,296;0,88;1,06;3,58
29,297;0,82;1,06;3,52
29,297;0,75;1,03;3,36
29,298;0,70;1,02;3,27
29,299;0,65;1,02;3,18
29,301;0,61;1,01;3,08
29,372;0,56;1,01;2,98
29,373;0,51;1,00;2,90
29,374;0,45;1,01;2,78
29,375;0,39;1,00;2,68
29,376;0,26;0,97;2,44
29,377;0,20;0,95;2,30
29,378;0,13;0,93;2,16
29,379;0,08;0,87;2,00
29,380;0,03;0,84;1,85
29,381;-0,01;0,80;1,67
29,382;-0,05;0,73;1,49
29,383;-0,07;0,65;1,32
29,384;-0,08;0,53;0,95
29,385;-0,08;0,44;0,78
29,386;-0,09;0,35;0,63
29,387;-0,09;0,27;0,47
29,388;-0,10;0,22;0,33
29,433;-0,12;0,14;0,17
29,434;-0,15;0,10;0,02
29,435;-0,20;0,04;-0,15
29,436;-0,34;-0,07;-0,50
29,437;-0,42;-0,12;-0,69
29,437;-0,50;-0,17;-0,90
29,438;-0,58;-0,23;-1,12
29,439;-0,64;-0,28;-1,33
29,440;-0,71;-0,34;-1,57
29,440;-0,74;-0,39;-1,79
29,442;-0,74;-0,45;-2,01
29,508;-0,73;-0,57;-2,38
29,509;-0,68;-0,63;-2,53
29,510;-0,65;-0,68;-2,64
29,511;-0,61;-0,71;-2,75
29,512;-0,57;-0,75;-2,85
29,513;-0,52;-0,78;-2,93
29,514;-0,48;-0,80;-3,02
29,515;-0,42;-0,83;-3,10
29,516;-0,32;-0,88;-3,26
29,517;-0,26;-0,86;-3,33
29,518;-0,23;-0,87;-3,39
29,519;-0,20;-0,85;-3,48
29,521;-0,18;-0,82;-3,53
29,522;-0,16;-0,78;-3,61
29,523;-0,16;-0,74;-3,68
29,524;-0,15;-0,69;-3,77
29,526;-0,11;-0,64;-3,94
29,583;-0,07;-0,61;-4,01
29,589;-0,02;-0,63;-4,12
29,589;0,03;-0,61;-4,19
29,591;0,09;-0,64;-4,30
29,592;0,14;-0,65;-4,37
29,593;0,21;-0,67;-4,45
29,594;0,26;-0,70;-4,52
29,595;0,35;-0,76;-4,63
29,596;0,37;-0,78;-4,67
29,597;0,39;-0,79;-4,70
29,598;0,38;-0,80;-4,71
29,599;0,36;-0,81;-4,73
29,599;0,34;-0,82;-4,74
29,601;0,31;-0,83;-4,74
29,602;0,26;-0,86;-4,73
29,639;0,24;-0,85;-4,72
29,641;0,21;-0,85;-4,70
29,642;0,18;-0,86;-4,68
29,644;0,14;-0,87;-4,66
29,644;0,14;-0,89;-4,62
29,646;0,13;-0,89;-4,57
29,646;0,15;-0,90;-4,52
29,647;0,18;-0,94;-4,40
29,648;0,22;-0,95;-4,34
29,689;0,24;-0,97;-4,27
29,690;0,28;-1,00;-4,18
29,691;0,33;-1,02;-4,11
29,692;0,36;-1,06;-4,05
29,693;0,41;-1,09;-3,99
29,693;0,44;-1,12;-3,93
29,694;0,50;-1,20;-3,82
29,696;0,51;-1,23;-3,77
29,696;0,49;-1,25;-3,72
29,697;0,51;-1,27;-3,67
29,748;0,47;-1,28;-3,62
29,750;0,44;-1,30;-3,56
29,751;0,39;-1,28;-3,52
29,752;0,35;-1,29;-3,47
29,752;0,25;-1,28;-3,37
29,753;0,19;-1,28;-3,32
29,754;0,15;-1,28;-3,29
29,755;0,06;-1,27;-3,24
29,756;-0,01;-1,26;-3,19
29,756;-0,06;-1,25;-3,14
29,757;-0,13;-1,23;-3,09
29,758;-0,19;-1,24;-3,03
29,799;-0,33;-1,24;-2,91
29,801;-0,40;-1,21;-2,85
29,802;-0,46;-1,21;-2,77
29,803;-0,53;-1,19;-2,71
29,803;-0,59;-1,19;-2,65
29,804;-0,63;-1,17;-2,60
29,805;-0,68;-1,18;-2,54
29,807;-0,72;-1,18;-2,48
29,807;-0,77;-1,21;-2,38
29,808;-0,80;-1,20;-2,33
29,865;-0,83;-1,21;-2,28
29,866;-0,84;-1,21;-2,23
29,867;-0,84;-1,21;-2,19
29,872;-0,87;-1,18;-2,15
29,872;-0,86;-1,18;-2,11
29,873;-0,87;-1,16;-2,08
29,874;-0,86;-1,14;-2,01
29,875;-0,84;-1,09;-1,95
29,876;-0,82;-1,08;-1,92
29,877;-0,77;-1,04;-1,88
29,877;-0,71;-1,00;-1,86
29,878;-0,64;-0,93;-1,82
29,879;-0,57;-0,87;-1,80
29,879;-0,48;-0,78;-1,78
29,925;-0,30;-0,53;-1,73
29,927;-0,20;-0,41;-1,69
29,928;-0,09;-0,26;-1,65
29,928;0,02;-0,10;-1,60
29,929;0,15;0,05;-1,53
29,931;0,27;0,18;-1,43
29,932;0,41;0,30;-1,33
29,933;0,54;0,43;-1,20
29,934;0,81;0,57;-0,89
29,935;0,94;0,63;-0,72
29,936;1,02;0,67;-0,53
29,937;1,06;0,70;-0,33
29,942;1,09;0,72;-0,12
30,022;1,08;0,75;0,05
30,024;1,03;0,72;0,22
30,026;0,99;0,69;0,36
30,027;0,84;0,58;0,60
30,028;0,76;0,50;0,69
30,030;0,68;0,38;0,77
30,033;0,60;0,29;0,86
30,034;0,55;0,18;0,95
30,035;0,49;0,09;1,05
30,037;0,48;0,05;1,18
30,038;0,45;0,00;1,45
30,039;0,42;0,01;1,61
30,041;0,39;0,01;1,78
30,042;0,34;0,02;1,94
30,043;0,28;0,06;2,10
30,044;0,20;0,12;2,25
30,046;0,10;0,19;2,38
30,047;-0,01;0,30;2,50
30,059;-0,23;0,47;2,68
30,061;-0,33;0,56;2,78
30,063;-0,41;0,65;2,87
30,064;-0,48;0,74;2,96
30,066;-0,55;0,83;3,06
30,067;-0,62;0,93;3,19
30,119;-0,64;1,04;3,30
30,120;-0,68;1,11;3,41
30,123;-0,70;1,25;3,62
30,124;-0,71;1,30;3,71
30,126;-0,70;1,35;3,79
30,128;-0,67;1,39;3,87
30,129;-0,63;1,40;3,91
30,129;-0,60;1,43;3,97
30,131;-0,54;1,43;3,99
30,132;-0,50;1,43;4,04
30,133;-0,39;1,41;4,09
30,134;-0,33;1,39;4,10
30,135;-0,27;1,38;4,11
30,140;-0,22;1,36;4,12
30,142;-0,18;1,35;4,11
30,143;-0,12;1,32;4,10
30,216;-0,09;1,28;4,11
30,217;-0,06;1,27;4,11
30,218;-0,03;1,18;4,10
30,219;0,00;1,12;4,12
30,226;0,04;1,06;4,10
30,227;0,08;1,00;4,09
30,228;0,14;0,94;4,06
30,229;0,20;0,89;4,02
30,230;0,27;0,84;4,00
30,239;0,32;0,81;3,95
30,240;0,45;0,75;3,90
30,242;0,51;0,74;3,89
30,243;0,57;0,72;3,86
30,244;0,62;0,70;3,86
30,246;0,69;0,71;3,86
30,247;0,74;0,74;3,85
30,248;0,82;0,76;3,84
30,248;0,85;0,79;3,85
30,249;0,94;0,86;3,82
30,251;0,97;0,90;3,82
30,252;1,00;0,96;3,80
30,253;1,03;1,01;3,79
30,257;1,07;1,07;3,77
30,303;1,08;1,12;3,77
30,305;1,09;1,20;3,75
30,306;1,11;1,25;3,74
30,307;1,14;1,39;3,71
30,308;1,15;1,44;3,69
30,309;1,15;1,50;3,67
30,310;1,15;1,56;3,66
30,312;1,15;1,62;3,63
30,313;1,15;1,66;3,60
30,314;1,12;1,70;3,56
30,314;1,11;1,74;3,53
30,316;1,04;1,78;3,43
30,424;1,00;1,82;3,39
30,425;0,97;1,83;3,31
30,427;0,92;1,85;3,27
30,428;0,88;1,87;3,20
30,430;0,84;1,87;3,12
30,433;0,80;1,88;3,04
30,434;0,76;1,87;2,97
30,435;0,69;1,85;2,80
30,437;0,62;1,85;2,73
30,438;0,60;1,83;2,65
30,439;0,55;1,81;2,58
30,440;0,50;1,80;2,51
30,445;0,46;1,77;2,44
30,447;0,42;1,73;2,38
30,448;0,33;1,67;2,22
30,449;0,28;1,63;2,14
30,450;0,22;1,58;2,08
30,452;0,16;1,52;1,99
30,453;0,10;1,47;1,90
30,454;0,03;1,40;1,82
30,456;-0,03;1,33;1,70
30,458;-0,10;1,26;1,59
30,459;-0,21;1,07;1,36
30,460;-0,27;0,99;1,24
30,461;-0,30;0,89;1,10
30,463;-0,35;0,77;0,95
30,464;-0,40;0,67;0,81
30,465;-0,45;0,55;0,67
30,466;-0,46;0,42;0,51
30,467;-0,48;0,29;0,36
30,514;-0,57;0,07;0,08
30,515;-0,63;-0,03;-0,06
30,517;-0,70;-0,11;-0,21
30,518;-0,79;-0,19;-0,37
30,519;-0,86;-0,26;-0,54
30,520;-0,95;-0,34;-0,71
30,522;-1,02;-0,41;-0,88
30,523;-1,10;-0,48;-1,07
30,524;-1,20;-0,61;-1,47
30,525;-1,21;-0,68;-1,69
30,526;-1,20;-0,71;-1,89
30,527;-1,15;-0,77;-2,11
30,577;-1,07;-0,82;-2,30
30,586;-0,95;-0,89;-2,47
30,587;-0,80;-0,94;-2,64
30,588;-0,63;-1,02;-2,78
30,588;-0,25;-1,13;-3,00
30,589;-0,04;-1,18;-3,06
30,590;0,14;-1,23;-3,11
30,594;0,34;-1,26;-3,12
30,596;0,49;-1,29;-3,11
30,598;0,64;-1,28;-3,07
30,599;0,74;-1,24;-3,02
30,600;0,82;-1,17;-2,96
30,602;0,89;-0,99;-2,84
30,602;0,90;-0,87;-2,80
30,603;0,91;-0,75;-2,79
30,607;0,87;-0,64;-2,77
30,665;0,82;-0,55;-2,78
30,666;0,73;-0,47;-2,81
30,668;0,64;-0,42;-2,85
30,669;0,52;-0,37;-2,90
30,670;0,26;-0,33;-3,03
30,672;0,14;-0,35;-3,10
30,673;0,00;-0,37;-3,19
30,674;-0,10;-0,43;-3,29
30,675;-0,21;-0,48;-3,36
30,676;-0,31;-0,57;-3,47
30,677;-0,39;-0,66;-3,57
30,678;-0,48;-0,77;-3,67
30,679;-0,62;-1,06;-3,84
30,680;-0,67;-1,22;-3,92
30,682;-0,74;-1,37;-4,00
30,730;-0,80;-1,53;-4,05
30,731;-0,86;-1,69;-4,13
30,732;-0,90;-1,87;-4,18
30,733;-0,95;-2,01;-4,24
30,735;-1,01;-2,15;-4,28
30,736;-1,04;-2,40;-4,37
30,737;-1,03;-2,50;-4,40
30,738;-1,04;-2,59;-4,44
30,739;-1,03;-2,67;-4,46
30,740;-1,00;-2,72;-4,48
30,742;-0,99;-2,76;-4,48
30,743;-0,97;-2,78;-4,49
30,747;-0,94;-2,80;-4,48
30,844;-0,89;-2,79;-4,45
30,851;-0,84;-2,77;-4,43
30,853;-0,80;-2,73;-4,39
30,855;-0,74;-2,68;-4,38
30,857;-0,69;-2,62;-4,34
30,859;-0,64;-2,55;-4,30
30,860;-0,59;-2,48;-4,26
30,862;-0,48;-2,27;-4,14
30,864;-0,44;-2,16;-4,07
30,865;-0,40;-2,04;-4,00
30,866;-0,36;-1,92;-3,93
30,867;-0,32;-1,81;-3,85
30,868;-0,26;-1,69;-3,77
30,870;-0,22;-1,59;-3,70
30,871;-0,16;-1,47;-3,62
30,872;-0,01;-1,25;-3,49
30,873;0,06;-1,15;-3,40
30,874;0,11;-1,05;-3,34
30,876;0,18;-0,93;-3,28
30,877;0,22;-0,84;-3,20
30,878;0,27;-0,75;-3,12
30,879;0,31;-0,66;-3,05
30,880;0,34;-0,56;-2,98
30,882;0,40;-0,40;-2,82
30,883;0,44;-0,33;-2,73
30,884;0,48;-0,26;-2,65
30,885;0,51;-0,19;-2,55
30,890;0,58;-0,14;-2,45
30,969;0,63;-0,11;-2,33
30,971;0,69;-0,10;-2,21
30,982;0,74;-0,09;-2,10
30,983;0,81;-0,10;-1,86
30,984;0,80;-0,11;-1,76
30,985;0,77;-0,15;-1,67
30,986;0,75;-0,21;-1,62
30,987;0,72;-0,28;-1,59
30,988;0,69;-0,39;-1,56
30,989;0,66;-0,50;-1,55
30,990;0,61;-0,63;-1,54
30,992;0,52;-0,86;-1,57
30,993;0,47;-0,94;-1,59
30,998;0,43;-0,99;-1,60
30,999;0,40;-1,02;-1,60
31,000;0,38;-1,02;-1,61
31,001;0,37;-1,00;-1,60
31,002;0,37;-0,96;-1,57
31,003;0,36;-0,88;-1,52
31,004;0,39;-0,73;-1,37
31,005;0,39;-0,60;-1,27
31,006;0,41;-0,48;-1,12
31,007;0,41;-0,33;-0,97
31,008;0,43;-0,21;-0,80
31,075;0,43;-0,05;-0,63
31,076;0,44;0,09;-0,47
31,077;0,45;0,22;-0,29
31,078;0,43;0,45;0,05
31,079;0,41;0,53;0,22
31,085;0,39;0,60;0,39
31,085;0,38;0,63;0,55
31,086;0,35;0,68;0,73
31,087;0,32;0,70;0,89
31,088;0,27;0,71;1,03
31,089;0,22;0,70;1,19
31,090;0,11;0,65;1,49
31,091;0,02;0,61;1,64
31,092;-0,06;0,57;1,78
31,094;-0,15;0,52;1,89
31,095;-0,23;0,47;2,01
31,096;-0,32;0,41;2,11
31,097;-0,38;0,35;2,20
31,228;-0,46;0,31;2,25
31,231;-0,56;0,27;2,32
31,234;-0,61;0,29;2,36
31,235;-0,65;0,35;2,38
31,242;-0,70;0,43;2,42
31,244;-0,74;0,52;2,47
31,245;-0,72;0,66;2,52
31,247;-0,75;0,81;2,60
31,249;-0,71;0,99;2,68
31,250;-0,59;1,34;2,84
31,251;-0,51;1,53;2,92
31,253;-0,40;1,69;3,01
31,254;-0,29;1,87;3,09
31,255;-0,17;2,03;3,14
31,256;-0,05;2,17;3,20
31,258;0,06;2,29;3,23
31,259;0,30;2,51;3,31
31,260;0,43;2,58;3,33
31,261;0,56;2,67;3,35
31,263;0,69;2,71;3,37
31,264;0,79;2,75;3,39
31,265;0,93;2,78;3,40
31,266;1,03;2,78;3,41
31,268;1,13;2,77;3,43
31,269;1,27;2,74;3,48
31,270;1,32;2,74;3,49
31,271;1,33;2,71;3,51
31,273;1,33;2,70;3,55
31,274;1,31;2,67;3,56
31,275;1,28;2,65;3,60
31,277;1,20;2,62;3,65
31,278;1,15;2,57;3,70
31,279;1,00;2,49;3,80
31,280;0,95;2,43;3,84
31,281;0,89;2,37;3,84
31,283;0,82;2,31;3,88
31,284;0,77;2,24;3,88
31,345;0,72;2,18;3,90
31,347;0,67;2,10;3,90
31,348;0,61;2,03;3,91
31,349;0,48;1,92;3,90
31,350;0,43;1,86;3,91
31,351;0,37;1,80;3,90
31,353;0,31;1,77;3,91
31,354;0,26;1,74;3,92
31,354;0,20;1,70;3,92
31,355;0,15;1,69;3,92
31,356;0,09;1,68;3,93
31,357;-0,05;1,68;3,96
31,358;-0,12;1,69;3,98
31,359;-0,20;1,72;4,00
31,360;-0,29;1,74;4,02
31,414;-0,36;1,76;4,03
31,417;-0,43;1,79;4,03
31,418;-0,49;1,80;4,02
31,420;-0,55;1,81;4,00
31,421;-0,63;1,78;3,94
31,422;-0,65;1,76;3,89
31,423;-0,65;1,72;3,85
31,424;-0,65;1,68;3,79
31,425;-0,65;1,64;3,73
31,426;-0,64;1,58;3,66
31,427;-0,63;1,53;3,59
31,428;-0,61;1,47;3,52
31,429;-0,58;1,37;3,38
31,430;-0,57;1,33;3,30
31,518;-0,57;1,30;3,23
31,520;-0,56;1,28;3,14
31,522;-0,55;1,25;3,07
31,523;-0,55;1,22;2,98
31,524;-0,55;1,19;2,90
31,525;-0,53;1,14;2,80
31,526;-0,51;1,07;2,59
31,527;-0,50;1,02;2,49
31,528;-0,50;0,99;2,37
31,529;-0,50;0,96;2,26
31,530;-0,50;0,91;2,14
31,530;-0,50;0,88;2,01
31,532;-0,51;0,85;1,89
31,533;-0,52;0,79;1,74
31,534;-0,55;0,71;1,47
31,535;-0,57;0,65;1,34
31,536;-0,56;0,57;1,19
31,537;-0,58;0,52;1,04
31,538;-0,58;0,44;0,89
31,539;-0,59;0,37;0,74
31,540;-0,61;0,29;0,60
31,545;-0,60;0,22;0,46
31,546;-0,60;0,09;0,16
31,547;-0,62;0,03;0,02
31,595;-0,63;-0,04;-0,15
31,596;-0,66;-0,10;-0,30
31,598;-0,69;-0,17;-0,47
31,598;-0,73;-0,22;-0,63
31,600;-0,77;-0,26;-0,82
31,601;-0,86;-0,37;-1,22
31,602;-0,89;-0,42;-1,43
31,604;-0,92;-0,48;-1,65
31,605;-0,94;-0,54;-1,88
31,606;-0,93;-0,63;-2,09
31,607;-0,90;-0,71;-2,28
31,609;-0,85;-0,79;-2,47
31,692;-0,78;-0,87;-2,62
31,694;-0,62;-1,00;-2,83
31,695;-0,53;-1,05;-2,91
31,696;-0,44;-1,09;-2,97
31,698;-0,38;-1,13;-3,00
31,699;-0,30;-1,15;-3,02
31,702;-0,23;-1,17;-3,02
31,703;-0,18;-1,19;-3,03
31,704;-0,13;-1,20;-3,03
31,705;-0,10;-1,21;-3,08
31,706;-0,13;-1,20;-3,11
31,707;-0,16;-1,20;-3,19
31,708;-0,23;-1,18;-3,26
31,709;-0,31;-1,17;-3,34
31,710;-0,40;-1,13;-3,42
31,711;-0,49;-1,12;-3,52
31,712;-0,59;-1,15;-3,63
31,713;-0,73;-1,20;-3,83
31,714;-0,78;-1,23;-3,93
31,715;-0,78;-1,29;-4,03
31,716;-0,77;-1,35;-4,12
31,718;-0,75;-1,42;-4,22
31,786;-0,74;-1,48;-4,30
31,788;-0,71;-1,53;-4,36
31,790;-0,70;-1,55;-4,41
31,791;-0,75;-1,57;-4,52
31,793;-0,80;-1,54;-4,53
31,795;-0,86;-1,51;-4,55
31,796;-0,91;-1,48;-4,54
31,798;-0,97;-1,45;-4,56
31,799;-1,03;-1,41;-4,56
31,800;-1,08;-1,40;-4,54
31,802;-1,14;-1,35;-4,50
31,804;-1,25;-1,28;-4,44
31,805;-1,29;-1,25;-4,40
31,806;-1,33;-1,23;-4,34
31,808;-1,36;-1,20;-4,29
31,809;-1,36;-1,19;-4,24
31,810;-1,36;-1,20;-4,20
31,812;-1,35;-1,18;-4,14
31,818;-1,32;-1,19;-4,07
31,819;-1,25;-1,23;-3,97
31,886;-1,20;-1,25;-3,93
31,888;-1,15;-1,27;-3,87
31,890;-1,08;-1,31;-3,84
31,891;-1,03;-1,34;-3,81
31,893;-0,97;-1,37;-3,77
31,894;-0,91;-1,40;-3,73
31,895;-0,85;-1,40;-3,69
31,896;-0,74;-1,37;-3,57
31,898;-0,71;-1,34;-3,50
31,899;-0,66;-1,31;-3,43
31,900;-0,66;-1,25;-3,33
31,901;-0,65;-1,19;-3,26
31,902;-0,65;-1,14;-3,18
31,904;-0,66;-1,07;-3,09
31,905;-0,68;-1,01;-3,01
31,906;-0,71;-0,86;-2,84
31,913;-0,70;-0,81;-2,78
31,914;-0,68;-0,76;-2,68
31,916;-0,65;-0,72;-2,64
31,970;-0,61;-0,71;-2,59
31,971;-0,55;-0,68;-2,54
31,975;-0,49;-0,67;-2,50
31,976;-0,45;-0,66;-2,45
31,977;-0,33;-0,66;-2,37
31,978;-0,27;-0,63;-2,33
31,979;-0,21;-0,60;-2,29
31,980;-0,15;-0,59;-2,25
31,981;-0,12;-0,54;-2,22
31,982;-0,06;-0,50;-2,18
31,983;-0,05;-0,42;-2,14
31,984;-0,05;-0,28;-2,05
31,985;-0,07;-0,20;-2,02
31,986;-0,08;-0,12;-1,99
32,029;-0,08;-0,07;-1,96
32,031;-0,08;-0,02;-1,92
32,032;-0,07;0,03;-1,88
32,034;-0,06;0,07;-1,85
32,035;-0,03;0,13;-1,80
32,036;0,03;0,24;-1,70
32,037;0,07;0,30;-1,64
32,038;0,13;0,35;-1,58
32,039;0,19;0,39;-1,53
32,040;0,27;0,44;-1,47
32,055;0,34;0,48;-1,40
32,056;0,43;0,52;-1,30
32,062;0,53;0,53;-1,20
32,063;0,69;0,53;-0,96
32,064;0,80;0,52;-0,81
32,065;0,87;0,48;-0,65
32,108;0,93;0,43;-0,51
32,109;0,96;0,40;-0,34
32,110;0,97;0,35;-0,17
32,111;0,93;0,34;-0,02
32,112;0,88;0,32;0,12
32,113;0,72;0,30;0,34
32,114;0,62;0,29;0,42
32,114;0,50;0,29;0,47
32,115;0,41;0,27;0,52
32,116;0,30;0,26;0,57
32,118;0,23;0,23;0,62
32,165;0,17;0,19;0,68
32,166;0,15;0,14;0,76
32,167;0,20;0,08;0,95
32,168;0,25;0,04;1,07
32,169;0,32;0,01;1,21
32,170;0,37;-0,01;1,36
32,171;0,40;-0,02;1,52
32,171;0,42;-0,02;1,69
32,172;0,42;0,01;1,87
32,173;0,41;0,04;2,04
32,174;0,30;0,13;2,33
32,239;0,23;0,18;2,47
32,240;0,16;0,25;2,58
32,243;0,08;0,34;2,69
32,243;0,00;0,43;2,76
32,244;-0,07;0,51;2,80
32,245;-0,15;0,60;2,86
32,245;-0,22;0,68;2,91
32,246;-0,31;0,81;2,99
32,247;-0,31;0,86;3,02
32,248;-0,32;0,89;3,05
32,248;-0,28;0,92;3,06
32,249;-0,22;0,92;3,09
32,250;-0,17;0,92;3,10
32,250;-0,09;0,92;3,14
32,251;-0,03;0,93;3,17
32,325;0,11;0,96;3,24
32,326;0,17;0,98;3,27
32,328;0,25;1,00;3,31
32,329;0,31;1,03;3,37
32,331;0,38;1,03;3,41
32,332;0,43;1,05;3,46
32,333;0,51;1,08;3,51
32,335;0,55;1,09;3,54
32,336;0,62;1,10;3,61
32,337;0,63;1,10;3,65
32,339;0,66;1,09;3,70
32,340;0,69;1,08;3,74
32,342;0,72;1,04;3,78
32,343;0,77;1,00;3,80
32,344;0,83;0,96;3,82
32,346;0,90;0,93;3,85
32,347;1,02;0,87;3,88
32,348;1,09;0,84;3,88
32,349;1,15;0,81;3,90
32,350;1,20;0,82;3,90
32,409;1,24;0,85;3,92
32,411;1,29;0,87;3,95
32,413;1,33;0,91;3,98
32,414;1,41;0,97;4,05
32,415;1,44;1,01;4,10
32,416;1,47;1,06;4,12
32,417;1,47;1,09;4,15
32,418;1,48;1,14;4,17
32,420;1,45;1,20;4,17
32,421;1,42;1,23;4,18
32,422;1,38;1,29;4,18
32,423;1,30;1,40;4,20
32,424;1,24;1,43;4,20
32,425;1,21;1,48;4,20
32,426;1,15;1,51;4,19
32,483;1,08;1,53;4,19
32,484;1,03;1,55;4,19
32,485;0,97;1,57;4,17
32,486;0,91;1,57;4,16
32,487;0,79;1,57;4,12
32,488;0,74;1,58;4,06
32,489;0,69;1,56;4,01
32,490;0,63;1,54;3,96
32,492;0,58;1,50;3,89
32,493;0,54;1,48;3,80
32,494;0,48;1,44;3,70
32,494;0,42;1,41;3,61
32,495;0,29;1,33;3,39
32,496;0,23;1,29;3,28
32,498;0,18;1,23;3,16
32,544;0,12;1,21;3,02
32,546;0,06;1,16;2,90
32,547;0,01;1,11;2,78
32,548;-0,03;1,06;2,65
32,549;-0,08;1,03;2,52
32,550;-0,14;0,95;2,26
32,551;-0,16;0,91;2,13
32,562;-0,19;0,87;2,00
32,563;-0,22;0,84;1,87
32,565;-0,25;0,81;1,74
32,566;-0,29;0,78;1,62
32,567;-0,32;0,76;1,48
32,568;-0,35;0,75;1,36
32,569;-0,43;0,71;1,10
32,646;-0,47;0,68;0,99
32,650;-0,50;0,66;0,86
32,653;-0,54;0,60;0,75
32,655;-0,58;0,57;0,65
32,657;-0,61;0,52;0,53
32,658;-0,63;0,47;0,43
32,659;-0,66;0,41;0,32
32,661;-0,71;0,28;0,10
32,663;-0,74;0,20;-0,02
32,664;-0,77;0,14;-0,16
32,666;-0,80;0,07;-0,32
32,667;-0,85;0,01;-0,48
32,668;-0,89;-0,07;-0,63
32,670;-0,92;-0,12;-0,79
32,671;-0,98;-0,17;-0,96
32,678;-1,07;-0,29;-1,32
32,679;-1,09;-0,37;-1,51
32,680;-1,10;-0,44;-1,71
32,682;-1,09;-0,51;-1,89
32,686;-1,08;-0,59;-2,07
32,688;-1,03;-0,67;-2,24
32,689;-0,98;-0,76;-2,40
32,690;-0,92;-0,84;-2,54
32,699;-0,78;-0,98;-2,76
32,700;-0,70;-1,02;-2,84
32,701;-0,62;-1,06;-2,91
32,758;-0,53;-1,10;-2,95
32,760;-0,45;-1,11;-2,99
32,761;-0,38;-1,13;-3,00
32,762;-0,30;-1,12;-3,01
32,763;-0,25;-1,11;-3,02
32,764;-0,15;-1,06;-3,06
32,765;-0,09;-1,03;-3,09
32,767;-0,06;-0,98;-3,12
32,768;-0,04;-0,95;-3,17
32,768;-0,00;-0,90;-3,23
32,770;0,01;-0,86;-3,29
32,771;0,04;-0,82;-3,35
32,772;0,11;-0,77;-3,50
32,782;0,16;-0,76;-3,59
32,784;0,23;-0,75;-3,67
32,785;0,32;-0,76;-3,76
32,786;0,41;-0,78;-3,84
32,852;0,49;-0,80;-3,90
32,854;0,59;-0,82;-3,96
32,856;0,69;-0,83;-3,99
32,857;0,82;-0,83;-4,05
32,859;0,87;-0,83;-4,05
32,860;0,92;-0,82;-4,05
32,861;0,96;-0,81;-4,04
32,862;0,99;-0,82;-4,01
32,863;1,00;-0,80;-3,98
32,865;1,03;-0,80;-3,96
32,866;1,02;-0,81;-3,90
32,867;0,99;-0,81;-3,81
32,869;0,97;-0,81;-3,76
32,871;0,93;-0,81;-3,69
32,872;0,89;-0,83;-3,65
32,873;0,83;-0,84;-3,59
32,875;0,78;-0,85;-3,55
32,876;0,72;-0,88;-3,51
32,921;0,67;-0,92;-3,47
32,922;0,56;-1,00;-3,41
32,924;0,50;-1,05;-3,39
32,925;0,44;-1,11;-3,36
32,927;0,37;-1,18;-3,34
32,928;0,33;-1,25;-3,31
32,929;0,26;-1,31;-3,30
32,930;0,21;-1,39;-3,26
32,931;0,14;-1,45;-3,25
32,932;0,01;-1,58;-3,21
32,933;-0,04;-1,64;-3,19
32,934;-0,13;-1,67;-3,17
33,001;-0,19;-1,71;-3,13
33,003;-0,26;-1,73;-3,10
33,005;-0,34;-1,74;-3,07
33,006;-0,42;-1,76;-3,03
33,007;-0,49;-1,74;-2,99
33,009;-0,64;-1,72;-2,90
33,010;-0,71;-1,69;-2,86
33,011;-0,79;-1,64;-2,83
33,012;-0,84;-1,59;-2,78
33,014;-0,91;-1,54;-2,75
33,015;-0,95;-1,49;-2,72
33,016;-0,98;-1,43;-2,71
33,017;-1,00;-1,39;-2,69
33,018;-1,03;-1,26;-2,64
33,019;-1,01;-1,20;-2,63
33,020;-0,99;-1,12;-2,61
33,022;-0,98;-1,05;-2,58
33,097;-0,99;-0,97;-2,55
33,100;-0,96;-0,91;-2,54
33,103;-0,98;-0,82;-2,49
33,112;-1,00;-0,76;-2,47
33,114;-1,02;-0,61;-2,39
33,115;-1,03;-0,54;-2,35
33,116;-1,05;-0,50;-2,32
33,118;-1,02;-0,45;-2,29
33,120;-0,98;-0,43;-2,27
33,121;-0,94;-0,39;-2,26
33,123;-0,86;-0,39;-2,25
33,125;-0,76;-0,38;-2,24
33,126;-0,49;-0,42;-2,18
33,127;-0,32;-0,42;-2,14
33,129;-0,15;-0,41;-2,09
33,130;0,02;-0,38;-2,02
33,131;0,17;-0,32;-1,94
33,132;0,31;-0,25;-1,84
33,134;0,46;-0,16;-1,73
33,135;0,60;-0,08;-1,59
33,136;0,86;0,09;-1,30
33,137;0,97;0,17;-1,13
33,139;1,10;0,23;-0,96
33,140;1,20;0,27;-0,78
33,187;1,28;0,32;-0,59
33,189;1,33;0,35;-0,40
33,190;1,34;0,37;-0,22
33,191;1,25;0,38;0,10
33,192;1,16;0,40;0,24
33,193;0,99;0,42;0,34
33,194;0,80;0,41;0,44
33,195;0,60;0,42;0,51
33,196;0,39;0,41;0,56
33,197;0,18;0,37;0,58
33,198;0,01;0,31;0,58
33,199;-0,27;0,13;0,53
33,205;-0,35;0,02;0,52
33,282;-0,43;-0,11;0,49
33,283;-0,43;-0,24;0,50
33,289;-0,41;-0,34;0,50
33,290;-0,36;-0,43;0,55
33,291;-0,29;-0,50;0,63
33,292;-0,22;-0,53;0,72
33,293;-0,06;-0,53;0,98
33,294;-0,01;-0,48;1,14
33,295;0,03;-0,40;1,32
33,297;0,06;-0,29;1,49
33,298;0,08;-0,16;1,65
33,299;0,08;0,01;1,82
33,300;0,07;0,17;1,96
33,301;0,06;0,35;2,11
33,303;-0,02;0,71;2,35
33,304;-0,08;0,89;2,45
33,305;-0,13;1,10;2,54
33,306;-0,16;1,30;2,61
33,307;-0,19;1,44;2,70
33,308;-0,23;1,58;2,75
33,309;-0,22;1,69;2,80
33,379;-0,22;1,77;2,85
33,380;-0,16;1,85;2,89
33,381;-0,14;1,83;2,92
33,383;-0,09;1,82;2,93
33,384;-0,04;1,80;2,96
33,385;0,03;1,76;2,98
33,386;0,07;1,72;3,03
33,387;0,14;1,67;3,06
33,389;0,19;1,64;3,12
33,390;0,29;1,60;3,24
33,391;0,31;1,59;3,29
33,392;0,32;1,56;3,38
33,393;0,31;1,51;3,45
33,394;0,28;1,47;3,54
33,395;0,25;1,42;3,61
33,398;0,24;1,37;3,68
33,402;0,26;1,29;3,74
33,403;0,31;1,14;3,80
33,404;0,34;1,07;3,83
33,456;0,39;0,99;3,84
33,456;0,42;0,95;3,84
33,462;0,45;0,89;3,84
33,463;0,48;0,86;3,84
33,464;0,52;0,83;3,84
33,465;0,55;0,82;3,84
33,466;0,61;0,82;3,83
33,467;0,64;0,84;3,83
33,468;0,69;0,88;3,83
33,469;0,72;0,91;3,83
33,469;0,76;0,96;3,84
33,470;0,78;1,01;3,84
33,471;0,81;1,05;3,83
33,533;0,81;1,11;3,85
33,534;0,86;1,23;3,85
33,535;0,86;1,29;3,84
33,536;0,88;1,35;3,83
33,537;0,89;1,40;3,81
33,538;0,88;1,45;3,80
33,539;0,89;1,50;3,78
33,542;0,89;1,57;3,77
33,543;0,90;1,60;3,74
33,544;0,86;1,67;3,69
33,545;0,83;1,68;3,65
33,546;0,81;1,70;3,60
33,547;0,77;1,69;3,55
33,552;0,73;1,69;3,49
33,553;0,71;1,68;3,43
33,554;0,68;1,67;3,36
33,555;0,61;1,65;3,22
33,612;0,58;1,64;3,15
33,613;0,56;1,62;3,07
33,615;0,50;1,61;3,00
33,616;0,46;1,58;2,92
33,617;0,41;1,57;2,84
33,618;0,35;1,55;2,77
33,619;0,30;1,56;2,69
33,620;0,18;1,52;2,52
33,621;0,12;1,49;2,44
33,622;0,07;1,48;2,37
33,623;-0,00;1,45;2,29
33,626;-0,04;1,43;2,20
33,627;-0,10;1,40;2,12
33,627;-0,16;1,37;2,04
33,629;-0,21;1,33;1,94
33,671;-0,29;1,27;1,75
33,672;-0,33;1,23;1,64
33,674;-0,37;1,17;1,56
33,675;-0,39;1,12;1,44
33,677;-0,42;1,05;1,34
33,678;-0,42;0,99;1,22
33,678;-0,44;0,93;1,11
33,679;-0,44;0,83;1,02
33,728;-0,41;0,66;0,81
33,730;-0,40;0,56;0,71
33,730;-0,40;0,46;0,61
33,732;-0,38;0,35;0,50
33,733;-0,37;0,28;0,42
33,734;-0,37;0,20;0,30
33,735;-0,36;0,15;0,20
33,736;-0,38;0,08;0,09
33,737;-0,40;-0,03;-0,19
33,737;-0,43;-0,08;-0,32
33,738;-0,44;-0,16;-0,45
33,739;-0,44;-0,21;-0,61
33,740;-0,45;-0,30;-0,76
33,742;-0,43;-0,39;-0,92
33,829;-0,40;-0,48;-1,06
33,831;-0,36;-0,57;-1,21
33,834;-0,20;-0,78;-1,45
33,836;-0,11;-0,88;-1,56
33,837;-0,01;-0,97;-1,65
33,839;0,08;-1,05;-1,71
33,840;0,16;-1,10;-1,76
33,842;0,23;-1,15;-1,79
33,843;0,31;-1,19;-1,81
33,845;0,34;-1,22;-1,82
33,846;0,42;-1,25;-1,82
33,848;0,44;-1,25;-1,79
33,849;0,44;-1,22;-1,78
33,851;0,45;-1,22;-1,79
33,852;0,42;-1,18;-1,79
33,853;0,40;-1,18;-1,83
33,855;0,34;-1,14;-1,84
33,856;0,28;-1,13;-1,88
33,857;0,13;-1,11;-1,99
33,858;0,06;-1,08;-2,07
33,860;-0,00;-1,09;-2,18
33,862;-0,05;-1,10;-2,30
33,863;-0,10;-1,11;-2,43
33,864;-0,13;-1,15;-2,57
33,865;-0,16;-1,18;-2,72
33,925;-0,17;-1,22;-2,88
33,932;-0,21;-1,33;-3,16
33,933;-0,24;-1,36;-3,27
33,941;-0,25;-1,40;-3,36
33,942;-0,30;-1,45;-3,44
33,943;-0,33;-1,48;-3,52
33,950;-0,36;-1,50;-3,57
33,951;-0,38;-1,53;-3,61
33,952;-0,41;-1,55;-3,64
33,953;-0,50;-1,58;-3,67
33,954;-0,53;-1,59;-3,69
33,959;-0,58;-1,59;-3,68
33,961;-0,62;-1,60;-3,69
33,962;-0,67;-1,60;-3,69
33,964;-0,72;-1,59;-3,69
33,965;-0,75;-1,60;-3,69
33,966;-0,80;-1,60;-3,70
33,967;-0,81;-1,60;-3,69
33,968;-0,82;-1,61;-3,70
33,969;-0,82;-1,61;-3,70
33,971;-0,81;-1,63;-3,70
34,012;-0,78;-1,63;-3,71
34,013;-0,74;-1,62;-3,71
34,014;-0,71;-1,62;-3,72
34,015;-0,65;-1,61;-3,71
34,016;-0,61;-1,60;-3,69
34,016;-0,60;-1,59;-3,67
34,017;-0,58;-1,58;-3,67
34,018;-0,58;-1,57;-3,64
34,019;-0,56;-1,56;-3,61
34,020;-0,57;-1,55;-3,58
34,098;-0,56;-1,55;-3,56
34,100;-0,60;-1,50;-3,49
34,102;-0,61;-1,48;-3,45
34,109;-0,66;-1,43;-3,43
34,110;-0,68;-1,38;-3,39
34,111;-0,72;-1,33;-3,36
34,112;-0,76;-1,27;-3,32
34,113;-0,78;-1,21;-3,29
34,114;-0,84;-1,16;-3,26
34,115;-0,87;-1,04;-3,20
34,116;-0,88;-0,98;-3,17
34,117;-0,88;-0,92;-3,14
34,118;-0,86;-0,87;-3,11
34,120;-0,84;-0,80;-3,07
34,121;-0,81;-0,77;-3,04
34,122;-0,76;-0,73;-3,01
34,123;-0,72;-0,67;-2,99
34,125;-0,62;-0,57;-2,91
34,126;-0,56;-0,50;-2,87
34,127;-0,51;-0,46;-2,81
34,129;-0,48;-0,40;-2,76
34,130;-0,44;-0,36;-2,71
34,179;-0,39;-0,31;-2,65
34,180;-0,36;-0,26;-2,60
34,182;-0,34;-0,23;-2,54
34,183;-0,28;-0,16;-2,42
34,184;-0,26;-0,14;-2,37
34,185;-0,23;-0,13;-2,32
34,186;-0,18;-0,12;-2,26
34,187;-0,15;-0,16;-2,21
34,188;-0,08;-0,17;-2,13
34,189;-0,00;-0,20;-2,05
34,190;0,07;-0,23;-1,96
34,192;0,24;-0,28;-1,74
34,267;0,30;-0,29;-1,62
34,269;0,36;-0,29;-1,49
34,272;0,41;-0,26;-1,37
34,273;0,45;-0,23;-1,25
34,275;0,50;-0,22;-1,13
34,278;0,54;-0,20;-1,02
34,279;0,56;-0,18;-0,91
34,280;0,58;-0,16;-0,70
34,283;0,59;-0,17;-0,59
34,285;0,56;-0,18;-0,50
34,287;0,51;-0,18;-0,41
34,288;0,44;-0,18;-0,29
34,289;0,34;-0,17;-0,20
34,290;0,20;-0,16;-0,11
34,293;0,06;-0,15;-0,02
34,294;-0,23;-0,14;0,11
34,295;-0,33;-0,18;0,15
34,296;-0,44;-0,22;0,19
34,297;-0,54;-0,27;0,22
34,298;-0,62;-0,32;0,25
34,300;-0,67;-0,37;0,30
34,301;-0,69;-0,43;0,34
34,351;-0,69;-0,47;0,39
34,352;-0,61;-0,56;0,54
34,353;-0,53;-0,58;0,61
34,355;-0,46;-0,58;0,70
34,356;-0,39;-0,58;0,82
34,357;-0,31;-0,54;0,94
34,358;-0,23;-0,49;1,07
34,362;-0,14;-0,44;1,20
34,363;-0,00;-0,27;1,46
34,364;0,06;-0,19;1,58
34,365;0,13;-0,08;1,69
34,366;0,19;0,05;1,80
34,367;0,22;0,20;1,91
34,446;0,25;0,35;2,01
34,448;0,25;0,50;2,11
34,450;0,25;0,67;2,20
34,451;0,21;0,97;2,37
34,452;0,19;1,12;2,46
34,453;0,15;1,26;2,52
34,454;0,12;1,37;2,60
34,455;0,10;1,45;2,67
34,456;0,09;1,52;2,73
34,457;0,07;1,56;2,79
34,458;0,06;1,58;2,84
34,462;0,01;1,58;2,93
34,463;-0,02;1,53;2,99
34,464;-0,03;1,50;3,04
34,465;-0,05;1,47;3,09
34,466;-0,06;1,42;3,15
34,468;-0,08;1,36;3,22
34,469;-0,07;1,29;3,28
34,470;-0,09;1,23;3,34
34,471;-0,10;1,12;3,46
34,472;-0,12;1,05;3,51
34,531;-0,13;1,00;3,56
34,532;-0,12;0,96;3,61
34,533;-0,13;0,92;3,64
34,534;-0,13;0,89;3,67
34,535;-0,13;0,85;3,70
34,536;-0,15;0,81;3,73
34,537;-0,16;0,74;3,80
34,538;-0,15;0,72;3,83
34,539;-0,13;0,69;3,83
34,540;-0,10;0,65;3,86
34,541;-0,06;0,62;3,88
34,542;0,01;0,58;3,87
34,543;0,06;0,53;3,89
34,548;0,12;0,53;3,92
34,549;0,20;0,51;3,95
34,551;0,24;0,51;3,96
34,617;0,27;0,52;3,99
34,618;0,30;0,52;4,00
34,620;0,35;0,55;4,02
34,623;0,38;0,56;4,05
34,626;0,39;0,60;4,07
34,630;0,44;0,62;4,07
34,634;0,46;0,69;4,09
34,636;0,49;0,73;4,10
34,637;0,51;0,75;4,09
34,638;0,52;0,77;4,07
34,639;0,52;0,81;4,08
34,641;0,53;0,85;4,07
34,642;0,54;0,89;4,06
34,643;0,52;0,92;4,04
34,644;0,52;0,98;3,98
34,646;0,53;0,99;3,96
34,647;0,50;1,01;3,93
34,649;0,50;1,02;3,88
34,651;0,49;1,03;3,83
34,652;0,49;1,05;3,77
34,702;0,48;1,05;3,70
34,703;0,46;1,06;3,64
34,705;0,42;1,08;3,49
34,706;0,40;1,09;3,41
34,707;0,37;1,10;3,31
34,708;0,32;1,08;3,22
34,710;0,29;1,08;3,11
34,711;0,26;1,07;3,01
34,712;0,22;1,08;2,91
34,713;0,17;1,08;2,81
34,714;0,07;1,08;2,61
34,715;0,03;1,09;2,51
34,716;0,00;1,11;2,42
34,792;-0,04;1,11;2,33
34,794;-0,07;1,11;2,23
34,796;-0,11;1,10;2,15
34,797;-0,15;1,10;2,06
34,798;-0,22;1,10;1,87
34,799;-0,27;1,08;1,76
34,801;-0,29;1,07;1,67
34,804;-0,33;1,06;1,56
34,806;-0,36;1,04;1,46
34,807;-0,38;1,01;1,34
34,808;-0,40;0,96;1,23
34,809;-0,42;0,92;1,10
34,810;-0,44;0,80;0,86
34,811;-0,43;0,73;0,74
34,812;-0,44;0,65;0,62
34,813;-0,45;0,57;0,49
34,814;-0,44;0,49;0,36
34,816;-0,42;0,40;0,24
34,822;-0,43;0,32;0,13
34,824;-0,44;0,25;0,00
34,825;-0,48;0,16;-0,25
34,826;-0,52;0,10;-0,38
34,906;-0,54;0,07;-0,52
34,916;-0,57;0,02;-0,65
34,919;-0,61;-0,04;-0,80
34,921;-0,62;-0,09;-0,94
34,928;-0,63;-0,15;-1,10
34,929;-0,65;-0,22;-1,24
34,932;-0,62;-0,37;-1,56
34,933;-0,61;-0,44;-1,71
34,935;-0,57;-0,54;-1,87
34,937;-0,52;-0,63;-1,99
34,938;-0,45;-0,73;-2,12
34,941;-0,38;-0,82;-2,22
34,943;-0,30;-0,90;-2,30
34,945;-0,21;-0,96;-2,38
34,947;-0,06;-1,06;-2,44
34,948;0,01;-1,08;-2,46
34,950;0,08;-1,09;-2,47
34,952;0,13;-1,10;-2,46
34,953;0,17;-1,08;-2,46
34,954;0,20;-1,06;-2,46
34,955;0,19;-1,01;-2,46
34,957;0,20;-0,97;-2,48
34,958;0,17;-0,87;-2,54
34,959;0,14;-0,81;-2,61
34,960;0,12;-0,76;-2,68
34,962;0,10;-0,72;-2,75
34,963;0,10;-0,70;-2,83
35,025;0,10;-0,66;-2,95
35,026;0,12;-0,65;-3,07
35,028;0,16;-0,66;-3,22
35,028;0,27;-0,69;-3,49
35,029;0,31;-0,71;-3,62
35,031;0,36;-0,74;-3,74
35,031;0,40;-0,77;-3,82
35,032;0,43;-0,79;-3,91
35,033;0,44;-0,80;-3,96
35,034;0,45;-0,80;-4,01
35,035;0,43;-0,79;-4,03
35,036;0,41;-0,79;-4,10
35,037;0,38;-0,79;-4,11
35,038;0,37;-0,80;-4,12
35,039;0,33;-0,79;-4,13
35,062;0,32;-0,80;-4,12
35,063;0,30;-0,80;-4,12
35,064;0,29;-0,81;-4,11
35,067;0,29;-0,82;-4,10
35,068;0,28;-0,85;-4,05
35,069;0,30;-0,86;-4,05
35,071;0,32;-0,86;-4,03
35,119;0,35;-0,86;-4,01
35,120;0,38;-0,87;-3,99
35,121;0,41;-0,89;-3,97
35,123;0,44;-0,91;-3,95
35,124;0,48;-0,92;-3,93
35,126;0,54;-0,97;-3,85
35,127;0,59;-1,01;-3,81
35,128;0,61;-1,03;-3,77
35,129;0,62;-1,05;-3,74
35,132;0,64;-1,07;-3,69
35,133;0,66;-1,09;-3,65
35,134;0,66;-1,11;-3,61
35,136;0,65;-1,12;-3,51
35,212;0,62;-1,11;-3,46
35,214;0,60;-1,10;-3,41
35,215;0,58;-1,09;-3,36
35,216;0,56;-1,06;-3,31
35,217;0,52;-1,02;-3,26
35,219;0,48;-0,99;-3,20
35,220;0,47;-0,94;-3,14
35,221;0,47;-0,83;-3,04
35,222;0,50;-0,75;-2,99
35,223;0,54;-0,70;-2,94
35,224;0,60;-0,66;-2,85
35,225;0,68;-0,63;-2,77
35,226;0,78;-0,60;-2,65
35,227;0,88;-0,57;-2,51
35,228;1,00;-0,55;-2,34
35,229;1,26;-0,47;-2,00
35,230;1,38;-0,44;-1,83
35,231;1,48;-0,42;-1,68
35,232;1,59;-0,39;-1,54
35,305;1,65;-0,37;-1,44
35,307;1,69;-0,34;-1,34
35,308;1,69;-0,33;-1,26
35,309;1,67;-0,30;-1,22
35,310;1,58;-0,24;-1,15
35,312;1,51;-0,22;-1,15
35,313;1,44;-0,18;-1,15
35,314;1,36;-0,17;-1,16
35,315;1,30;-0,14;-1,19
35,316;1,25;-0,12;-1,21
35,317;1,19;-0,10;-1,24
35,318;1,15;-0,08;-1,25
35,319;1,09;-0,03;-1,27
35,320;1,06;0,00;-1,25
35,321;1,05;0,05;-1,22
35,322;1,02;0,10;-1,16
35,323;1,01;0,14;-1,11
35,324;0,99;0,21;-1,03
35,417;0,97;0,25;-0,92
35,419;0,97;0,29;-0,81
35,419;0,95;0,32;-0,59
35,422;0,92;0,32;-0,44
35,423;0,87;0,29;-0,30
35,424;0,81;0,27;-0,14
35,425;0,69;0,24;0,01
35,426;0,55;0,24;0,17
35,427;0,36;0,22;0,31
35,429;0,16;0,21;0,44
35,430;-0,32;0,24;0,63
35,431;-0,55;0,26;0,68
35,432;-0,75;0,26;0,72
35,435;-0,93;0,25;0,74
35,436;-1,10;0,23;0,75
35,437;-1,18;0,20;0,74
35,438;-1,25;0,17;0,72
35,439;-1,25;0,14;0,71
35,440;-1,11;0,12;0,75
35,441;-1,00;0,11;0,82
35,441;-0,87;0,12;0,89
35,442;-0,74;0,14;1,01
35,443;-0,64;0,17;1,14
35,444;-0,53;0,20;1,32
35,491;-0,45;0,26;1,50
35,493;-0,36;0,31;1,70
35,494;-0,28;0,45;2,06
35,495;-0,27;0,50;2,23
35,496;-0,30;0,58;2,36
35,497;-0,35;0,68;2,48
35,498;-0,40;0,76;2,58
35,499;-0,48;0,87;2,67
35,500;-0,55;0,96;2,74
35,501;-0,64;1,04;2,79
35,502;-0,79;1,21;2,88
35,503;-0,83;1,28;2,89
35,572;-0,87;1,35;2,93
35,574;-0,90;1,41;2,96
35,575;-0,90;1,46;2,97
35,576;-0,89;1,49;2,98
35,577;-0,89;1,53;2,99
35,578;-0,84;1,59;3,00
35,579;-0,81;1,61;3,01
35,593;-0,78;1,65;3,02
35,594;-0,75;1,68;3,03
35,595;-0,73;1,70;3,04
35,598;-0,70;1,71;3,06
35,599;-0,68;1,71;3,09
35,600;-0,64;1,70;3,11
35,601;-0,59;1,69;3,15
35,602;-0,55;1,67;3,19
35,603;-0,52;1,67;3,21
35,604;-0,49;1,66;3,26
35,606;-0,50;1,65;3,29
35,607;-0,50;1,63;3,35
35,609;-0,51;1,61;3,38
35,611;-0,51;1,57;3,45
35,612;-0,48;1,47;3,54
35,686;-0,46;1,39;3,59
35,688;-0,41;1,32;3,62
35,690;-0,35;1,25;3,67
35,692;-0,30;1,19;3,68
35,695;-0,25;1,14;3,72
35,698;-0,20;1,09;3,76
35,700;-0,17;1,06;3,79
35,702;-0,09;1,03;3,89
35,704;-0,09;1,03;3,94
35,705;-0,07;1,04;3,99
35,707;-0,09;1,05;4,03
35,708;-0,12;1,07;4,07
35,709;-0,16;1,10;4,14
35,711;-0,20;1,14;4,22
35,712;-0,25;1,21;4,29
35,714;-0,37;1,31;4,45
35,715;-0,42;1,36;4,53
35,716;-0,48;1,41;4,57
35,718;-0,53;1,47;4,63
35,719;-0,59;1,53;4,66
35,720;-0,62;1,58;4,70
35,766;-0,66;1,61;4,72
35,768;-0,68;1,64;4,72
35,769;-0,68;1,67;4,70
35,770;-0,65;1,67;4,67
35,772;-0,63;1,66;4,64
35,774;-0,59;1,66;4,61
35,775;-0,53;1,64;4,55
35,776;-0,47;1,63;4,50
35,777;-0,40;1,61;4,43
35,779;-0,36;1,59;4,36
35,780;-0,24;1,58;4,20
35,781;-0,21;1,59;4,11
35,782;-0,20;1,59;4,03
35,842;-0,17;1,61;3,92
35,843;-0,18;1,61;3,82
35,844;-0,20;1,62;3,71
35,845;-0,21;1,63;3,59
35,849;-0,24;1,62;3,46
35,850;-0,31;1,64;3,18
35,851;-0,35;1,64;3,01
35,852;-0,38;1,61;2,84
35,853;-0,43;1,58;2,68
35,853;-0,45;1,55;2,49
35,854;-0,46;1,50;2,32
35,855;-0,50;1,44;2,14
35,856;-0,51;1,38;1,97
35,856;-0,53;1,22;1,63
35,857;-0,56;1,15;1,46
35,918;-0,58;1,06;1,31
35,919;-0,59;0,97;1,16
35,920;-0,62;0,89;1,00
35,921;-0,64;0,81;0,84
35,922;-0,65;0,72;0,69
35,923;-0,66;0,63;0,54
35,924;-0,70;0,47;0,25
35,925;-0,71;0,39;0,10
35,926;-0,74;0,30;-0,06
35,927;-0,73;0,21;-0,20
35,928;-0,74;0,13;-0,37
35,928;-0,75;0,06;-0,53
35,929;-0,77;-0,03;-0,71
35,930;-0,75;-0,20;-1,05
35,932;-0,75;-0,28;-1,23
35,998;-0,73;-0,36;-1,44
36,000;-0,71;-0,43;-1,62
36,002;-0,68;-0,49;-1,84
36,004;-0,63;-0,58;-2,05
36,005;-0,57;-0,65;-2,27
36,008;-0,48;-0,74;-2,46
36,009;-0,35;-0,89;-2,80
36,012;-0,29;-0,94;-2,96
36,013;-0,21;-0,99;-3,10
36,015;-0,13;-1,04;-3,21
36,017;-0,06;-1,08;-3,30
36,018;0,02;-1,11;-3,39
36,019;0,10;-1,16;-3,46
36,021;0,18;-1,18;-3,52
36,022;0,39;-1,24;-3,59
36,023;0,48;-1,25;-3,60
36,025;0,59;-1,26;-3,61
36,026;0,68;-1,27;-3,61
36,028;0,77;-1,27;-3,60
36,088;0,85;-1,27;-3,57
36,089;0,94;-1,25;-3,56
36,096;1,04;-1,24;-3,55
36,097;1,18;-1,19;-3,56
36,100;1,25;-1,17;-3,58
36,102;1,32;-1,11;-3,61
36,104;1,36;-1,09;-3,64
36,105;1,44;-1,05;-3,69
36,106;1,48;-1,01;-3,72
36,107;1,53;-0,98;-3,77
36,108;1,60;-0,96;-3,80
36,109;1,69;-0,91;-3,88
36,110;1,74;-0,89;-3,91
36,112;1,75;-0,87;-3,94
36,114;1,77;-0,86;-3,96
36,117;1,79;-0,85;-3,99
36,118;1,78;-0,83;-4,00
36,119;1,78;-0,82;-4,01
36,172;1,76;-0,84;-4,01
36,173;1,71;-0,87;-4,00
36,174;1,68;-0,89;-3,99
36,175;1,65;-0,91;-3,97
36,176;1,61;-0,94;-3,95
36,177;1,57;-0,98;-3,93
36,179;1,53;-1,03;-3,90
36,180;1,47;-1,08;-3,86
36,181;1,42;-1,15;-3,81
36,183;1,32;-1,30;-3,70
36,184;1,27;-1,39;-3,66
36,185;1,23;-1,47;-3,60
36,187;1,19;-1,56;-3,57
36,188;1,15;-1,65;-3,51
36,290;1,10;-1,74;-3,46
36,291;1,06;-1,84;-3,41
36,293;1,00;-1,92;-3,35
36,294;0,91;-2,08;-3,24
36,295;0,86;-2,15;-3,20
36,296;0,80;-2,21;-3,15
36,296;0,74;-2,27;-3,10
36,298;0,69;-2,31;-3,06
36,299;0,62;-2,34;-3,01
36,302;0,55;-2,37;-2,95
36,307;0,49;-2,39;-2,90
36,308;0,37;-2,37;-2,78
36,309;0,32;-2,37;-2,73
36,310;0,28;-2,35;-2,69
36,311;0,23;-2,33;-2,66
36,312;0,20;-2,29;-2,63
36,313;0,18;-2,25;-2,62
36,314;0,13;-2,18;-2,60
36,315;0,11;-2,11;-2,61
36,316;0,06;-1,90;-2,62
36,317;0,03;-1,77;-2,63
36,318;0,00;-1,62;-2,63
36,319;-0,02;-1,49;-2,65
36,319;-0,04;-1,36;-2,65
36,320;-0,07;-1,22;-2,64
36,323;-0,08;-1,07;-2,63
36,325;-0,05;-0,81;-2,58
36,383;-0,04;-0,71;-2,57
36,385;0,00;-0,61;-2,52
36,388;0,04;-0,54;-2,49
36,389;0,09;-0,47;-2,44
36,390;0,12;-0,41;-2,40
36,392;0,16;-0,36;-2,36
36,393;0,19;-0,31;-2,31
36,395;0,27;-0,19;-2,28
36,396;0,34;-0,15;-2,29
36,397;0,45;-0,10;-2,29
36,399;0,54;-0,06;-2,30
36,400;0,64;-0,04;-2,26
36,402;0,76;-0,01;-2,21
36,403;0,86;0,00;-2,12
36,404;0,98;0,03;-2,01
36,405;1,19;0,06;-1,70
36,407;1,28;0,10;-1,51
36,497;1,34;0,13;-1,33
36,500;1,39;0,15;-1,14
36,502;1,40;0,21;-0,95
36,504;1,39;0,27;-0,76
36,506;1,32;0,32;-0,57
36,507;1,25;0,36;-0,41
36,508;0,97;0,45;-0,12
36,509;0,81;0,47;0,01
36,511;0,63;0,50;0,13
36,512;0,44;0,53;0,24
36,513;0,25;0,54;0,32
36,515;0,07;0,55;0,37
36,516;-0,11;0,57;0,43
36,517;-0,27;0,57;0,47
36,519;-0,57;0,58;0,53
36,520;-0,70;0,56;0,57
36,522;-0,79;0,53;0,61
36,523;-0,85;0,49;0,66
36,524;-0,89;0,45;0,73
36,526;-0,91;0,43;0,82
36,528;-0,90;0,39;0,95
36,530;-0,89;0,36;1,07
36,532;-0,85;0,31;1,37
36,533;-0,84;0,30;1,54
36,535;-0,82;0,30;1,72
36,537;-0,82;0,28;1,89
36,545;-0,83;0,26;2,06
36,603;-0,85;0,26;2,21
36,605;-0,89;0,26;2,34
36,606;-0,91;0,24;2,45
36,609;-0,96;0,25;2,62
36,611;-1,00;0,27;2,67
36,612;-1,02;0,29;2,73
36,613;-1,07;0,35;2,77
36,614;-1,10;0,42;2,80
36,615;-1,14;0,48;2,82
36,616;-1,19;0,57;2,85
36,618;-1,24;0,64;2,88
36,619;-1,31;0,83;2,93
36,620;-1,32;0,93;2,98
36,621;-1,34;1,02;3,01
36,622;-1,33;1,11;3,06
36,623;-1,32;1,19;3,08
36,677;-1,30;1,27;3,12
36,679;-1,25;1,32;3,16
36,679;-1,20;1,40;3,19
36,682;-1,07;1,48;3,25
36,683;-1,01;1,52;3,26
36,684;-0,92;1,54;3,28
36,685;-0,85;1,56;3,29
36,686;-0,77;1,58;3,31
36,687;-0,70;1,59;3,32
36,688;-0,64;1,60;3,35
36,689;-0,58;1,62;3,35
36,690;-0,49;1,61;3,39
36,690;-0,47;1,61;3,41
36,692;-0,45;1,60;3,44
36,742;-0,43;1,60;3,49
36,743;-0,42;1,57;3,51
36,744;-0,40;1,55;3,55
36,745;-0,35;1,49;3,54
36,746;-0,27;1,40;3,58
36,746;-0,21;1,36;3,58
36,747;-0,17;1,30;3,58
36,748;-0,12;1,26;3,60
36,749;-0,08;1,22;3,59
36,750;-0,04;1,20;3,60
36,751;-0,01;1,17;3,61
36,752;0,03;1,15;3,62
36,817;0,08;1,11;3,63
36,818;0,11;1,12;3,64
36,819;0,13;1,10;3,65
36,819;0,15;1,12;3,66
36,820;0,18;1,13;3,67
36,821;0,19;1,15;3,69
36,822;0,20;1,16;3,70
36,823;0,23;1,20;3,72
36,823;0,22;1,26;3,76
36,824;0,22;1,27;3,76
36,825;0,24;1,31;3,78
36,825;0,21;1,35;3,76
36,826;0,22;1,37;3,76
36,827;0,20;1,40;3,75
36,828;0,17;1,43;3,72
36,920;0,17;1,44;3,69
36,923;0,12;1,45;3,61
36,924;0,08;1,47;3,57
36,925;0,07;1,47;3,52
36,926;0,04;1,46;3,44
36,927;0,03;1,46;3,37
36,928;-0,00;1,44;3,28
36,929;-0,01;1,43;3,21
36,930;-0,02;1,41;3,11
36,931;-0,08;1,35;2,94
36,932;-0,10;1,33;2,83
36,933;-0,12;1,30;2,72
36,934;-0,15;1,27;2,60
36,935;-0,17;1,24;2,48
36,936;-0,19;1,21;2,36
36,937;-0,22;1,17;2,24
36,938;-0,26;1,15;2,11
36,939;-0,34;1,09;1,87
36,940;-0,39;1,06;1,78
36,941;-0,42;1,03;1,67
36,943;-0,48;1,00;1,59
36,944;-0,50;0,95;1,48
36,945;-0,52;0,91;1,41
37,045;-0,56;0,87;1,32
37,047;-0,58;0,83;1,23
37,048;-0,63;0,74;1,06
37,050;-0,64;0,69;0,97
37,051;-0,66;0,65;0,87
37,056;-0,67;0,59;0,79
37,057;-0,68;0,54;0,68
37,058;-0,68;0,48;0,58
37,059;-0,67;0,40;0,48
37,060;-0,66;0,31;0,38
37,062;-0,62;0,12;0,19
37,063;-0,62;0,04;0,07
37,064;-0,60;-0,04;-0,04
37,065;-0,58;-0,13;-0,17
37,066;-0,58;-0,22;-0,31
37,067;-0,58;-0,29;-0,47
37,069;-0,59;-0,36;-0,62
37,069;-0,62;-0,43;-0,79
37,070;-0,65;-0,57;-1,11
37,092;-0,65;-0,63;-1,29
37,093;-0,65;-0,70;-1,46
37,105;-0,65;-0,76;-1,65
37,106;-0,64;-0,82;-1,83
37,107;-0,63;-0,89;-2,01
37,109;-0,59;-0,94;-2,18
37,110;-0,56;-1,01;-2,34
37,111;-0,44;-1,12;-2,62
37,113;-0,35;-1,18;-2,76
37,114;-0,28;-1,24;-2,86
37,115;-0,20;-1,30;-2,97
37,117;-0,11;-1,35;-3,06
37,118;-0,04;-1,38;-3,13
37,122;0,06;-1,38;-3,17
37,126;0,23;-1,40;-3,28
37,128;0,31;-1,38;-3,30
37,129;0,38;-1,37;-3,33
37,130;0,46;-1,33;-3,35
37,175;0,50;-1,31;-3,37
37,176;0,53;-1,25;-3,37
37,177;0,56;-1,20;-3,41
37,178;0,57;-1,13;-3,44
37,183;0,55;-1,01;-3,52
37,184;0,54;-0,96;-3,58
37,185;0,55;-0,91;-3,62
37,186;0,56;-0,87;-3,70
37,187;0,58;-0,85;-3,77
37,188;0,60;-0,83;-3,84
37,189;0,67;-0,81;-3,91
37,190;0,73;-0,82;-4,00
37,193;0,91;-0,85;-4,15
37,274;1,00;-0,87;-4,21
37,276;1,09;-0,90;-4,27
37,277;1,19;-0,94;-4,29
37,278;1,26;-0,94;-4,31
37,279;1,32;-0,96;-4,31
37,280;1,34;-0,96;-4,28
37,281;1,36;-0,98;-4,25
37,283;1,37;-1,00;-4,18
37,284;1,37;-1,03;-4,13
37,288;1,34;-1,05;-4,08
37,289;1,30;-1,08;-4,03
37,290;1,26;-1,11;-3,97
37,291;1,21;-1,17;-3,93
37,292;1,15;-1,20;-3,90
37,293;1,08;-1,25;-3,88
37,294;0,95;-1,36;-3,81
37,295;0,88;-1,42;-3,80
37,296;0,79;-1,47;-3,75
37,297;0,71;-1,54;-3,75
37,298;0,64;-1,59;-3,69
37,299;0,58;-1,66;-3,67
37,381;0,51;-1,72;-3,63
37,388;0,47;-1,77;-3,59
37,390;0,37;-1,86;-3,52
37,391;0,34;-1,90;-3,48
37,393;0,30;-1,92;-3,41
37,394;0,26;-1,95;-3,35
37,395;0,23;-1,95;-3,26
37,396;0,19;-1,96;-3,17
37,397;0,16;-1,95;-3,06
37,398;0,14;-1,96;-2,96
37,399;0,12;-1,91;-2,76
37,400;0,09;-1,88;-2,65
37,401;0,09;-1,84;-2,54
37,403;0,09;-1,79;-2,45
37,404;0,08;-1,73;-2,37
37,405;0,06;-1,69;-2,28
37,406;0,04;-1,61;-2,23
37,406;0,02;-1,53;-2,16
37,408;-0,09;-1,37;-2,05
37,409;-0,15;-1,30;-2,00
37,410;-0,22;-1,24;-1,97
37,411;-0,29;-1,17;-1,94
37,413;-0,37;-1,11;-1,92
37,486;-0,45;-1,08;-1,91
37,490;-0,53;-1,04;-1,92
37,492;-0,61;-1,02;-1,93
37,494;-0,74;-1,00;-1,96
37,494;-0,78;-0,97;-1,99
37,495;-0,81;-0,98;-2,01
37,496;-0,83;-0,99;-2,02
37,498;-0,82;-0,99;-2,04
37,499;-0,79;-1,00;-2,05
37,500;-0,74;-0,99;-2,05
37,500;-0,70;-0,96;-2,06
37,501;-0,54;-0,91;-2,09
37,503;-0,46;-0,85;-2,09
37,504;-0,33;-0,79;-2,14
37,505;-0,22;-0,69;-2,15
37,506;-0,06;-0,59;-2,18
37,507;0,08;-0,47;-2,19
37,508;0,21;-0,33;-2,16
37,509;0,51;0,02;-2,04
37,595;0,66;0,21;-1,93
37,597;0,79;0,42;-1,78
37,599;0,93;0,59;-1,61
37,600;1,08;0,74;-1,38
37,605;1,21;0,88;-1,13
37,606;1,32;0,99;-0,83
37,613;1,43;1,09;-0,55
37,614;1,53;1,20;0,02
37,615;1,50;1,23;0,29
37,616;1,42;1,25;0,52
37,617;1,32;1,25;0,72
37,618;1,14;1,24;0,89
37,619;0,95;1,23;1,04
37,620;0,73;1,21;1,15
37,621;0,50;1,18;1,21
37,622;0,05;1,07;1,25
37,623;-0,17;0,98;1,23
37,625;-0,35;0,87;1,20
37,626;-0,52;0,74;1,16
37,628;-0,63;0,61;1,11
37,629;-0,73;0,46;1,07
37,630;-0,80;0,31;1,09
37,631;-0,82;0,19;1,12
37,634;-0,83;0,04;1,28
37,636;-0,84;-0,01;1,41
37,642;-0,82;-0,06;1,55
37,643;-0,84;-0,07;1,72
37,691;-0,86;-0,09;1,88
37,693;-0,89;-0,08;2,04
37,694;-0,91;-0,06;2,19
37,695;-0,95;-0,02;2,31
37,696;-1,03;0,05;2,52
37,696;-1,04;0,11;2,62
37,697;-1,08;0,17;2,68
37,698;-1,12;0,24;2,74
37,699;-1,16;0,31;2,80
37,700;-1,20;0,40;2,85
37,703;-1,23;0,51;2,90
37,704;-1,25;0,59;2,94
37,795;-1,27;0,79;3,04
37,796;-1,25;0,88;3,08
37,797;-1,22;0,96;3,13
37,798;-1,15;1,04;3,16
37,799;-1,10;1,11;3,20
37,801;-1,03;1,18;3,25
37,802;-0,96;1,25;3,29
37,803;-0,88;1,31;3,31
37,811;-0,71;1,43;3,38
37,812;-0,64;1,46;3,40
37,813;-0,57;1,52;3,42
37,814;-0,51;1,57;3,44
37,815;-0,48;1,61;3,45
37,816;-0,46;1,65;3,48
37,817;-0,44;1,65;3,53
37,818;-0,45;1,65;3,55
37,819;-0,44;1,58;3,64
37,820;-0,42;1,53;3,67
37,821;-0,38;1,46;3,70
37,822;-0,33;1,39;3,72
37,823;-0,27;1,30;3,75
37,824;-0,22;1,21;3,74
37,825;-0,15;1,12;3,74
37,825;-0,09;1,05;3,73
37,881;0,05;0,90;3,71
37,883;0,11;0,83;3,71
37,884;0,16;0,80;3,68
37,885;0,22;0,75;3,67
37,885;0,30;0,73;3,66
37,886;0,35;0,70;3,66
37,887;0,41;0,69;3,66
37,890;0,48;0,71;3,67
37,891;0,58;0,74;3,73
37,892;0,63;0,76;3,76
37,893;0,66;0,81;3,81
37,894;0,71;0,86;3,84
37,894;0,74;0,91;3,87
37,895;0,79;0,97;3,91
37,937;0,81;1,03;3,93
37,938;0,87;1,15;3,99
37,940;0,89;1,21;4,00
37,941;0,91;1,26;4,02
37,942;0,92;1,30;4,01
37,943;0,94;1,35;4,02
37,944;0,94;1,37;4,01
37,945;0,94;1,40;3,99
37,945;0,94;1,42;3,98
37,946;0,94;1,45;3,92
37,949;0,91;1,46;3,89
37,953;0,88;1,46;3,84
37,993;0,86;1,46;3,79
37,995;0,83;1,46;3,75
37,996;0,79;1,46;3,68
37,997;0,75;1,45;3,62
37,998;0,70;1,43;3,55
37,999;0,58;1,41;3,41
37,999;0,53;1,39;3,32
38,000;0,48;1,36;3,23
38,001;0,39;1,35;3,13
38,003;0,34;1,31;3,05
38,087;0,27;1,28;2,92
38,090;0,22;1,25;2,83
38,092;0,13;1,20;2,70
38,094;-0,00;1,10;2,47
38,096;-0,07;1,05;2,34
38,097;-0,14;0,98;2,23
38,099;-0,20;0,94;2,10
38,124;-0,27;0,88;1,98
38,125;-0,33;0,82;1,87
38,126;-0,38;0,76;1,74
38,127;-0,43;0,70;1,63
38,129;-0,52;0,59;1,39
38,130;-0,56;0,52;1,29
38,131;-0,60;0,46;1,17
38,133;-0,64;0,41;1,07
38,134;-0,66;0,36;0,95
38,135;-0,69;0,30;0,85
38,136;-0,71;0,25;0,74
38,137;-0,73;0,15;0,62
38,138;-0,72;0,00;0,41
38,140;-0,73;-0,08;0,32
38,141;-0,76;-0,14;0,21
38,143;-0,79;-0,21;0,11
38,144;-0,82;-0,27;-0,01
38,145;-0,84;-0,33;-0,13
38,146;-0,90;-0,39;-0,26
38,147;-0,94;-0,45;-0,39
38,148;-1,05;-0,55;-0,67
38,149;-1,09;-0,61;-0,81
38,193;-1,12;-0,67;-0,97
38,194;-1,14;-0,73;-1,14
38,195;-1,14;-0,81;-1,33
38,196;-1,10;-0,89;-1,53
38,197;-1,07;-0,97;-1,72
38,198;-1,01;-1,05;-1,90
38,199;-0,84;-1,21;-2,28
38,200;-0,75;-1,29;-2,43
38,202;-0,64;-1,36;-2,57
38,203;-0,55;-1,40;-2,69
38,204;-0,43;-1,45;-2,80
38,300;-0,32;-1,49;-2,90
38,301;-0,20;-1,50;-2,99
38,305;-0,08;-1,52;-3,07
38,309;0,11;-1,50;-3,17
38,313;0,20;-1,46;-3,20
38,316;0,30;-1,42;-3,23
38,319;0,38;-1,35;-3,23
38,322;0,45;-1,28;-3,24
38,324;0,52;-1,21;-3,25
38,325;0,56;-1,13;-3,27
38,326;0,60;-1,03;-3,31
38,327;0,63;-0,85;-3,39
38,328;0,65;-0,76;-3,45
38,330;0,63;-0,68;-3,50
38,331;0,64;-0,62;-3,58
38,332;0,63;-0,56;-3,66
38,333;0,66;-0,53;-3,75
38,335;0,68;-0,51;-3,86
38,336;0,74;-0,53;-4,06
38,337;0,76;-0,56;-4,19
38,339;0,78;-0,59;-4,26
38,340;0,80;-0,63;-4,36
38,342;0,82;-0,67;-4,44
38,343;0,82;-0,68;-4,50
38,344;0,81;-0,72;-4,55
38,345;0,79;-0,76;-4,61
38,346;0,72;-0,84;-4,67
38,347;0,69;-0,88;-4,71
38,349;0,66;-0,93;-4,73
38,399;0,59;-1,00;-4,74
38,400;0,53;-1,04;-4,73
38,401;0,47;-1,11;-4,74
38,403;0,41;-1,17;-4,70
38,404;0,33;-1,23;-4,69
38,405;0,19;-1,33;-4,63
38,406;0,13;-1,39;-4,59
38,407;0,10;-1,43;-4,53
38,408;0,05;-1,48;-4,48
38,409;0,02;-1,52;-4,44
38,410;-0,00;-1,57;-4,37
38,411;-0,03;-1,62;-4,32
38,481;-0,06;-1,67;-4,26
38,483;-0,12;-1,76;-4,11
38,483;-0,17;-1,79;-4,05
38,484;-0,19;-1,83;-3,96
38,485;-0,22;-1,85;-3,89
38,486;-0,25;-1,86;-3,81
38,487;-0,28;-1,86;-3,70
38,488;-0,30;-1,85;-3,64
38,489;-0,32;-1,85;-3,54
38,490;-0,38;-1,81;-3,39
38,490;-0,40;-1,77;-3,30
38,491;-0,43;-1,73;-3,21
38,492;-0,45;-1,69;-3,13
38,493;-0,46;-1,62;-3,06
38,494;-0,49;-1,53;-2,98
38,495;-0,51;-1,45;-2,90
38,496;-0,51;-1,38;-2,83
38,559;-0,50;-1,22;-2,67
38,560;-0,49;-1,12;-2,59
38,561;-0,46;-1,05;-2,51
38,567;-0,45;-0,97;-2,42
38,568;-0,42;-0,92;-2,33
38,569;-0,39;-0,86;-2,23
38,570;-0,37;-0,79;-2,15
38,571;-0,34;-0,73;-2,06
38,572;-0,36;-0,67;-1,90
38,579;-0,38;-0,65;-1,82
38,580;-0,41;-0,64;-1,78
38,581;-0,43;-0,63;-1,73
38,582;-0,47;-0,66;-1,70
38,583;-0,49;-0,66;-1,66
38,584;-0,51;-0,68;-1,64
38,585;-0,52;-0,70;-1,62
38,586;-0,52;-0,71;-1,63
38,587;-0,51;-0,73;-1,64
38,641;-0,49;-0,73;-1,64
38,642;-0,46;-0,73;-1,66
38,643;-0,43;-0,72;-1,66
38,644;-0,39;-0,69;-1,67
38,645;-0,35;-0,65;-1,66
38,646;-0,30;-0,60;-1,62
38,647;-0,15;-0,45;-1,53
38,652;-0,08;-0,36;-1,45
38,654;0,00;-0,25;-1,36
38,655;0,07;-0,13;-1,27
38,656;0,15;-0,02;-1,16
38,657;0,23;0,11;-1,05
38,659;0,33;0,22;-0,94
38,660;0,40;0,33;-0,80
38,661;0,54;0,50;-0,51
38,755;0,60;0,56;-0,34
38,757;0,64;0,60;-0,16
38,758;0,65;0,62;0,02
38,760;0,64;0,63;0,19
38,761;0,59;0,62;0,37
38,762;0,53;0,63;0,53
38,763;0,36;0,63;0,77
38,765;0,29;0,61;0,85
38,766;0,19;0,58;0,92
38,767;0,14;0,54;0,96
38,768;0,07;0,49;1,00
38,770;0,03;0,43;1,01
38,771;-0,01;0,38;1,05
38,772;-0,01;0,34;1,08
38,774;0,04;0,25;1,22
38,775;0,11;0,23;1,31
38,776;0,17;0,22;1,41
38,777;0,23;0,21;1,55
38,778;0,29;0,20;1,70
38,779;0,33;0,21;1,86
38,780;0,37;0,24;2,02
38,781;0,38;0,27;2,19
38,782;0,35;0,36;2,51
38,784;0,29;0,42;2,65
38,785;0,24;0,50;2,79
38,834;0,15;0,58;2,92
38,835;0,06;0,65;3,01
38,836;-0,05;0,74;3,11
38,837;-0,15;0,82;3,17
38,838;-0,26;0,92;3,25
38,840;-0,46;1,08;3,32
38,841;-0,54;1,16;3,36
38,842;-0,59;1,21;3,38
38,843;-0,66;1,26;3,40
38,844;-0,69;1,32;3,41
38,845;-0,70;1,34;3,41
38,846;-0,70;1,36;3,45
38,921;-0,69;1,36;3,45
38,925;-0,63;1,37;3,49
38,926;-0,60;1,37;3,52
38,927;-0,56;1,37;3,56
38,928;-0,51;1,35;3,58
38,929;-0,46;1,35;3,63
38,932;-0,42;1,34;3,67
38,934;-0,37;1,34;3,71
38,935;-0,33;1,31;3,76
38,936;-0,28;1,29;3,87
38,937;-0,24;1,28;3,92
38,938;-0,21;1,29;3,96
38,939;-0,18;1,27;3,99
38,940;-0,15;1,28;4,04
38,942;-0,12;1,30;4,06
38,943;-0,08;1,30;4,10
38,947;-0,05;1,31;4,14
38,948;0,07;1,32;4,22
38,949;0,10;1,30;4,24
38,950;0,14;1,28;4,27
38,952;0,20;1,25;4,30
39,001;0,26;1,24;4,35
39,002;0,33;1,20;4,39
39,003;0,41;1,18;4,42
39,004;0,48;1,15;4,46
39,005;0,58;1,11;4,49
39,006;0,61;1,10;4,48
39,007;0,62;1,08;4,48
39,008;0,62;1,05;4,46
39,010;0,61;1,04;4,42
39,011;0,59;1,03;4,40
39,012;0,58;1,03;4,37
39,013;0,57;1,03;4,35
39,014;0,55;1,07;4,31
39,102;0,53;1,09;4,27
39,103;0,52;1,11;4,25
39,104;0,50;1,11;4,22
39,105;0,50;1,13;4,18
39,106;0,48;1,16;4,16
39,126;0,46;1,19;4,12
39,127;0,45;1,21;4,08
39,128;0,43;1,24;3,99
39,130;0,42;1,24;3,94
39,131;0,40;1,27;3,89
39,132;0,39;1,27;3,81
39,133;0,37;1,30;3,74
39,134;0,34;1,29;3,64
39,135;0,32;1,30;3,55
39,136;0,25;1,31;3,35
39,137;0,21;1,32;3,23
39,138;0,17;1,34;3,11
39,139;0,13;1,36;2,96
39,140;0,08;1,40;2,80
39,141;0,05;1,46;2,65
39,142;0,01;1,51;2,47
39,143;-0,02;1,57;2,30
39,144;-0,03;1,66;1,96
39,145;-0,04;1,69;1,82
39,146;-0,02;1,74;1,69
39,147;-0,01;1,78;1,56
39,215;0,01;1,81;1,47
39,217;0,04;1,83;1,38
39,218;0,06;1,81;1,30
39,219;0,05;1,79;1,23
39,221;0,05;1,71;1,12
39,223;0,03;1,62;1,08
39,224;-0,01;1,57;1,04
39,226;-0,04;1,49;0,99
39,227;-0,11;1,41;0,94
39,228;-0,17;1,31;0,89
39,229;-0,25;1,22;0,82
39,230;-0,34;1,10;0,74
39,231;-0,52;0,85;0,52
39,232;-0,61;0,73;0,39
39,233;-0,69;0,60;0,26
39,234;-0,76;0,47;0,13
39,306;-0,84;0,32;-0,01
39,309;-0,88;0,17;-0,17
39,310;-0,94;0,05;-0,32
39,322;-1,00;-0,09;-0,48
39,323;-1,10;-0,34;-0,82
39,324;-1,15;-0,46;-0,99
39,325;-1,20;-0,56;-1,16
39,326;-1,25;-0,65;-1,33
39,327;-1,29;-0,76;-1,52
39,328;-1,30;-0,85;-1,72
39,329;-1,31;-0,93;-1,92
39,330;-1,30;-1,03;-2,13
39,331;-1,20;-1,21;-2,53
39,333;-1,13;-1,30;-2,71
39,334;-1,05;-1,36;-2,87
39,335;-0,95;-1,43;-3,03
39,336;-0,86;-1,49;-3,17
39,337;-0,77;-1,53;-3,27
39,339;-0,68;-1,56;-3,35
39,340;-0,59;-1,60;-3,43
39,341;-0,42;-1,62;-3,50
39,352;-0,34;-1,61;-3,52
39,354;-0,25;-1,60;-3,53
39,356;-0,17;-1,56;-3,51
39,358;-0,08;-1,53;-3,51
39,358;-0,03;-1,48;-3,50
39,360;0,02;-1,43;-3,50
39,420;0,06;-1,37;-3,52
39,421;0,09;-1,24;-3,55
39,422;0,11;-1,17;-3,57
39,427;0,12;-1,10;-3,63
39,428;0,15;-1,03;-3,69
39,429;0,19;-0,99;-3,79
39,432;0,25;-0,94;-3,88
39,433;0,32;-0,92;-4,01
39,434;0,41;-0,89;-4,12
39,435;0,60;-0,87;-4,36
39,436;0,70;-0,86;-4,47
39,437;0,79;-0,86;-4,56
39,438;0,89;-0,88;-4,62
39,439;1,00;-0,88;-4,66
39,440;1,09;-0,90;-4,69
39,441;1,16;-0,89;-4,70
39,503;1,23;-0,87;-4,68
39,504;1,38;-0,85;-4,62
39,505;1,44;-0,86;-4,58
39,506;1,50;-0,87;-4,51
39,507;1,55;-0,88;-4,44
39,508;1,57;-0,88;-4,36
39,510;1,57;-0,91;-4,28
39,511;1,55;-0,92;-4,21
39,512;1,44;-1,03;-4,07
39,513;1,37;-1,12;-4,00
39,514;1,30;-1,21;-3,94
39,515;1,19;-1,32;-3,88
39,516;1,08;-1,44;-3,83
39,517;0,96;-1,54;-3,78
39,518;0,83;-1,67;-3,75
39,563;0,69;-1,78;-3,71
39,564;0,36;-2,02;-3,65
39,566;0,20;-2,13;-3,60
39,567;0,04;-2,24;-3,59
39,568;-0,12;-2,32;-3,55
39,574;-0,26;-2,41;-3,52
39,575;-0,39;-2,47;-3,49
39,576;-0,50;-2,54;-3,45
39,577;-0,60;-2,58;-3,40
39,578;-0,76;-2,65;-3,32
39,579;-0,82;-2,65;-3,27
39,580;-0,89;-2,66;-3,22
39,581;-0,93;-2,63;-3,17
39,624;-0,96;-2,60;-3,12
39,626;-1,00;-2,53;-3,06
39,629;-1,03;-2,48;-3,03
39,630;-1,06;-2,39;-2,99
39,632;-1,04;-2,20;-2,90
39,633;-1,01;-2,10;-2,87
39,634;-0,98;-2,00;-2,83
39,635;-0,93;-1,90;-2,78
39,636;-0,89;-1,81;-2,73
39,637;-0,86;-1,70;-2,68
39,638;-0,82;-1,59;-2,62
39,691;-0,80;-1,48;-2,55
39,699;-0,77;-1,26;-2,41
39,700;-0,76;-1,17;-2,36
39,701;-0,75;-1,08;-2,30
39,702;-0,74;-1,00;-2,26
39,703;-0,75;-0,93;-2,23
39,704;-0,76;-0,85;-2,18
39,705;-0,74;-0,77;-2,17
39,706;-0,73;-0,73;-2,14
39,707;-0,72;-0,63;-2,09
39,708;-0,69;-0,58;-2,09
39,709;-0,66;-0,52;-2,09
39,710;-0,63;-0,48;-2,09
39,711;-0,60;-0,41;-2,09
39,712;-0,55;-0,34;-2,09
39,791;-0,48;-0,26;-2,08
39,797;-0,40;-0,16;-2,04
39,798;-0,23;0,01;-1,92
39,799;-0,13;0,12;-1,84
39,800;-0,04;0,22;-1,74
39,801;0,04;0,31;-1,63
39,803;0,15;0,39;-1,49
39,804;0,26;0,45;-1,32
39,805;0,35;0,52;-1,13
39,806;0,44;0,57;-0,93
39,807;0,60;0,63;-0,50
39,808;0,66;0,63;-0,25
39,809;0,69;0,61;-0,03
39,812;0,69;0,58;0,20
39,813;0,65;0,54;0,40
39,814;0,56;0,50;0,58
39,815;0,45;0,47;0,75
39,816;0,29;0,44;0,86
39,817;-0,05;0,37;1,02
39,818;-0,22;0,31;1,06
39,819;-0,39;0,25;1,07
39,820;-0,53;0,21;1,06
39,866;-0,65;0,15;1,05
39,868;-0,75;0,12;1,06
39,869;-0,80;0,09;1,09
39,870;-0,80;0,06;1,13
39,871;-0,71;0,05;1,33
39,872;-0,64;0,07;1,47
39,873;-0,56;0,07;1,64
39,874;-0,47;0,09;1,82
39,875;-0,41;0,12;2,02
39,876;-0,33;0,14;2,22
39,877;-0,27;0,16;2,46
39,922;-0,24;0,17;2,66
39,923;-0,23;0,26;3,02
39,924;-0,26;0,32;3,17
39,924;-0,29;0,38;3,29
39,925;-0,33;0,45;3,41
39,926;-0,36;0,51;3,51
39,926;-0,38;0,58;3,58
39,927;-0,44;0,66;3,67
39,928;-0,53;0,82;3,80
39,929;-0,55;0,90;3,86
40,001;-0,56;0,97;3,92
40,002;-0,56;1,01;3,97
40,006;-0,57;1,05;4,02
40,007;-0,55;1,10;4,05
40,008;-0,54;1,12;4,08
40,009;-0,51;1,13;4,09
40,009;-0,43;1,15;4,11
40,010;-0,38;1,17;4,11
40,011;-0,36;1,18;4,10
40,012;-0,32;1,17;4,11
40,012;-0,30;1,18;4,10
40,013;-0,26;1,19;4,11
40,014;-0,23;1,18;4,09
40,014;-0,20;1,16;4,09
40,015;-0,17;1,10;4,06
40,016;-0,17;1,09;4,07
40,016;-0,17;1,07;4,06
40,017;-0,17;1,04;4,07
40,102;-0,16;1,01;4,07
40,103;-0,16;0,96;4,08
40,105;-0,14;0,91;4,07
40,107;-0,08;0,86;4,06
40,109;0,02;0,76;4,03
40,116;0,06;0,73;3,99
40,117;0,13;0,71;3,96
40,118;0,21;0,67;3,94
40,119;0,29;0,65;3,91
40,120;0,38;0,62;3,90
40,121;0,45;0,62;3,87
40,122;0,56;0,60;3,86
40,123;0,72;0,63;3,85
40,124;0,83;0,67;3,86
40,125;0,92;0,68;3,87
40,126;0,99;0,73;3,87
40,127;1,06;0,75;3,88
40,128;1,13;0,79;3,90
40,129;1,16;0,84;3,91
40,130;1,20;0,88;3,93
40,131;1,24;0,99;3,96
40,132;1,25;1,04;3,95
40,133;1,26;1,09;3,96
40,136;1,27;1,15;3,97
40,178;1,27;1,21;3,96
40,180;1,27;1,26;3,96
40,181;1,25;1,32;3,97
40,182;1,25;1,35;3,96
40,184;1,21;1,41;3,91
40,185;1,18;1,44;3,88
40,186;1,14;1,43;3,83
40,187;1,12;1,44;3,78
40,188;1,09;1,43;3,71
40,189;1,05;1,42;3,65
40,191;1,03;1,40;3,56
40,246;0,97;1,38;3,49
40,248;0,89;1,31;3,31
40,249;0,84;1,28;3,21
40,250;0,80;1,25;3,11
40,252;0,76;1,21;3,01
40,253;0,72;1,20;2,92
40,255;0,66;1,17;2,80
40,256;0,64;1,14;2,70
40,257;0,60;1,10;2,60
40,258;0,50;1,05;2,39
40,259;0,44;1,03;2,26
40,260;0,38;1,00;2,16
40,262;0,32;0,97;2,02
40,262;0,26;0,94;1,90
40,339;0,17;0,93;1,76
40,341;0,10;0,91;1,64
40,343;-0,06;0,86;1,36
40,345;-0,14;0,84;1,23
40,349;-0,20;0,81;1,10
40,351;-0,27;0,79;0,96
40,352;-0,30;0,75;0,84
40,353;-0,36;0,72;0,72
40,355;-0,39;0,66;0,60
40,356;-0,42;0,59;0,48
40,357;-0,47;0,44;0,25
40,358;-0,48;0,37;0,15
40,359;-0,48;0,28;0,05
40,360;-0,50;0,20;-0,03
40,361;-0,51;0,11;-0,12
40,363;-0,51;0,03;-0,19
40,364;-0,56;-0,04;-0,29
40,365;-0,56;-0,11;-0,39
40,366;-0,64;-0,22;-0,64
40,367;-0,70;-0,27;-0,80
40,368;-0,76;-0,33;-0,95
40,429;-0,81;-0,36;-1,10
40,430;-0,86;-0,42;-1,28
40,432;-0,91;-0,47;-1,45
40,443;-0,93;-0,53;-1,64
40,444;-0,94;-0,60;-1,82
40,445;-0,91;-0,76;-2,20
40,446;-0,88;-0,82;-2,35
40,447;-0,83;-0,90;-2,53
40,447;-0,77;-0,97;-2,67
40,448;-0,71;-1,04;-2,80
40,449;-0,64;-1,10;-2,91
40,450;-0,55;-1,15;-3,03
40,451;-0,45;-1,19;-3,11
40,452;-0,26;-1,27;-3,28
40,453;-0,17;-1,27;-3,32
40,454;-0,07;-1,27;-3,37
40,454;0,01;-1,26;-3,39
40,488;0,10;-1,24;-3,41
40,489;0,17;-1,21;-3,40
40,491;0,22;-1,16;-3,40
40,492;0,25;-1,09;-3,38
40,492;0,32;-0,93;-3,38
40,493;0,34;-0,84;-3,41
40,494;0,35;-0,76;-3,45
40,494;0,36;-0,68;-3,48
40,496;0,37;-0,64;-3,54
40,577;0,41;-0,57;-3,60
40,579;0,46;-0,53;-3,66
40,581;0,49;-0,49;-3,75
40,583;0,59;-0,46;-3,92
40,584;0,65;-0,47;-4,00
40,586;0,69;-0,47;-4,06
40,587;0,74;-0,48;-4,12
40,588;0,78;-0,49;-4,16
40,589;0,80;-0,49;-4,18
40,605;0,82;-0,50;-4,20
40,606;0,83;-0,50;-4,19
40,609;0,83;-0,56;-4,18
40,610;0,84;-0,59;-4,17
40,613;0,84;-0,63;-4,17
40,614;0,83;-0,67;-4,15
40,616;0,81;-0,70;-4,14
40,618;0,81;-0,75;-4,11
40,619;0,79;-0,78;-4,10
40,620;0,76;-0,83;-4,07
40,622;0,71;-0,93;-4,01
40,623;0,68;-1,00;-3,98
40,624;0,65;-1,05;-3,94
40,626;0,63;-1,12;-3,92
40,627;0,59;-1,18;-3,87
40,629;0,57;-1,25;-3,85
40,630;0,54;-1,33;-3,81
40,632;0,50;-1,40;-3,77
40,684;0,44;-1,54;-3,70
40,686;0,42;-1,60;-3,65
40,687;0,39;-1,66;-3,61
40,688;0,37;-1,70;-3,56
40,689;0,35;-1,74;-3,50
40,691;0,32;-1,75;-3,47
40,692;0,28;-1,76;-3,41
40,693;0,25;-1,76;-3,36
40,694;0,20;-1,71;-3,27
40,696;0,17;-1,65;-3,21
40,697;0,14;-1,58;-3,16
40,698;0,11;-1,50;-3,12
40,699;0,08;-1,39;-3,06
40,701;0,04;-1,30;-3,00
40,789;-0,02;-1,14;-2,93
40,793;-0,13;-0,83;-2,80
40,795;-0,20;-0,67;-2,73
40,798;-0,25;-0,53;-2,66
40,801;-0,29;-0,40;-2,59
40,803;-0,29;-0,30;-2,52
40,805;-0,30;-0,20;-2,45
40,807;-0,29;-0,11;-2,38
40,808;-0,28;-0,03;-2,31
40,810;-0,22;0,02;-2,16
40,812;-0,20;0,01;-2,09
40,814;-0,19;-0,03;-2,01
40,816;-0,17;-0,09;-1,91
40,817;-0,20;-0,16;-1,83
40,819;-0,21;-0,25;-1,76
40,820;-0,23;-0,34;-1,68
40,822;-0,27;-0,44;-1,62
40,823;-0,38;-0,64;-1,56
40,824;-0,45;-0,73;-1,56
40,826;-0,51;-0,81;-1,58
40,827;-0,57;-0,89;-1,60
40,829;-0,65;-0,94;-1,63
40,830;-0,70;-0,98;-1,67
40,832;-0,74;-1,02;-1,69
40,833;-0,78;-1,02;-1,71
40,834;-0,83;-0,97;-1,72
40,836;-0,83;-0,94;-1,72
40,887;-0,81;-0,86;-1,69
40,889;-0,79;-0,79;-1,63
40,891;-0,75;-0,69;-1,56
40,892;-0,68;-0,60;-1,50
40,893;-0,60;-0,48;-1,40
40,894;-0,51;-0,39;-1,32
40,895;-0,29;-0,20;-1,07
40,896;-0,17;-0,09;-0,93
40,897;-0,07;-0,00;-0,75
40,898;0,01;0,08;-0,57
40,899;0,09;0,17;-0,39
40,900;0,14;0,26;-0,19
40,902;0,19;0,33;-0,02
40,998;0,22;0,40;0,15
41,004;0,22;0,49;0,47
41,007;0,19;0,52;0,60
41,010;0,17;0,53;0,74
41,013;0,16;0,52;0,84
41,014;0,16;0,49;0,94
41,016;0,16;0,44;1,03
41,017;0,15;0,40;1,10
41,018;0,15;0,33;1,18
41,019;0,16;0,21;1,35
41,020;0,16;0,16;1,45
41,022;0,13;0,12;1,55
41,023;0,12;0,09;1,65
41,024;0,11;0,06;1,76
41,026;0,08;0,05;1,87
41,027;0,06;0,03;1,98
41,028;0,03;0,02;2,10
41,029;-0,04;0,07;2,33
41,031;-0,11;0,11;2,42
41,033;-0,16;0,19;2,52
41,034;-0,23;0,25;2,59
41,035;-0,28;0,34;2,66
41,036;-0,36;0,42;2,71
41,037;-0,42;0,53;2,76
41,038;-0,47;0,62;2,80
41,039;-0,55;0,81;2,86
41,041;-0,56;0,88;2,90
41,042;-0,56;0,95;2,92
41,048;-0,54;1,00;2,94
41,107;-0,51;1,05;2,97
41,108;-0,47;1,10;2,99
41,109;-0,40;1,14;3,03
41,111;-0,35;1,18;3,06
41,112;-0,22;1,25;3,14
41,114;-0,16;1,28;3,18
41,115;-0,09;1,29;3,23
41,116;-0,03;1,33;3,29
41,117;0,02;1,34;3,34
41,118;0,09;1,37;3,40
41,119;0,16;1,38;3,45
41,120;0,24;1,40;3,54
41,121;0,28;1,41;3,56
41,122;0,33;1,39;3,60
41,123;0,35;1,41;3,63
41,208;0,37;1,39;3,66
41,209;0,39;1,40;3,68
41,211;0,41;1,39;3,70
41,212;0,43;1,40;3,72
41,214;0,45;1,39;3,76
41,215;0,47;1,38;3,80
41,216;0,49;1,37;3,83
41,218;0,50;1,36;3,86
41,219;0,51;1,34;3,89
41,220;0,53;1,32;3,93
41,221;0,55;1,31;3,94
41,222;0,55;1,28;3,99
41,223;0,55;1,28;4,03
41,224;0,54;1,27;4,06
41,225;0,52;1,26;4,09
41,227;0,51;1,27;4,10
41,228;0,49;1,27;4,13
41,229;0,48;1,26;4,13
41,230;0,46;1,26;4,15
41,232;0,43;1,27;4,17
41,233;0,39;1,28;4,19
41,234;0,37;1,30;4,20
41,305;0,33;1,30;4,21
41,306;0,30;1,31;4,21
41,308;0,26;1,33;4,21
41,309;0,22;1,32;4,21
41,310;0,18;1,34;4,21
41,311;0,15;1,34;4,19
41,312;0,08;1,35;4,15
41,314;0,06;1,35;4,10
41,315;0,02;1,33;4,06
41,317;0,01;1,32;4,00
41,318;-0,02;1,30;3,94
41,319;-0,05;1,28;3,87
41,320;-0,08;1,27;3,78
41,321;-0,09;1,25;3,72
41,322;-0,14;1,18;3,53
41,324;-0,16;1,16;3,43
41,324;-0,17;1,13;3,33
41,326;-0,19;1,10;3,21
41,327;-0,22;1,07;3,09
41,428;-0,24;1,04;2,96
41,431;-0,27;1,00;2,85
41,440;-0,30;0,99;2,72
41,445;-0,37;0,93;2,46
41,449;-0,38;0,91;2,35
41,454;-0,42;0,89;2,20
41,458;-0,45;0,87;2,08
41,462;-0,46;0,84;1,94
41,465;-0,50;0,82;1,83
41,468;-0,52;0,79;1,71
41,471;-0,55;0,76;1,59
41,473;-0,62;0,70;1,38
41,474;-0,64;0,66;1,28
41,475;-0,69;0,63;1,19
41,476;-0,72;0,59;1,08
41,478;-0,75;0,56;0,99
41,479;-0,78;0,50;0,89
41,480;-0,80;0,45;0,79
41,481;-0,82;0,38;0,69
41,483;-0,82;0,24;0,49
41,484;-0,84;0,17;0,40
41,485;-0,81;0,11;0,30
41,486;-0,81;0,03;0,19
41,487;-0,82;-0,03;0,07
41,489;-0,82;-0,10;-0,04
41,490;-0,83;-0,16;-0,18
41,491;-0,88;-0,25;-0,33
41,492;-0,93;-0,39;-0,63
41,493;-0,95;-0,45;-0,80
41,494;-0,97;-0,50;-0,96
41,495;-0,96;-0,58;-1,16
41,497;-0,94;-0,63;-1,34
41,498;-0,89;-0,72;-1,54
41,499;-0,84;-0,79;-1,75
41,571;-0,67;-0,96;-2,17
41,573;-0,58;-1,05;-2,35
41,574;-0,46;-1,15;-2,53
41,575;-0,35;-1,21;-2,69
41,576;-0,23;-1,29;-2,80
41,577;-0,13;-1,35;-2,94
41,578;-0,03;-1,41;-3,04
41,579;0,08;-1,45;-3,11
41,581;0,26;-1,51;-3,22
41,587;0,36;-1,54;-3,24
41,588;0,44;-1,52;-3,26
41,589;0,51;-1,51;-3,26
41,590;0,56;-1,47;-3,24
41,591;0,62;-1,41;-3,22
41,592;0,65;-1,34;-3,21
41,593;0,67;-1,24;-3,20
41,594;0,66;-1,06;-3,19
41,595;0,64;-0,94;-3,22
41,596;0,65;-0,85;-3,25
41,598;0,65;-0,76;-3,31
41,672;0,68;-0,67;-3,37
41,674;0,72;-0,59;-3,46
41,675;0,75;-0,53;-3,55
41,676;0,81;-0,47;-3,63
41,678;0,92;-0,41;-3,82
41,679;0,99;-0,40;-3,89
41,680;1,04;-0,40;-3,94
41,681;1,09;-0,40;-4,00
41,684;1,10;-0,42;-4,03
41,685;1,11;-0,42;-4,07
41,686;1,12;-0,44;-4,10
41,687;1,11;-0,45;-4,10
41,688;1,00;-0,50;-4,11
41,689;0,93;-0,54;-4,10
41,690;0,88;-0,58;-4,08
41,691;0,79;-0,60;-4,05
41,692;0,71;-0,64;-4,04
41,694;0,65;-0,67;-4,02
41,695;0,58;-0,71;-3,99
41,697;0,54;-0,75;-3,98
41,744;0,44;-0,84;-3,92
41,745;0,38;-0,88;-3,90
41,747;0,33;-0,94;-3,86
41,748;0,27;-0,98;-3,83
41,749;0,23;-1,03;-3,79
41,751;0,18;-1,09;-3,74
41,753;0,12;-1,15;-3,72
41,754;0,08;-1,23;-3,68
41,755;0,03;-1,40;-3,63
41,756;0,00;-1,49;-3,60
41,757;-0,03;-1,58;-3,57
41,758;-0,05;-1,66;-3,54
41,810;-0,09;-1,72;-3,52
41,812;-0,13;-1,78;-3,50
41,813;-0,19;-1,84;-3,47
41,814;-0,26;-1,88;-3,45
41,815;-0,40;-1,94;-3,42
41,817;-0,49;-1,94;-3,39
41,818;-0,56;-1,94;-3,36
41,819;-0,65;-1,92;-3,34
41,820;-0,72;-1,91;-3,29
41,820;-0,82;-1,86;-3,27
41,821;-0,90;-1,81;-3,23
41,826;-0,98;-1,78;-3,18
41,828;-1,10;-1,66;-3,10
41,829;-1,12;-1,60;-3,06
41,888;-1,13;-1,56;-3,02
41,891;-1,13;-1,50;-2,98
41,893;-1,10;-1,44;-2,94
41,895;-1,06;-1,38;-2,90
41,896;-1,01;-1,35;-2,86
41,897;-0,94;-1,29;-2,82
41,898;-0,75;-1,17;-2,73
41,900;-0,64;-1,11;-2,71
41,902;-0,53;-1,04;-2,67
41,904;-0,41;-0,97;-2,62
41,905;-0,31;-0,91;-2,58
41,906;-0,21;-0,83;-2,51
41,907;-0,15;-0,76;-2,46
41,908;-0,03;-0,62;-2,33
41,909;0,03;-0,55;-2,24
41,910;0,09;-0,53;-2,16
41,969;0,15;-0,49;-2,08
41,971;0,21;-0,49;-2,00
41,973;0,30;-0,49;-1,91
41,974;0,35;-0,48;-1,83
41,976;0,40;-0,48;-1,72
41,977;0,43;-0,41;-1,52
41,978;0,41;-0,37;-1,42
41,979;0,39;-0,33;-1,30
41,980;0,34;-0,28;-1,17
41,982;0,27;-0,22;-1,05
41,983;0,19;-0,18;-0,90
41,984;0,09;-0,15;-0,77
41,985;-0,04;-0,12;-0,61
41,986;-0,31;-0,10;-0,30
41,987;-0,47;-0,10;-0,17
41,988;-0,63;-0,10;-0,04
42,074;-0,79;-0,08;0,08
42,075;-0,95;-0,05;0,18
42,076;-1,07;-0,02;0,25
42,077;-1,22;-0,00;0,30
42,078;-1,32;0,02;0,36
42,079;-1,46;0,03;0,40
42,080;-1,52;0,02;0,44
42,081;-1,54;0,01;0,50
42,082;-1,54;0,02;0,56
42,084;-1,49;0,00;0,65
42,087;-1,43;0,00;0,74
42,093;-1,35;-0,01;0,83
42,093;-1,25;-0,04;0,94
42,094;-1,02;-0,10;1,22
42,095;-0,93;-0,11;1,39
42,096;-0,82;-0,14;1,57
42,098;-0,72;-0,16;1,74
42,098;-0,62;-0,17;1,93
42,099;-0,54;-0,17;2,09
42,100;-0,47;-0,14;2,25
42,102;-0,40;-0,12;2,39
42,103;-0,32;-0,04;2,64
42,103;-0,30;0,04;2,72
42,201;-0,30;0,11;2,81
42,210;-0,28;0,20;2,88
42,215;-0,30;0,29;2,95
42,218;-0,30;0,42;3,00
42,219;-0,32;0,54;3,05
42,222;-0,34;0,67;3,09
42,224;-0,35;0,89;3,16
42,226;-0,34;1,00;3,20
42,228;-0,31;1,10;3,25
42,230;-0,26;1,20;3,28
42,233;-0,22;1,28;3,33
42,235;-0,13;1,35;3,36
42,236;-0,06;1,41;3,42
42,238;0,03;1,46;3,45
42,240;0,23;1,54;3,55
42,241;0,31;1,58;3,61
42,243;0,42;1,61;3,67
42,244;0,52;1,64;3,72
42,245;0,60;1,66;3,78
42,247;0,70;1,68;3,82
42,248;0,78;1,70;3,87
42,249;0,86;1,71;3,91
42,250;0,97;1,73;3,99
42,253;1,01;1,76;4,03
42,254;1,03;1,78;4,05
42,255;1,04;1,79;4,07
42,256;1,04;1,80;4,08
42,257;1,01;1,79;4,11
42,258;0,99;1,79;4,11
42,259;0,97;1,76;4,14
42,260;0,96;1,67;4,15
42,262;0,96;1,64;4,14
42,319;0,95;1,60;4,13
42,321;0,95;1,56;4,13
42,322;0,97;1,52;4,12
42,324;0,98;1,47;4,11
42,325;0,96;1,44;4,10
42,326;0,94;1,37;4,09
42,328;0,93;1,35;4,08
42,329;0,90;1,33;4,09
42,330;0,88;1,30;4,11
42,331;0,88;1,28;4,11
42,333;0,84;1,28;4,12
42,334;0,82;1,26;4,12
42,335;0,79;1,26;4,12
42,336;0,74;1,26;4,12
42,338;0,72;1,28;4,12
42,408;0,68;1,28;4,10
42,409;0,64;1,28;4,09
42,410;0,61;1,30;4,09
42,411;0,57;1,32;4,07
42,413;0,53;1,34;4,06
42,414;0,47;1,35;4,03
42,414;0,37;1,37;3,96
42,415;0,34;1,38;3,94
42,416;0,30;1,38;3,88
42,417;0,27;1,38;3,83
42,418;0,23;1,35;3,75
42,419;0,20;1,34;3,69
42,420;0,17;1,31;3,61
42,420;0,16;1,27;3,54
42,421;0,13;1,20;3,36
42,423;0,12;1,16;3,27
42,423;0,10;1,14;3,17
42,463;0,08;1,10;3,06
42,464;0,07;1,08;2,96
42,465;0,04;1,05;2,85
42,466;0,02;1,01;2,76
42,467;-0,02;0,98;2,64
42,468;-0,11;0,95;2,44
42,469;-0,16;0,92;2,33
42,470;-0,21;0,91;2,22
42,471;-0,28;0,86;2,13
42,473;-0,33;0,85;2,02
42,558;-0,39;0,81;1,92
42,559;-0,45;0,77;1,83
42,561;-0,51;0,73;1,72
42,562;-0,60;0,60;1,50
42,563;-0,63;0,54;1,39
42,565;-0,66;0,46;1,27
42,566;-0,68;0,38;1,14
42,567;-0,71;0,28;1,02
42,569;-0,71;0,18;0,89
42,573;-0,71;0,07;0,76
42,574;-0,69;-0,03;0,64
42,575;-0,67;-0,25;0,40
42,576;-0,68;-0,33;0,27
42,578;-0,69;-0,41;0,16
42,584;-0,72;-0,50;0,04
42,586;-0,74;-0,58;-0,08
42,587;-0,78;-0,65;-0,21
42,594;-0,81;-0,71;-0,34
42,598;-0,86;-0,79;-0,49
42,600;-0,92;-0,92;-0,79
42,601;-0,96;-0,98;-0,96
42,603;-0,97;-1,05;-1,14
42,605;-0,98;-1,11;-1,32
42,606;-0,98;-1,17;-1,50
42,608;-0,98;-1,23;-1,68
42,609;-0,94;-1,29;-1,87
42,610;-0,93;-1,33;-2,04
42,665;-0,84;-1,43;-2,35
42,667;-0,80;-1,47;-2,47
42,668;-0,72;-1,52;-2,58
42,669;-0,65;-1,54;-2,67
42,670;-0,57;-1,56;-2,74
42,683;-0,48;-1,57;-2,78
42,684;-0,39;-1,58;-2,81
42,685;-0,30;-1,57;-2,85
42,686;-0,13;-1,52;-2,86
42,687;-0,06;-1,49;-2,88
42,688;-0,01;-1,44;-2,89
42,689;0,03;-1,40;-2,89
42,690;0,05;-1,35;-2,92
42,691;0,06;-1,27;-2,94
42,692;0,08;-1,21;-2,99
42,693;0,10;-1,08;-3,11
42,694;0,14;-1,03;-3,20
42,774;0,18;-0,99;-3,32
42,779;0,23;-0,96;-3,45
42,780;0,28;-0,93;-3,60
42,781;0,35;-0,92;-3,74
42,782;0,44;-0,92;-3,90
42,783;0,52;-0,92;-4,03
42,784;0,69;-0,94;-4,27
42,786;0,75;-0,94;-4,34
42,787;0,80;-0,94;-4,40
42,788;0,86;-0,94;-4,45
42,795;0,89;-0,91;-4,48
42,796;0,92;-0,90;-4,50
42,797;0,94;-0,89;-4,52
42,798;0,97;-0,89;-4,51
42,799;0,98;-0,93;-4,50
42,800;1,00;-0,94;-4,50
42,801;1,01;-0,97;-4,47
42,802;1,02;-0,99;-4,44
42,803;1,03;-1,03;-4,43
42,804;1,05;-1,08;-4,39
42,805;1,06;-1,11;-4,36
42,806;1,08;-1,16;-4,34
42,808;1,09;-1,26;-4,24
42,888;1,11;-1,31;-4,18
42,890;1,14;-1,36;-4,12
42,891;1,15;-1,42;-4,06
42,895;1,17;-1,50;-3,99
42,896;1,20;-1,55;-3,92
42,898;1,23;-1,63;-3,85
42,899;1,28;-1,70;-3,78
42,901;1,35;-1,86;-3,65
42,905;1,38;-1,92;-3,58
42,908;1,40;-1,99;-3,52
42,909;1,40;-2,04;-3,45
42,910;1,40;-2,06;-3,39
42,912;1,41;-2,08;-3,32
42,913;1,38;-2,09;-3,26
42,914;1,35;-2,08;-3,20
42,915;1,28;-2,05;-3,07
42,916;1,22;-2,00;-2,98
42,917;1,13;-1,97;-2,91
42,918;1,05;-1,90;-2,83
42,919;0,96;-1,85;-2,78
42,921;0,86;-1,78;-2,70
42,922;0,78;-1,73;-2,64
42,923;0,69;-1,67;-2,59
42,929;0,54;-1,61;-2,48
42,986;0,49;-1,60;-2,44
42,988;0,44;-1,59;-2,40
42,989;0,40;-1,62;-2,36
42,990;0,38;-1,63;-2,34
42,991;0,37;-1,65;-2,33
42,992;0,37;-1,69;-2,34
42,993;0,36;-1,71;-2,34
42,994;0,34;-1,73;-2,37
42,995;0,29;-1,73;-2,39
42,996;0,23;-1,70;-2,39
42,997;0,14;-1,66;-2,39
42,998;0,03;-1,62;-2,39
42,999;-0,10;-1,56;-2,37
43,000;-0,22;-1,51;-2,36
43,003;-0,30;-1,45;-2,34
43,063;-0,48;-1,32;-2,30
43,065;-0,53;-1,25;-2,28
43,066;-0,58;-1,21;-2,24
43,067;-0,63;-1,13;-2,22
43,068;-0,66;-1,04;-2,19
43,069;-0,66;-0,93;-2,16
43,070;-0,66;-0,82;-2,14
43,073;-0,61;-0,68;-2,11
43,080;-0,49;-0,42;-2,06
43,081;-0,40;-0,28;-2,00
43,083;-0,32;-0,13;-1,92
43,084;-0,20;0,00;-1,83
43,085;-0,07;0,12;-1,69
43,086;0,05;0,24;-1,56
43,088;0,21;0,33;-1,39
43,089;0,45;0,44;-0,98
43,090;0,54;0,50;-0,75
43,147;0,58;0,55;-0,51
43,149;0,55;0,58;-0,26
43,150;0,46;0,62;-0,04
43,151;0,37;0,64;0,18
43,162;0,24;0,68;0,36
43,163;0,09;0,68;0,50
43,164;-0,15;0,61;0,68
43,165;-0,25;0,56;0,73
43,166;-0,34;0,48;0,75
43,168;-0,41;0,41;0,76
43,168;-0,44;0,33;0,76
43,169;-0,48;0,26;0,77
43,170;-0,45;0,18;0,77
43,172;-0,41;0,15;0,81
43,173;-0,30;0,11;0,96
43,174;-0,24;0,11;1,07
43,176;-0,18;0,15;1,20
43,253;-0,16;0,19;1,36
43,254;-0,14;0,24;1,55
43,255;-0,14;0,33;1,73
43,256;-0,17;0,41;1,91
43,256;-0,23;0,51;2,10
43,257;-0,42;0,75;2,40
43,258;-0,52;0,86;2,53
43,259;-0,65;1,00;2,65
43,260;-0,77;1,12;2,75
43,261;-0,90;1,24;2,85
43,262;-1,02;1,35;2,93
43,263;-1,13;1,46;3,02
43,264;-1,22;1,58;3,08
43,264;-1,38;1,74;3,21
43,265;-1,43;1,82;3,24
43,266;-1,46;1,86;3,28
43,266;-1,48;1,89;3,30
43,267;-1,48;1,92;3,34
43,268;-1,47;1,91;3,36
43,320;-1,43;1,92;3,39
43,322;-1,42;1,91;3,41
43,324;-1,36;1,90;3,44
43,325;-1,35;1,89;3,46
43,327;-1,31;1,90;3,50
43,328;-1,29;1,90;3,52
43,329;-1,28;1,91;3,54
43,330;-1,27;1,92;3,56
43,331;-1,27;1,91;3,58
43,332;-1,27;1,91;3,63
43,334;-1,31;1,86;3,72
43,335;-1,32;1,83;3,77
43,336;-1,32;1,77;3,83
43,393;-1,29;1,71;3,87
43,395;-1,23;1,64;3,91
43,396;-1,15;1,56;3,94
43,397;-1,07;1,47;3,96
43,398;-0,95;1,37;3,97
43,399;-0,73;1,18;4,00
43,400;-0,63;1,10;4,00
43,401;-0,53;1,01;4,02
43,402;-0,42;0,96;4,01
43,403;-0,31;0,90;4,01
43,404;-0,21;0,86;4,00
43,405;-0,12;0,81;3,99
43,406;-0,03;0,75;3,98
43,408;0,14;0,75;3,96
43,409;0,20;0,76;3,96
43,500;0,28;0,76;3,97
43,506;0,35;0,80;3,98
43,510;0,40;0,83;3,99
43,514;0,45;0,87;4,00
43,516;0,49;0,93;3,99
43,519;0,54;0,98;3,98
43,521;0,63;1,10;3,96
43,525;0,66;1,16;3,95
43,527;0,69;1,20;3,94
43,530;0,73;1,26;3,92
43,533;0,76;1,32;3,90
43,534;0,76;1,36;3,87
43,536;0,77;1,42;3,85
43,537;0,78;1,52;3,77
43,539;0,79;1,54;3,73
43,540;0,79;1,57;3,66
43,541;0,79;1,59;3,62
43,542;0,78;1,61;3,55
43,544;0,77;1,62;3,49
43,545;0,76;1,62;3,40
43,546;0,74;1,62;3,34
43,547;0,71;1,62;3,16
43,548;0,71;1,60;3,09
43,549;0,69;1,59;3,00
43,550;0,68;1,56;2,91
43,552;0,66;1,54;2,82
43,553;0,63;1,51;2,74
43,569;0,63;1,48;2,64
43,570;0,61;1,45;2,54
43,571;0,55;1,41;2,34
43,572;0,51;1,39;2,23
43,574;0,46;1,36;2,11
43,575;0,42;1,31;2,00
43,631;0,36;1,28;1,90
43,632;0,32;1,26;1,77
43,634;0,25;1,22;1,65
43,635;0,19;1,18;1,55
43,637;0,05;1,12;1,35
43,638;-0,04;1,10;1,24
43,640;-0,10;1,06;1,14
43,641;-0,17;1,02;1,01
43,644;-0,22;0,98;0,92
43,645;-0,25;0,92;0,80
43,646;-0,30;0,86;0,69
43,647;-0,31;0,79;0,57
43,652;-0,31;0,61;0,35
43,653;-0,32;0,51;0,25
43,658;-0,32;0,41;0,14
43,659;-0,32;0,30;0,05
43,660;-0,33;0,20;-0,04
43,718;-0,37;0,10;-0,14
43,719;-0,39;0,01;-0,24
43,720;-0,43;-0,09;-0,36
43,720;-0,53;-0,28;-0,59
43,721;-0,60;-0,37;-0,72
43,722;-0,65;-0,47;-0,86
43,724;-0,69;-0,54;-1,01
43,725;-0,69;-0,63;-1,17
43,725;-0,68;-0,73;-1,34
43,726;-0,66;-0,80;-1,54
43,727;-0,58;-0,88;-1,72
43,728;-0,40;-1,03;-2,09
43,729;-0,29;-1,13;-2,24
43,730;-0,17;-1,21;-2,36
43,775;-0,07;-1,27;-2,46
43,776;0,04;-1,32;-2,52
43,777;0,14;-1,35;-2,56
43,779;0,24;-1,37;-2,58
43,780;0,33;-1,39;-2,57
43,781;0,52;-1,41;-2,50
43,781;0,61;-1,41;-2,44
43,782;0,68;-1,38;-2,38
43,783;0,73;-1,34;-2,33
43,784;0,76;-1,31;-2,28
43,785;0,77;-1,29;-2,23
43,789;0,78;-1,24;-2,22
43,827;0,76;-1,16;-2,23
43,828;0,69;-1,05;-2,25
43,829;0,65;-1,01;-2,30
43,830;0,58;-0,98;-2,35
43,832;0,55;-0,96;-2,44
43,833;0,50;-0,97;-2,54
43,834;0,49;-0,98;-2,66
43,835;0,49;-1,01;-2,80
43,836;0,49;-1,06;-2,93
43,839;0,52;-1,19;-3,23
43,893;0,54;-1,27;-3,39
43,895;0,55;-1,34;-3,51
43,897;0,56;-1,44;-3,63
43,898;0,56;-1,50;-3,74
43,899;0,56;-1,58;-3,83
43,900;0,53;-1,65;-3,89
43,901;0,48;-1,74;-4,00
43,902;0,44;-1,78;-4,03
43,907;0,42;-1,84;-4,07
43,910;0,40;-1,87;-4,09
43,912;0,37;-1,88;-4,09
43,913;0,35;-1,91;-4,09
43,914;0,34;-1,95;-4,08
43,915;0,33;-1,98;-4,06
43,916;0,35;-2,06;-4,02
43,973;0,37;-2,09;-3,99
43,975;0,40;-2,13;-3,95
43,975;0,43;-2,17;-3,91
43,976;0,48;-2,21;-3,88
43,977;0,52;-2,23;-3,82
43,979;0,55;-2,27;-3,77
43,980;0,59;-2,30;-3,70
43,982;0,63;-2,33;-3,58
43,983;0,64;-2,36;-3,54
43,984;0,65;-2,36;-3,46
43,984;0,66;-2,36;-3,42
43,985;0,66;-2,35;-3,37
43,986;0,67;-2,34;-3,32
43,992;0,67;-2,32;-3,28
43,992;0,67;-2,28;-3,22
44,057;0,68;-2,21;-3,16
44,059;0,67;-2,17;-3,14
44,060;0,69;-2,12;-3,12
44,062;0,70;-2,06;-3,10
44,063;0,71;-1,99;-3,09
44,063;0,70;-1,89;-3,07
44,064;0,68;-1,80;-3,06
44,065;0,63;-1,68;-3,06
44,066;0,56;-1,39;-3,00
44,067;0,50;-1,27;-2,98
44,068;0,44;-1,13;-2,93
44,075;0,39;-1,00;-2,88
44,076;0,33;-0,90;-2,82
44,077;0,29;-0,81;-2,75
44,078;0,25;-0,72;-2,69
44,079;0,25;-0,64;-2,62
44,080;0,22;-0,54;-2,50
44,081;0,23;-0,50;-2,44
44,087;0,24;-0,47;-2,37
44,145;0,28;-0,46;-2,32
44,146;0,32;-0,44;-2,27
44,147;0,34;-0,44;-2,20
44,148;0,38;-0,44;-2,13
44,152;0,40;-0,45;-2,03
44,153;0,42;-0,47;-1,82
44,154;0,41;-0,48;-1,72
44,155;0,39;-0,50;-1,61
44,156;0,36;-0,51;-1,50
44,158;0,31;-0,52;-1,41
44,159;0,28;-0,56;-1,30
44,160;0,24;-0,56;-1,23
44,161;0,20;-0,60;-1,16
44,162;0,11;-0,62;-1,03
44,163;0,06;-0,62;-0,97
44,164;0,00;-0,60;-0,91
44,212;-0,03;-0,59;-0,87
44,213;-0,08;-0,55;-0,81
44,215;-0,12;-0,51;-0,76
44,216;-0,14;-0,45;-0,70
44,217;-0,18;-0,40;-0,61
44,218;-0,25;-0,26;-0,42
44,219;-0,30;-0,19;-0,30
44,219;-0,34;-0,08;-0,17
44,220;-0,41;0,02;-0,04
44,221;-0,46;0,13;0,08
44,222;-0,50;0,24;0,20
44,224;-0,56;0,35;0,31
44,266;-0,58;0,45;0,40
44,268;-0,62;0,62;0,62
44,270;-0,62;0,67;0,72
44,271;-0,57;0,70;0,83
44,272;-0,52;0,69;0,94
44,273;-0,45;0,68;1,08
44,274;-0,37;0,65;1,25
44,276;-0,30;0,65;1,42
44,277;-0,20;0,63;1,78
44,278;-0,20;0,62;1,96
44,279;-0,21;0,61;2,15
44,339;-0,24;0,58;2,32
44,340;-0,28;0,56;2,47
44,341;-0,35;0,53;2,63
44,345;-0,42;0,51;2,75
44,346;-0,50;0,48;2,86
44,347;-0,67;0,45;3,02
44,348;-0,76;0,45;3,09
44,349;-0,86;0,46;3,12
44,350;-0,94;0,47;3,15
44,350;-1,02;0,49;3,19
44,351;-1,10;0,51;3,20
44,352;-1,17;0,56;3,21
44,353;-1,23;0,59;3,24
44,354;-1,28;0,69;3,26
44,355;-1,28;0,73;3,27
44,408;-1,27;0,78;3,28
44,409;-1,24;0,84;3,30
44,411;-1,19;0,89;3,32
44,413;-1,14;0,96;3,35
44,413;-1,08;1,02;3,36
44,414;-1,03;1,09;3,42
44,415;-0,90;1,22;3,49
44,416;-0,83;1,29;3,55
44,417;-0,77;1,34;3,58
44,418;-0,71;1,40;3,63
44,418;-0,63;1,45;3,67
44,419;-0,57;1,50;3,72
44,420;-0,50;1,53;3,74
44,469;-0,45;1,58;3,78
44,470;-0,32;1,63;3,84
44,471;-0,27;1,65;3,87
44,473;-0,21;1,67;3,88
44,474;-0,17;1,68;3,91
44,474;-0,13;1,67;3,92
44,475;-0,08;1,69;3,93
44,476;-0,03;1,70;3,92
44,477;-0,01;1,71;3,92
44,478;0,06;1,69;3,93
44,479;0,09;1,68;3,94
44,480;0,13;1,67;3,96
44,551;0,14;1,65;3,95
44,553;0,17;1,63;3,95
44,554;0,17;1,60;3,94
44,556;0,19;1,56;3,95
44,558;0,19;1,51;3,93
44,560;0,19;1,44;3,86
44,563;0,18;1,40;3,84
44,564;0,18;1,37;3,81
44,565;0,15;1,33;3,78
44,566;0,17;1,30;3,75
44,567;0,15;1,27;3,70
44,568;0,14;1,25;3,67
44,569;0,12;1,21;3,65
44,589;0,07;1,17;3,59
44,601;0,04;1,15;3,57
44,603;0,02;1,15;3,54
44,604;-0,01;1,14;3,50
44,605;-0,03;1,11;3,47
44,606;-0,07;1,12;3,45
44,607;-0,10;1,11;3,40
44,608;-0,12;1,12;3,37
44,609;-0,18;1,13;3,26
44,610;-0,19;1,13;3,23
44,611;-0,21;1,15;3,18
44,612;-0,24;1,14;3,14
44,613;-0,25;1,15;3,08
44,615;-0,26;1,16;3,03
44,660;-0,25;1,14;2,97
44,662;-0,27;1,13;2,89
44,663;-0,27;1,11;2,75
44,664;-0,28;1,11;2,67
44,664;-0,29;1,10;2,59
44,665;-0,30;1,10;2,52
44,666;-0,31;1,10;2,44
44,667;-0,33;1,10;2,34
44,668;-0,33;1,09;2,25
44,669;-0,34;1,09;2,06
44,670;-0,37;1,08;1,96
44,675;-0,37;1,06;1,85
44,760;-0,38;1,05;1,75
44,762;-0,39;1,03;1,63
44,763;-0,40;1,02;1,50
44,765;-0,40;0,99;1,37
44,766;-0,39;0,96;1,22
44,767;-0,38;0,87;0,93
44,768;-0,36;0,82;0,78
44,769;-0,33;0,76;0,65
44,770;-0,31;0,67;0,48
44,771;-0,27;0,58;0,35
44,772;-0,25;0,50;0,20
44,773;-0,23;0,41;0,07
44,774;-0,21;0,32;-0,03
44,774;-0,23;0,19;-0,28
44,775;-0,24;0,11;-0,42
44,777;-0,27;0,04;-0,56
44,778;-0,29;-0,03;-0,71
44,779;-0,33;-0,11;-0,85
44,780;-0,36;-0,18;-1,02
44,781;-0,40;-0,26;-1,19
44,782;-0,42;-0,33;-1,35
44,847;-0,45;-0,52;-1,68
44,848;-0,45;-0,62;-1,85
44,850;-0,44;-0,73;-2,00
44,852;-0,42;-0,83;-2,15
44,853;-0,37;-0,93;-2,29
44,854;-0,34;-1,02;-2,43
44,855;-0,27;-1,12;-2,56
44,857;-0,22;-1,20;-2,66
44,858;-0,08;-1,30;-2,85
44,859;-0,01;-1,36;-2,91
44,860;0,05;-1,37;-2,96
44,862;0,10;-1,37;-3,00
44,863;0,17;-1,36;-3,02
44,864;0,21;-1,33;-3,03
44,865;0,25;-1,29;-3,04
44,866;0,26;-1,24;-3,04
44,867;0,27;-1,12;-3,08
44,949;0,26;-1,06;-3,10
44,951;0,23;-0,98;-3,14
44,953;0,22;-0,92;-3,16
44,954;0,20;-0,85;-3,20
44,955;0,22;-0,80;-3,26
44,957;0,26;-0,77;-3,34
44,958;0,32;-0,73;-3,44
44,959;0,53;-0,71;-3,68
44,960;0,64;-0,73;-3,81
44,963;0,75;-0,77;-3,91
44,964;0,87;-0,80;-4,01
44,965;0,95;-0,85;-4,08
44,967;1,01;-0,86;-4,15
44,968;1,05;-0,87;-4,19
44,969;1,08;-0,87;-4,22
44,970;1,06;-0,85;-4,23
44,971;1,03;-0,85;-4,24
44,972;1,00;-0,86;-4,21
44,973;0,95;-0,87;-4,22
44,974;0,91;-0,87;-4,19
44,976;0,88;-0,88;-4,17
44,983;0,82;-0,88;-4,13
44,984;0,77;-0,90;-4,09
44,985;0,67;-0,92;-3,97
45,043;0,61;-0,96;-3,91
45,045;0,57;-0,98;-3,85
45,046;0,53;-1,02;-3,79
45,047;0,49;-1,07;-3,73
45,048;0,46;-1,13;-3,68
45,050;0,38;-1,20;-3,62
45,051;0,33;-1,28;-3,58
45,052;0,23;-1,43;-3,49
45,053;0,21;-1,52;-3,46
45,054;0,15;-1,60;-3,43
45,056;0,11;-1,70;-3,41
45,061;0,06;-1,79;-3,40
45,068;0,01;-1,88;-3,39
45,069;-0,03;-1,96;-3,37
45,070;-0,13;-2,10;-3,32
45,071;-0,19;-2,15;-3,31
45,073;-0,25;-2,19;-3,28
45,139;-0,29;-2,24;-3,26
45,141;-0,33;-2,24;-3,22
45,142;-0,39;-2,23;-3,19
45,143;-0,42;-2,23;-3,16
45,144;-0,44;-2,20;-3,11
45,145;-0,47;-2,12;-3,06
45,146;-0,47;-2,06;-3,04
45,147;-0,45;-1,98;-3,01
45,148;-0,44;-1,88;-2,99
45,149;-0,41;-1,76;-2,95
45,150;-0,41;-1,64;-2,94
45,151;-0,42;-1,49;-2,90
45,152;-0,42;-1,34;-2,86
45,154;-0,47;-0,99;-2,79
45,155;-0,48;-0,82;-2,75
45,156;-0,50;-0,68;-2,71
45,157;-0,48;-0,53;-2,64
45,269;-0,47;-0,39;-2,60
45,271;-0,45;-0,28;-2,54
45,273;-0,39;-0,17;-2,49
45,274;-0,35;-0,10;-2,43
45,275;-0,24;0,00;-2,31
45,276;-0,17;0,01;-2,26
45,278;-0,11;0,02;-2,18
45,280;-0,05;0,00;-2,12
45,281;0,02;-0,02;-2,05
45,282;0,07;-0,06;-1,97
45,283;0,14;-0,10;-1,90
45,285;0,20;-0,15;-1,83
45,286;0,30;-0,25;-1,66
45,287;0,36;-0,29;-1,59
45,288;0,39;-0,32;-1,52
45,289;0,43;-0,35;-1,45
45,291;0,47;-0,36;-1,38
45,293;0,48;-0,37;-1,29
45,294;0,50;-0,37;-1,21
45,295;0,50;-0,37;-1,14
45,296;0,54;-0,41;-0,96
45,297;0,52;-0,43;-0,86
45,298;0,52;-0,44;-0,76
45,299;0,48;-0,43;-0,66
45,300;0,44;-0,42;-0,54
45,301;0,36;-0,36;-0,42
45,302;0,25;-0,30;-0,28
45,303;0,14;-0,25;-0,15
45,304;-0,05;-0,09;0,07
45,306;-0,15;-0,04;0,17
45,350;-0,19;0,01;0,27
45,352;-0,21;0,06;0,36
45,353;-0,22;0,06;0,46
45,354;-0,23;0,08;0,56
45,355;-0,18;0,08;0,66
45,356;-0,15;0,11;0,78
45,357;-0,03;0,10;1,05
45,358;0,01;0,10;1,20
45,359;0,06;0,09;1,35
45,360;0,08;0,09;1,51
45,361;0,10;0,09;1,67
45,419;0,09;0,10;1,80
45,421;0,08;0,11;1,95
45,422;0,05;0,15;2,10
45,423;-0,05;0,23;2,39
45,423;-0,12;0,29;2,52
45,424;-0,19;0,37;2,65
45,425;-0,29;0,47;2,76
45,426;-0,37;0,56;2,87
45,427;-0,47;0,65;2,96
45,427;-0,56;0,74;3,03
45,428;-0,63;0,84;3,06
45,429;-0,77;0,96;3,13
45,430;-0,81;1,01;3,14
45,431;-0,85;1,06;3,15
45,492;-0,86;1,10;3,14
45,494;-0,86;1,11;3,14
45,495;-0,84;1,14;3,12
45,498;-0,83;1,14;3,13
45,499;-0,75;1,16;3,14
45,500;-0,70;1,18;3,16
45,501;-0,65;1,18;3,18
45,502;-0,58;1,19;3,21
45,503;-0,52;1,22;3,23
45,504;-0,45;1,22;3,27
45,505;-0,39;1,25;3,31
45,506;-0,32;1,25;3,35
45,507;-0,19;1,29;3,43
45,508;-0,14;1,32;3,48
45,509;-0,09;1,33;3,52
45,600;-0,04;1,34;3,56
45,603;0,01;1,34;3,62
45,604;0,05;1,36;3,68
45,606;0,10;1,34;3,73
45,607;0,17;1,32;3,78
45,608;0,33;1,29;3,87
45,608;0,43;1,28;3,91
45,609;0,53;1,24;3,94
45,617;0,63;1,22;3,95
45,618;0,73;1,21;3,97
45,620;0,80;1,21;3,98
45,621;0,87;1,22;4,01
45,623;0,93;1,23;4,02
45,624;1,04;1,28;4,06
45,625;1,09;1,30;4,08
45,626;1,13;1,34;4,08
45,628;1,15;1,38;4,09
45,629;1,17;1,41;4,09
45,631;1,16;1,43;4,07
45,633;1,14;1,47;4,07
45,634;1,13;1,51;4,04
45,635;1,08;1,59;4,02
45,636;1,07;1,62;4,01
45,637;1,05;1,66;3,99
45,639;1,02;1,68;3,98
45,640;0,99;1,70;3,94
45,641;0,95;1,71;3,92
45,691;0,90;1,75;3,90
45,693;0,84;1,77;3,88
45,694;0,73;1,82;3,84
45,694;0,67;1,82;3,80
45,695;0,61;1,84;3,75
45,699;0,58;1,84;3,70
45,700;0,53;1,83;3,64
45,701;0,47;1,83;3,56
45,702;0,40;1,82;3,48
45,703;0,35;1,80;3,39
45,704;0,22;1,72;3,17
45,704;0,17;1,69;3,07
45,706;0,11;1,65;2,96
45,762;0,06;1,60;2,85
45,765;0,00;1,54;2,72
45,766;-0,06;1,51;2,61
45,767;-0,09;1,46;2,49
45,768;-0,14;1,41;2,38
45,770;-0,27;1,33;2,13
45,771;-0,33;1,28;2,03
45,772;-0,39;1,24;1,91
45,774;-0,45;1,20;1,80
45,775;-0,52;1,14;1,69
45,776;-0,58;1,09;1,59
45,777;-0,65;1,08;1,48
45,778;-0,69;1,03;1,39
45,779;-0,77;0,94;1,20
45,781;-0,81;0,90;1,10
45,829;-0,84;0,86;0,99
45,831;-0,84;0,80;0,90
45,832;-0,86;0,74;0,79
45,833;-0,86;0,68;0,69
45,834;-0,85;0,62;0,61
45,835;-0,84;0,54;0,49
45,836;-0,79;0,41;0,30
45,838;-0,77;0,34;0,21
45,839;-0,75;0,28;0,13
45,840;-0,75;0,20;0,03
45,841;-0,77;0,14;-0,07
45,842;-0,76;0,09;-0,18
45,907;-0,79;0,02;-0,31
45,909;-0,84;-0,09;-0,55
45,910;-0,87;-0,15;-0,70
45,912;-0,90;-0,23;-0,85
45,913;-0,92;-0,29;-1,02
45,914;-0,91;-0,39;-1,19
45,916;-0,92;-0,47;-1,40
45,917;-0,88;-0,57;-1,62
45,918;-0,83;-0,67;-1,83
45,919;-0,68;-0,91;-2,23
45,921;-0,58;-1,03;-2,41
45,922;-0,46;-1,14;-2,57
45,923;-0,36;-1,25;-2,72
45,924;-0,24;-1,33;-2,83
45,925;-0,13;-1,42;-2,92
45,926;-0,01;-1,48;-3,00
45,927;0,10;-1,54;-3,05
45,987;0,32;-1,61;-3,10
45,988;0,40;-1,63;-3,09
45,989;0,48;-1,62;-3,07
45,991;0,57;-1,59;-3,04
45,992;0,60;-1,54;-3,00
45,993;0,63;-1,48;-2,95
45,994;0,65;-1,40;-2,90
45,996;0,66;-1,33;-2,87
45,997;0,61;-1,16;-2,84
45,998;0,60;-1,11;-2,86
45,999;0,56;-1,05;-2,87
46,001;0,54;-0,98;-2,92
46,002;0,52;-0,94;-2,98
46,003;0,53;-0,90;-3,03
46,004;0,54;-0,88;-3,13
46,006;0,57;-0,87;-3,22
46,056;0,65;-0,89;-3,45
46,058;0,70;-0,92;-3,55
46,059;0,77;-0,96;-3,66
46,060;0,81;-1,01;-3,75
46,061;0,84;-1,05;-3,82
46,062;0,86;-1,07;-3,86
46,063;0,85;-1,09;-3,89
46,065;0,86;-1,11;-3,92
46,071;0,83;-1,15;-3,92
46,072;0,82;-1,17;-3,91
46,073;0,77;-1,19;-3,89
46,074;0,74;-1,22;-3,88
46,076;0,70;-1,23;-3,85
46,077;0,68;-1,26;-3,82
46,141;0,63;-1,29;-3,77
46,142;0,59;-1,32;-3,73
46,143;0,52;-1,38;-3,64
46,144;0,49;-1,40;-3,58
46,145;0,48;-1,45;-3,53
46,146;0,45;-1,50;-3,47
46,152;0,44;-1,53;-3,43
46,153;0,44;-1,58;-3,37
46,154;0,44;-1,62;-3,34
46,155;0,44;-1,68;-3,30
46,156;0,42;-1,76;-3,23
46,157;0,43;-1,79;-3,20
46,158;0,43;-1,82;-3,19
46,159;0,43;-1,86;-3,16
46,161;0,44;-1,88;-3,14
46,163;0,45;-1,91;-3,11
46,165;0,46;-1,92;-3,08
46,166;0,45;-1,93;-3,06
46,172;0,47;-1,95;-3,00
46,215;0,48;-1,94;-2,98
46,218;0,51;-1,92;-2,96
46,219;0,53;-1,88;-2,95
46,220;0,56;-1,81;-2,94
46,221;0,57;-1,73;-2,94
46,222;0,56;-1,64;-2,95
46,223;0,55;-1,50;-2,97
46,224;0,50;-1,20;-3,04
46,224;0,44;-1,02;-3,07
46,226;0,41;-0,87;-3,10
46,227;0,37;-0,70;-3,13
46,236;0,34;-0,53;-3,13
46,239;0,30;-0,38;-3,11
46,290;0,28;-0,24;-3,08
46,291;0,23;0,02;-2,92
46,292;0,20;0,13;-2,83
46,293;0,17;0,21;-2,74
46,294;0,13;0,28;-2,63
46,295;0,09;0,35;-2,52
46,297;0,03;0,37;-2,40
46,298;-0,02;0,38;-2,28
46,299;-0,07;0,35;-2,16
46,300;-0,19;0,29;-1,95
46,301;-0,22;0,25;-1,86
46,303;-0,24;0,17;-1,80
46,304;-0,23;0,09;-1,74
46,393;-0,21;0,00;-1,71
46,401;-0,17;-0,11;-1,68
46,404;-0,12;-0,20;-1,67
46,405;-0,06;-0,33;-1,65
46,408;0,05;-0,51;-1,62
46,409;0,09;-0,57;-1,58
46,410;0,10;-0,62;-1,52
46,411;0,12;-0,61;-1,42
46,412;0,12;-0,62;-1,32
46,413;0,12;-0,61;-1,19
46,414;0,11;-0,61;-1,06
46,416;0,10;-0,60;-0,91
46,417;0,12;-0,61;-0,56
46,418;0,10;-0,61;-0,37
46,420;0,05;-0,63;-0,19
46,421;-0,03;-0,63;-0,01
46,422;-0,13;-0,63;0,17
46,423;-0,26;-0,61;0,34
46,424;-0,40;-0,61;0,49
46,426;-0,54;-0,64;0,64
46,427;-0,78;-0,72;0,92
46,428;-0,85;-0,76;1,05
46,429;-0,89;-0,82;1,20
46,430;-0,89;-0,87;1,34
46,431;-0,84;-0,96;1,49
46,432;-0,75;-1,10;1,65
46,493;-0,61;-1,25;1,83
46,494;-0,44;-1,38;2,01
46,495;-0,05;-1,66;2,40
46,497;0,12;-1,78;2,59
46,498;0,26;-1,87;2,78
46,499;0,36;-1,91;2,95
46,501;0,40;-1,92;3,09
46,502;0,37;-1,85;3,22
46,503;0,31;-1,74;3,32
46,504;0,19;-1,62;3,36
46,505;-0,16;-1,26;3,39
46,506;-0,35;-1,06;3,37
46,507;-0,56;-0,81;3,34
46,508;-0,73;-0,57;3,29
46,510;-0,91;-0,33;3,26
46,511;-1,02;-0,09;3,22
46,593;-1,11;0,10;3,22
46,598;-1,15;0,28;3,23
46,601;-1,08;0,57;3,34
46,603;-0,99;0,69;3,44
46,605;-0,87;0,79;3,53
46,607;-0,74;0,88;3,64
46,609;-0,60;0,96;3,73
46,634;-0,45;1,02;3,81
46,638;-0,32;1,03;3,89
46,639;-0,20;1,04;3,94
46,640;0,00;1,02;4,01
46,641;0,09;0,99;4,01
46,643;0,16;0,95;4,01
46,644;0,23;0,90;3,99
46,650;0,26;0,84;3,98
46,652;0,31;0,79;3,96
46,653;0,34;0,74;3,96
46,654;0,38;0,70;3,96
46,657;0,46;0,64;3,98
46,658;0,50;0,61;3,99
46,659;0,54;0,60;4,03
46,660;0,59;0,58;4,08
46,662;0,64;0,57;4,11
46,664;0,71;0,58;4,15
46,665;0,75;0,59;4,18
46,670;0,85;0,62;4,23
46,672;0,89;0,63;4,25
46,673;0,94;0,66;4,26
46,674;1,00;0,68;4,26
46,675;1,05;0,69;4,26
46,676;1,11;0,73;4,27
46,677;1,16;0,76;4,28
46,678;1,22;0,82;4,28
46,727;1,33;0,90;4,28
46,728;1,38;0,94;4,26
46,728;1,40;0,99;4,26
46,729;1,44;1,05;4,24
46,730;1,47;1,11;4,23
46,731;1,51;1,15;4,22
46,732;1,54;1,20;4,22
46,733;1,57;1,26;4,19
46,734;1,62;1,36;4,16
46,734;1,64;1,41;4,14
46,735;1,63;1,45;4,13
46,737;1,63;1,48;4,10
46,862;1,61;1,52;4,06
46,863;1,60;1,55;4,04
46,865;1,59;1,56;4,01
46,866;1,56;1,58;3,97
46,867;1,44;1,59;3,87
46,868;1,38;1,59;3,82
46,872;1,31;1,60;3,76
46,873;1,22;1,58;3,68
46,874;1,14;1,57;3,60
46,875;1,06;1,55;3,52
46,876;0,98;1,52;3,42
46,877;0,89;1,50;3,33
46,878;0,72;1,43;3,12
46,879;0,66;1,38;3,01
46,880;0,59;1,34;2,89
46,882;0,52;1,28;2,79
46,882;0,46;1,24;2,66
46,884;0,37;1,19;2,55
46,885;0,29;1,15;2,42
46,886;0,22;1,10;2,30
46,887;0,05;0,99;2,04
46,888;-0,03;0,95;1,91
46,889;-0,11;0,91;1,79
46,890;-0,19;0,87;1,67
46,891;-0,27;0,82;1,53
46,892;-0,33;0,75;1,41
46,893;-0,42;0,69;1,27
46,894;-0,49;0,63;1,15
46,895;-0,64;0,51;0,87
46,896;-0,71;0,44;0,73
46,898;-0,77;0,35;0,59
46,899;-0,81;0,28;0,46
46,902;-0,86;0,19;0,31
46,966;-0,88;0,10;0,17
46,967;-0,92;0,03;0,02
46,969;-0,93;-0,07;-0,13
46,970;-0,97;-0,23;-0,43
46,971;-1,01;-0,29;-0,59
46,973;-1,06;-0,33;-0,78
46,974;-1,11;-0,38;-0,94
46,975;-1,15;-0,41;-1,12
46,976;-1,19;-0,45;-1,31
46,977;-1,25;-0,49;-1,49
46,978;-1,27;-0,53;-1,68
46,979;-1,28;-0,61;-2,09
46,980;-1,26;-0,65;-2,29
46,981;-1,25;-0,71;-2,47
46,983;-1,19;-0,74;-2,62
46,984;-1,13;-0,80;-2,77
47,054;-1,07;-0,85;-2,90
47,056;-0,99;-0,89;-3,02
47,057;-0,91;-0,93;-3,11
47,059;-0,73;-0,98;-3,27
47,060;-0,64;-0,99;-3,34
47,061;-0,56;-1,00;-3,39
47,062;-0,49;-1,01;-3,45
47,063;-0,44;-1,01;-3,51
47,064;-0,41;-1,00;-3,55
47,065;-0,39;-0,98;-3,60
47,066;-0,42;-0,93;-3,68
47,067;-0,48;-0,89;-3,70
47,071;-0,52;-0,85;-3,73
47,077;-0,57;-0,79;-3,77
47,078;-0,63;-0,74;-3,82
47,079;-0,69;-0,71;-3,87
47,081;-0,74;-0,69;-3,92
47,082;-0,80;-0,68;-4,00
47,083;-0,82;-0,69;-4,19
47,084;-0,81;-0,73;-4,29
47,146;-0,78;-0,78;-4,39
47,148;-0,74;-0,84;-4,49
47,149;-0,70;-0,89;-4,57
47,150;-0,67;-0,96;-4,65
47,153;-0,65;-1,00;-4,70
47,154;-0,65;-1,03;-4,73
47,155;-0,72;-1,07;-4,75
47,157;-0,79;-1,07;-4,74
47,158;-0,87;-1,09;-4,73
47,160;-0,96;-1,10;-4,68
47,161;-1,07;-1,11;-4,65
47,162;-1,18;-1,13;-4,62
47,163;-1,30;-1,13;-4,57
47,165;-1,42;-1,17;-4,54
47,167;-1,67;-1,22;-4,44
47,168;-1,79;-1,25;-4,40
47,170;-1,91;-1,29;-4,37
47,225;-2,01;-1,33;-4,34
47,226;-2,11;-1,39;-4,32
47,227;-2,19;-1,42;-4,29
47,228;-2,24;-1,46;-4,27
47,229;-2,27;-1,51;-4,26
47,230;-2,29;-1,57;-4,21
47,232;-2,29;-1,58;-4,18
47,233;-2,27;-1,60;-4,16
47,237;-2,23;-1,58;-4,13
47,238;-2,15;-1,58;-4,07
47,239;-2,08;-1,54;-4,03
47,240;-2,02;-1,50;-3,97
47,241;-1,93;-1,42;-3,90
47,242;-1,74;-1,23;-3,73
47,243;-1,64;-1,08;-3,65
47,315;-1,51;-0,90;-3,58
47,317;-1,38;-0,72;-3,47
47,318;-1,24;-0,55;-3,36
47,322;-1,10;-0,43;-3,19
47,323;-0,95;-0,33;-3,01
47,324;-0,81;-0,23;-2,79
47,325;-0,56;-0,09;-2,38
47,326;-0,46;-0,04;-2,18
47,327;-0,36;0,01;-2,01
47,328;-0,31;0,06;-1,86
47,329;-0,26;0,09;-1,75
47,330;-0,26;0,09;-1,67
47,331;-0,27;0,09;-1,60
47,332;-0,30;0,07;-1,58
47,333;-0,39;-0,01;-1,62
47,334;-0,46;-0,06;-1,67
47,335;-0,54;-0,11;-1,73
47,336;-0,62;-0,16;-1,79
47,337;-0,71;-0,20;-1,87
47,385;-0,79;-0,23;-1,93
47,388;-0,85;-0,25;-1,98
47,390;-0,90;-0,25;-2,03
47,391;-0,91;-0,25;-2,06
47,392;-0,88;-0,23;-2,06
47,394;-0,82;-0,19;-2,05
47,395;-0,76;-0,14;-2,03
47,396;-0,69;-0,08;-2,00
47,397;-0,59;-0,00;-1,95
47,398;-0,50;0,06;-1,90
47,399;-0,39;0,16;-1,82
47,400;-0,15;0,34;-1,68
47,402;-0,02;0,45;-1,61
47,461;0,14;0,54;-1,53
47,462;0,32;0,65;-1,46
47,463;0,49;0,74;-1,37
47,464;0,68;0,84;-1,27
47,465;0,86;0,95;-1,16
47,466;1,15;1,10;-0,95
47,467;1,28;1,14;-0,80
47,467;1,38;1,16;-0,66
47,468;1,48;1,20;-0,51
47,470;1,54;1,19;-0,36
47,471;1,55;1,18;-0,19
47,472;1,56;1,17;-0,03
47,473;1,52;1,15;0,11
47,474;1,41;1,09;0,38
47,622;1,33;1,04;0,48
47,627;1,22;0,98;0,58
47,629;1,11;0,91;0,67
47,631;0,99;0,83;0,72
47,634;0,86;0,75;0,78
47,637;0,74;0,65;0,83
47,640;0,61;0,55;0,87
47,643;0,43;0,30;0,97
47,646;0,39;0,18;1,04
47,648;0,37;0,09;1,14
47,650;0,38;-0,01;1,25
47,653;0,40;-0,10;1,39
47,654;0,43;-0,17;1,54
47,655;0,47;-0,23;1,71
47,656;0,50;-0,26;1,87
47,664;0,55;-0,30;2,23
47,665;0,53;-0,31;2,38
47,666;0,49;-0,29;2,54
47,668;0,41;-0,25;2,67
47,669;0,33;-0,17;2,78
47,670;0,25;-0,07;2,87
47,671;0,16;0,01;2,97
47,673;0,06;0,09;3,04
47,674;-0,12;0,22;3,17
47,675;-0,18;0,31;3,23
47,676;-0,24;0,40;3,29
47,678;-0,29;0,45;3,34
47,679;-0,33;0,53;3,38
47,680;-0,34;0,57;3,43
47,681;-0,31;0,62;3,46
47,682;-0,31;0,64;3,49
47,683;-0,23;0,69;3,55
47,684;-0,17;0,71;3,58
47,685;-0,10;0,75;3,60
47,686;-0,05;0,78;3,61
47,687;0,01;0,80;3,62
47,688;0,08;0,82;3,62
47,689;0,15;0,83;3,63
47,690;0,24;0,82;3,63
47,691;0,37;0,83;3,63
47,692;0,43;0,83;3,63
47,693;0,50;0,83;3,62
47,694;0,57;0,84;3,62
47,695;0,62;0,85;3,64
47,698;0,68;0,84;3,66
47,740;0,74;0,84;3,68
47,742;0,82;0,82;3,68
47,743;1,01;0,77;3,71
47,744;1,12;0,76;3,72
47,745;1,24;0,74;3,74
47,746;1,36;0,74;3,77
47,747;1,48;0,75;3,80
47,748;1,62;0,77;3,84
47,749;1,74;0,81;3,87
47,750;1,86;0,85;3,91
47,753;2,07;0,94;4,00
47,824;2,17;0,99;4,05
47,826;2,25;1,04;4,09
47,827;2,34;1,10;4,12
47,829;2,38;1,15;4,17
47,830;2,41;1,20;4,20
47,831;2,43;1,27;4,21
47,832;2,42;1,30;4,22
47,833;2,37;1,35;4,22
47,834;2,32;1,38;4,23
47,835;2,26;1,42;4,25
47,836;2,19;1,46;4,26
47,837;2,12;1,49;4,29
47,838;2,05;1,52;4,30
47,839;1,98;1,57;4,32
47,840;1,85;1,63;4,31
47,841;1,76;1,67;4,32
47,843;1,67;1,70;4,30
47,844;1,57;1,72;4,28
47,919;1,48;1,74;4,25
47,920;1,38;1,76;4,24
47,921;1,25;1,76;4,17
47,923;1,13;1,76;4,12
47,924;0,92;1,73;3,98
47,925;0,82;1,69;3,89
47,926;0,70;1,64;3,79
47,928;0,62;1,59;3,70
47,929;0,53;1,51;3,57
47,930;0,47;1,45;3,45
47,931;0,42;1,36;3,33
47,933;0,37;1,27;3,20
47,934;0,28;1,10;2,90
47,936;0,23;1,01;2,77
47,941;0,19;0,93;2,60
47,943;0,14;0,83;2,46
47,944;0,09;0,76;2,29
47,945;0,03;0,66;2,14
47,946;-0,03;0,60;2,00
47,947;-0,10;0,52;1,87
47,949;-0,24;0,41;1,64
48,006;-0,31;0,37;1,53
48,007;-0,36;0,35;1,44
48,007;-0,41;0,33;1,35
48,008;-0,43;0,32;1,25
48,009;-0,45;0,31;1,15
48,010;-0,47;0,30;1,06
48,011;-0,46;0,26;0,97
48,012;-0,44;0,23;0,77
48,015;-0,42;0,19;0,68
48,016;-0,39;0,14;0,58
48,018;-0,35;0,08;0,48
48,019;-0,32;0,02;0,37
48,020;-0,29;-0,04;0,25
48,021;-0,25;-0,11;0,13
48,024;-0,22;-0,18;-0,03
48,074;-0,18;-0,27;-0,36
48,075;-0,17;-0,34;-0,56
48,076;-0,16;-0,40;-0,77
48,077;-0,16;-0,44;-0,99
48,079;-0,17;-0,48;-1,21
48,084;-0,18;-0,52;-1,43
48,085;-0,20;-0,56;-1,66
48,086;-0,21;-0,60;-1,87
48,086;-0,21;-0,70;-2,30
48,088;-0,18;-0,74;-2,49
48,089;-0,15;-0,79;-2,70
48,090;-0,11;-0,84;-2,86
48,091;-0,06;-0,91;-3,01
48,143;-0,02;-0,97;-3,13
48,144;0,06;-1,00;-3,25
48,145;0,08;-1,03;-3,33
48,146;0,19;-1,05;-3,47
48,148;0,25;-1,05;-3,54
48,149;0,28;-1,04;-3,61
48,150;0,32;-1,02;-3,65
48,151;0,33;-0,98;-3,72
48,153;0,33;-0,95;-3,76
48,154;0,32;-0,91;-3,83
48,155;0,29;-0,84;-3,89
48,156;0,22;-0,71;-4,03
48,157;0,17;-0,63;-4,10
48,159;0,12;-0,55;-4,17
48,236;0,08;-0,49;-4,25
48,239;0,06;-0,45;-4,36
48,241;0,07;-0,41;-4,45
48,244;0,07;-0,40;-4,53
48,245;0,11;-0,40;-4,65
48,246;0,17;-0,42;-4,81
48,248;0,20;-0,44;-4,91
48,249;0,24;-0,43;-4,98
48,250;0,26;-0,45;-5,06
48,251;0,27;-0,42;-5,11
48,253;0,28;-0,38;-5,15
48,254;0,26;-0,36;-5,16
48,255;0,23;-0,24;-5,11
48,256;0,19;-0,17;-5,03
48,258;0,17;-0,11;-4,94
48,259;0,15;-0,01;-4,82
48,260;0,12;0,07;-4,69
48,265;0,09;0,18;-4,56
48,266;0,07;0,29;-4,42
48,268;0,02;0,40;-4,29
48,269;-0,10;0,56;-4,00
48,270;-0,18;0,62;-3,86
48,326;-0,24;0,67;-3,74
48,328;-0,30;0,71;-3,62
48,329;-0,34;0,71;-3,52
48,330;-0,35;0,69;-3,43
48,331;-0,32;0,63;-3,36
48,333;-0,25;0,54;-3,31
48,334;-0,05;0,30;-3,24
48,335;0,09;0,15;-3,22
48,336;0,27;-0,02;-3,17
48,337;0,42;-0,19;-3,12
48,339;0,56;-0,38;-3,03
48,340;0,68;-0,53;-2,93
48,341;0,79;-0,70;-2,80
48,343;0,88;-0,82;-2,67
48,344;1,00;-1,05;-2,36
48,430;1,03;-1,14;-2,23
48,432;1,03;-1,20;-2,13
48,433;1,02;-1,26;-2,03
48,435;0,98;-1,31;-1,94
48,436;0,92;-1,37;-1,90
48,437;0,83;-1,42;-1,85
48,439;0,71;-1,46;-1,82
48,441;0,43;-1,53;-1,79
48,443;0,26;-1,56;-1,81
48,444;0,11;-1,59;-1,84
48,445;-0,07;-1,62;-1,85
48,446;-0,22;-1,65;-1,91
48,448;-0,37;-1,67;-1,97
48,449;-0,50;-1,70;-2,02
48,450;-0,62;-1,72;-2,09
48,451;-0,78;-1,79;-2,18
48,453;-0,82;-1,84;-2,20
48,454;-0,84;-1,87;-2,23
48,455;-0,83;-1,91;-2,26
48,457;-0,80;-1,95;-2,26
48,458;-0,72;-1,99;-2,26
48,459;-0,65;-2,03;-2,27
48,461;-0,56;-2,04;-2,26
48,526;-0,31;-2,05;-2,28
48,527;-0,16;-2,04;-2,31
48,529;-0,03;-2,00;-2,33
48,530;0,10;-1,95;-2,35
48,531;0,19;-1,88;-2,36
48,532;0,27;-1,80;-2,35
48,533;0,32;-1,70;-2,34
48,534;0,38;-1,61;-2,31
48,535;0,48;-1,38;-2,19
48,536;0,53;-1,28;-2,11
48,537;0,59;-1,17;-2,03
48,538;0,66;-1,06;-1,95
48,540;0,74;-0,95;-1,84
48,541;0,80;-0,85;-1,73
48,542;0,87;-0,74;-1,61
48,543;0,95;-0,65;-1,47
48,544;1,09;-0,52;-1,14
48,599;1,15;-0,45;-0,95
48,615;1,20;-0,40;-0,75
48,616;1,22;-0,32;-0,54
48,617;1,24;-0,25;-0,33
48,618;1,22;-0,17;-0,13
48,619;1,19;-0,08;0,05
48,620;1,13;-0,01;0,20
48,626;0,99;0,13;0,44
48,632;0,90;0,19;0,56
48,634;0,81;0,23;0,63
48,635;0,74;0,26;0,70
48,636;0,63;0,29;0,77
48,637;0,56;0,30;0,85
48,639;0,49;0,30;0,92
48,640;0,35;0,30;1,14
48,641;0,29;0,31;1,26
48,642;0,23;0,34;1,41
48,643;0,16;0,37;1,57
48,644;0,09;0,40;1,73
48,645;0,02;0,43;1,90
48,683;-0,06;0,48;2,06
48,684;-0,14;0,53;2,22
48,685;-0,35;0,66;2,52
48,685;-0,47;0,74;2,63
48,686;-0,59;0,81;2,72
48,687;-0,70;0,89;2,81
48,687;-0,84;0,98;2,88
48,691;-0,93;1,05;2,92
48,692;-1,04;1,11;2,96
48,693;-1,12;1,16;2,99
48,744;-1,26;1,25;2,99
48,746;-1,31;1,27;3,00
48,747;-1,33;1,29;3,01
48,748;-1,34;1,29;3,00
48,750;-1,36;1,29;2,99
48,751;-1,34;1,28;3,00
48,752;-1,31;1,28;3,02
48,754;-1,28;1,29;3,04
48,755;-1,20;1,30;3,10
48,756;-1,15;1,31;3,14
48,758;-1,10;1,30;3,17
48,759;-1,03;1,31;3,24
48,760;-0,99;1,32;3,28
48,805;-0,96;1,32;3,33
48,806;-0,94;1,30;3,39
48,809;-0,92;1,28;3,46
48,810;-0,89;1,22;3,60
48,811;-0,87;1,16;3,65
48,812;-0,84;1,09;3,71
48,812;-0,79;1,03;3,76
48,814;-0,72;0,96;3,79
48,814;-0,64;0,90;3,85
48,816;-0,53;0,85;3,89
48,817;-0,43;0,80;3,92
48,819;-0,22;0,73;3,99
48,871;-0,10;0,71;4,03
48,872;0,01;0,71;4,06
48,873;0,11;0,74;4,09
48,873;0,21;0,75;4,13
48,877;0,30;0,79;4,16
48,878;0,39;0,84;4,20
48,879;0,47;0,89;4,23
48,879;0,62;1,02;4,32
48,880;0,70;1,09;4,37
48,881;0,78;1,15;4,40
48,882;0,81;1,20;4,42
48,883;0,86;1,27;4,43
48,886;0,86;1,31;4,42
48,934;0,85;1,35;4,42
48,935;0,83;1,40;4,41
48,936;0,77;1,48;4,42
48,937;0,73;1,54;4,41
48,938;0,70;1,58;4,40
48,939;0,66;1,63;4,40
48,940;0,61;1,67;4,40
48,941;0,56;1,70;4,39
48,943;0,53;1,75;4,38
48,944;0,47;1,77;4,34
48,945;0,36;1,81;4,26
48,946;0,31;1,81;4,20
48,990;0,24;1,81;4,13
48,991;0,19;1,79;4,05
48,993;0,13;1,77;3,99
48,994;0,07;1,74;3,89
48,995;0,04;1,69;3,80
48,996;-0,03;1,66;3,70
48,996;-0,10;1,57;3,51
48,997;-0,12;1,51;3,39
48,999;-0,15;1,46;3,28
49,000;-0,17;1,39;3,15
49,004;-0,18;1,34;3,02
49,005;-0,18;1,28;2,88
49,070;-0,20;1,22;2,74
49,072;-0,24;1,11;2,43
49,073;-0,28;1,05;2,29
49,074;-0,30;1,01;2,14
49,075;-0,34;0,97;1,99
49,076;-0,38;0,93;1,86
49,077;-0,43;0,89;1,74
49,078;-0,48;0,85;1,61
49,079;-0,51;0,82;1,49
49,092;-0,62;0,72;1,29
49,093;-0,65;0,69;1,17
49,094;-0,69;0,64;1,06
49,095;-0,74;0,60;0,98
49,096;-0,76;0,52;0,87
49,097;-0,82;0,48;0,79
49,098;-0,87;0,41;0,69
49,099;-0,90;0,35;0,60
49,100;-0,97;0,19;0,39
49,101;-0,99;0,14;0,29
49,199;-1,00;0,05;0,16
49,200;-1,01;-0,01;0,03
49,218;-1,01;-0,10;-0,12
49,220;-1,02;-0,17;-0,29
49,221;-1,01;-0,24;-0,47
49,223;-1,00;-0,30;-0,64
49,224;-0,96;-0,45;-1,03
49,225;-0,94;-0,52;-1,23
49,227;-0,89;-0,61;-1,43
49,228;-0,85;-0,68;-1,67
49,229;-0,77;-0,76;-1,87
49,230;-0,69;-0,85;-2,07
49,232;-0,58;-0,93;-2,26
49,233;-0,48;-1,01;-2,45
49,235;-0,27;-1,14;-2,72
49,236;-0,15;-1,20;-2,81
49,237;-0,04;-1,24;-2,88
49,239;0,07;-1,26;-2,94
49,240;0,16;-1,30;-2,99
49,241;0,26;-1,28;-3,00
49,242;0,34;-1,28;-3,03
49,243;0,43;-1,27;-3,05
49,244;0,51;-1,22;-3,06
49,245;0,54;-1,17;-3,07
49,246;0,54;-1,12;-3,08
49,247;0,51;-1,05;-3,09
49,248;0,47;-0,98;-3,11
49,249;0,44;-0,89;-3,14
49,250;0,36;-0,80;-3,17
49,251;0,30;-0,70;-3,24
49,304;0,17;-0,55;-3,41
49,305;0,11;-0,48;-3,53
49,306;0,08;-0,42;-3,65
49,307;0,08;-0,39;-3,81
49,307;0,11;-0,36;-3,96
49,308;0,11;-0,34;-4,12
49,309;0,16;-0,34;-4,25
49,310;0,20;-0,36;-4,40
49,311;0,28;-0,39;-4,60
49,312;0,34;-0,40;-4,68
49,313;0,34;-0,43;-4,74
49,314;0,38;-0,43;-4,77
49,315;0,39;-0,43;-4,80
49,395;0,39;-0,44;-4,81
49,395;0,39;-0,45;-4,80
49,396;0,36;-0,47;-4,79
49,397;0,33;-0,48;-4,71
49,398;0,31;-0,49;-4,67
49,398;0,28;-0,51;-4,62
49,399;0,27;-0,54;-4,57
49,400;0,25;-0,57;-4,50
49,401;0,23;-0,59;-4,45
49,404;0,20;-0,61;-4,39
49,405;0,17;-0,63;-4,32
49,405;0,12;-0,68;-4,21
49,406;0,10;-0,72;-4,15
49,407;0,08;-0,75;-4,10
49,408;0,05;-0,81;-4,05
49,408;0,03;-0,85;-4,00
49,409;0,00;-0,91;-3,96
49,412;-0,02;-0,95;-3,92
49,413;-0,07;-1,08;-3,83
49,493;-0,10;-1,14;-3,78
49,495;-0,11;-1,21;-3,74
49,496;-0,14;-1,25;-3,70
49,497;-0,15;-1,31;-3,65
49,499;-0,18;-1,35;-3,59
49,500;-0,19;-1,39;-3,55
49,502;-0,18;-1,41;-3,47
49,503;-0,20;-1,40;-3,36
49,505;-0,20;-1,40;-3,30
49,506;-0,18;-1,37;-3,22
49,507;-0,18;-1,34;-3,14
49,508;-0,20;-1,29;-3,06
49,510;-0,20;-1,25;-2,98
49,516;-0,19;-1,17;-2,88
49,518;-0,19;-1,10;-2,79
49,519;-0,16;-0,94;-2,59
49,520;-0,14;-0,85;-2,49
49,521;-0,12;-0,75;-2,40
49,522;-0,09;-0,65;-2,33
49,523;-0,05;-0,56;-2,24
49,524;-0,01;-0,48;-2,18
49,532;0,02;-0,40;-2,12
49,533;0,08;-0,30;-2,07
49,534;0,11;-0,14;-1,98
49,535;0,12;-0,06;-1,95
49,586;0,11;-0,00;-1,92
49,588;0,11;0,04;-1,90
49,589;0,10;0,07;-1,87
49,600;0,11;0,07;-1,86
49,601;0,13;0,09;-1,85
49,602;0,15;0,10;-1,83
49,603;0,18;0,07;-1,82
49,604;0,19;0,05;-1,80
49,605;0,21;0,04;-1,78
49,606;0,25;0,00;-1,75
49,607;0,26;-0,03;-1,72
49,608;0,29;-0,04;-1,68
49,609;0,31;-0,05;-1,63
49,610;0,36;-0,06;-1,57
49,611;0,42;-0,03;-1,41
49,672;0,49;0,01;-1,32
49,675;0,55;0,03;-1,21
49,676;0,61;0,06;-1,09
49,681;0,69;0,09;-0,95
49,682;0,76;0,12;-0,81
49,683;0,81;0,15;-0,66
49,684;0,89;0,17;-0,48
49,685;0,92;0,26;-0,13
49,686;0,91;0,31;0,04
49,687;0,89;0,38;0,20
49,688;0,83;0,42;0,33
49,690;0,80;0,45;0,45
49,691;0,75;0,46;0,55
49,692;0,69;0,47;0,63
49,693;0,66;0,45;0,74
49,694;0,57;0,39;0,88
49,695;0,56;0,34;0,96
49,752;0,54;0,27;1,04
49,753;0,53;0,22;1,12
49,755;0,52;0,15;1,21
49,756;0,50;0,09;1,33
49,757;0,48;0,05;1,45
49,758;0,45;0,01;1,59
49,758;0,39;-0,06;1,88
49,761;0,36;-0,07;2,03
49,762;0,31;-0,07;2,18
49,763;0,27;-0,06;2,31
49,764;0,23;-0,04;2,45
49,765;0,16;0,01;2,56
49,766;0,09;0,07;2,67
49,767;0,02;0,15;2,74
49,769;-0,13;0,34;2,87
49,817;-0,24;0,46;2,92
49,818;-0,32;0,57;2,98
49,819;-0,40;0,70;3,01
49,820;-0,48;0,81;3,05
49,822;-0,56;0,92;3,10
49,823;-0,60;1,03;3,12
49,824;-0,61;1,21;3,20
49,825;-0,59;1,28;3,23
49,826;-0,55;1,34;3,28
49,827;-0,48;1,39;3,32
49,828;-0,43;1,43;3,36
49,829;-0,35;1,47;3,41
49,890;-0,28;1,49;3,46
49,891;-0,19;1,51;3,51
49,892;-0,03;1,53;3,60
49,894;0,04;1,55;3,66
49,897;0,10;1,58;3,70
49,898;0,14;1,59;3,75
49,900;0,18;1,59;3,80
49,902;0,19;1,60;3,84
49,903;0,19;1,60;3,90
49,904;0,20;1,58;3,95
49,905;0,22;1,52;4,03
49,906;0,25;1,49;4,07
49,906;0,29;1,45;4,09
49,907;0,34;1,41;4,10
49,908;0,41;1,36;4,11
49,909;0,45;1,31;4,13
49,954;0,49;1,26;4,12
49,955;0,52;1,23;4,11
49,956;0,55;1,18;4,11
49,957;0,57;1,15;4,11
49,958;0,58;1,14;4,10
49,960;0,58;1,14;4,11
49,961;0,58;1,15;4,13
49,962;0,58;1,14;4,12
49,964;0,58;1,14;4,11
49,965;0,56;1,15;4,09
49,966;0,49;1,15;4,06
50,015;0,44;1,16;4,05
50,016;0,39;1,16;4,04
50,017;0,33;1,19;4,02
50,017;0,30;1,22;4,01
50,018;0,23;1,24;4,01
50,019;0,20;1,29;4,00
50,020;0,15;1,32;3,99
50,021;0,04;1,41;3,96
50,022;-0,01;1,45;3,93
50,022;-0,04;1,47;3,90
50,023;-0,07;1,50;3,86
50,024;-0,10;1,51;3,82
50,082;-0,13;1,53;3,75
50,083;-0,14;1,54;3,70
50,084;-0,16;1,55;3,60
50,085;-0,20;1,52;3,40
50,086;-0,22;1,50;3,29
50,090;-0,24;1,48;3,17
50,091;-0,24;1,47;3,07
50,091;-0,25;1,45;2,94
50,092;-0,27;1,44;2,80
50,093;-0,28;1,42;2,69
50,094;-0,28;1,41;2,57
50,094;-0,30;1,36;2,34
50,095;-0,33;1,35;2,21
50,098;-0,34;1,33;2,11
50,145;-0,36;1,32;2,00
50,148;-0,40;1,30;1,89
50,150;-0,43;1,28;1,78
50,151;-0,48;1,29;1,68
50,153;-0,51;1,27;1,57
50,154;-0,60;1,24;1,34
50,155;-0,65;1,22;1,23
50,156;-0,69;1,19;1,11
50,157;-0,72;1,15;0,97
50,159;-0,73;1,11;0,85
50,160;-0,74;1,07;0,71
50,162;-0,75;1,01;0,59
50,163;-0,76;0,95;0,45
50,247;-0,74;0,78;0,20
50,248;-0,71;0,71;0,08
50,250;-0,70;0,61;-0,05
50,253;-0,68;0,51;-0,17
50,254;-0,64;0,41;-0,27
50,256;-0,62;0,32;-0,37
50,257;-0,60;0,23;-0,47
50,258;-0,56;0,06;-0,66
50,260;-0,54;-0,02;-0,76
50,261;-0,54;-0,12;-0,89
50,263;-0,52;-0,20;-1,00
50,265;-0,50;-0,30;-1,14
50,267;-0,48;-0,39;-1,29
50,268;-0,43;-0,49;-1,46
50,269;-0,41;-0,57;-1,61
50,271;-0,31;-0,76;-1,96
50,272;-0,25;-0,84;-2,14
50,273;-0,17;-0,91;-2,30
50,275;-0,09;-1,01;-2,47
50,276;0,02;-1,08;-2,61
50,277;0,11;-1,15;-2,74
50,278;0,18;-1,22;-2,87
50,280;0,28;-1,26;-2,97
50,281;0,44;-1,35;-3,12
50,327;0,50;-1,39;-3,19
50,328;0,56;-1,41;-3,24
50,329;0,61;-1,42;-3,26
50,330;0,63;-1,42;-3,28
50,332;0,65;-1,41;-3,29
50,333;0,66;-1,39;-3,28
50,334;0,67;-1,36;-3,27
50,335;0,66;-1,28;-3,26
50,336;0,65;-1,22;-3,25
50,337;0,61;-1,15;-3,26
50,338;0,58;-1,09;-3,28
50,340;0,53;-1,02;-3,29
50,390;0,48;-0,94;-3,32
50,391;0,42;-0,86;-3,36
50,393;0,38;-0,80;-3,41
50,395;0,32;-0,70;-3,51
50,397;0,32;-0,65;-3,60
50,398;0,34;-0,62;-3,69
50,400;0,37;-0,63;-3,77
50,401;0,41;-0,63;-3,85
50,402;0,46;-0,66;-3,93
50,403;0,52;-0,68;-4,01
50,405;0,58;-0,71;-4,08
50,406;0,68;-0,73;-4,15
50,407;0,72;-0,76;-4,17
50,453;0,76;-0,77;-4,18
50,454;0,81;-0,80;-4,15
50,455;0,86;-0,81;-4,12
50,456;0,91;-0,84;-4,08
50,457;0,96;-0,87;-4,01
50,458;1,02;-0,91;-3,94
50,462;1,14;-0,96;-3,78
50,463;1,17;-0,99;-3,68
50,464;1,22;-1,04;-3,57
50,465;1,24;-1,06;-3,47
50,466;1,26;-1,09;-3,37
50,467;1,28;-1,14;-3,27
50,522;1,29;-1,17;-3,17
50,525;1,31;-1,22;-3,09
50,530;1,29;-1,32;-2,98
50,531;1,28;-1,39;-2,94
50,532;1,27;-1,46;-2,91
50,533;1,24;-1,56;-2,89
50,534;1,20;-1,69;-2,89
50,535;1,19;-1,82;-2,90
50,536;1,15;-1,96;-2,91
50,537;1,11;-2,09;-2,93
50,538;0,97;-2,32;-3,02
50,539;0,85;-2,39;-3,04
50,539;0,71;-2,44;-3,07
50,540;0,54;-2,45;-3,10
50,542;0,36;-2,44;-3,08
50,604;0,14;-2,40;-3,08
50,606;-0,05;-2,33;-3,07
50,615;-0,25;-2,23;-3,06
50,616;-0,60;-2,02;-2,94
50,617;-0,75;-1,93;-2,83
50,618;-0,87;-1,85;-2,71
50,619;-0,98;-1,77;-2,57
50,620;-1,08;-1,71;-2,40
50,621;-1,14;-1,66;-2,21
50,622;-1,22;-1,61;-2,03
50,623;-1,34;-1,53;-1,64
50,624;-1,38;-1,47;-1,49
50,625;-1,43;-1,40;-1,36
50,626;-1,47;-1,36;-1,26
50,627;-1,51;-1,32;-1,19
50,628;-1,54;-1,30;-1,14
50,629;-1,56;-1,28;-1,12
50,630;-1,59;-1,26;-1,13
50,707;-1,62;-1,23;-1,17
50,708;-1,62;-1,18;-1,22
50,710;-1,61;-1,16;-1,27
50,712;-1,58;-1,11;-1,34
50,715;-1,58;-1,05;-1,40
50,716;-1,52;-1,00;-1,44
50,717;-1,49;-0,93;-1,48
50,718;-1,42;-0,87;-1,50
50,719;-1,25;-0,71;-1,51
50,721;-1,16;-0,63;-1,49
50,722;-1,05;-0,54;-1,47
50,723;-0,93;-0,46;-1,42
50,725;-0,81;-0,37;-1,36
50,726;-0,69;-0,27;-1,28
50,727;-0,59;-0,19;-1,20
50,728;-0,45;-0,11;-1,09
50,730;-0,21;0,10;-0,87
50,731;-0,12;0,19;-0,77
50,732;0,00;0,29;-0,65
50,733;0,08;0,37;-0,53
50,735;0,17;0,45;-0,41
50,796;0,23;0,52;-0,31
50,799;0,29;0,59;-0,19
50,800;0,33;0,66;-0,07
50,801;0,37;0,76;0,16
50,803;0,37;0,80;0,27
50,804;0,37;0,81;0,37
50,805;0,37;0,84;0,48
50,806;0,35;0,83;0,56
50,807;0,34;0,81;0,66
50,808;0,29;0,78;0,74
50,809;0,25;0,75;0,82
50,810;0,18;0,62;0,97
50,811;0,15;0,52;1,03
50,812;0,12;0,42;1,11
50,813;0,13;0,30;1,16
50,816;0,13;0,19;1,22
50,868;0,12;0,08;1,30
50,870;0,13;-0,01;1,39
50,872;0,11;-0,11;1,50
50,873;0,10;-0,28;1,70
50,875;0,08;-0,34;1,80
50,877;0,08;-0,40;1,89
50,878;0,07;-0,46;1,98
50,879;0,06;-0,50;2,05
50,881;0,05;-0,53;2,12
50,882;0,06;-0,52;2,20
50,883;0,06;-0,50;2,27
50,884;0,01;-0,37;2,44
50,885;0,00;-0,28;2,51
50,953;-0,02;-0,17;2,59
50,955;-0,04;-0,05;2,67
50,956;-0,08;0,07;2,76
50,957;-0,09;0,20;2,83
50,958;-0,11;0,35;2,90
50,959;-0,11;0,49;2,96
50,960;-0,14;0,77;3,10
50,961;-0,13;0,91;3,15
50,962;-0,12;1,04;3,20
50,963;-0,11;1,15;3,24
50,964;-0,08;1,25;3,27
50,965;-0,04;1,33;3,29
50,966;0,01;1,39;3,31
50,967;0,06;1,44;3,34
50,968;0,19;1,49;3,35
50,969;0,26;1,50;3,37
50,970;0,31;1,50;3,39
50,971;0,38;1,50;3,40
51,007;0,42;1,49;3,42
51,008;0,49;1,47;3,44
51,009;0,53;1,46;3,44
51,010;0,61;1,43;3,49
51,010;0,65;1,41;3,51
51,011;0,67;1,40;3,55
51,012;0,71;1,38;3,56
51,012;0,76;1,36;3,57
51,102;0,77;1,34;3,58
51,106;0,80;1,28;3,58
51,108;0,80;1,26;3,58
51,111;0,81;1,21;3,59
51,113;0,79;1,18;3,61
51,114;0,77;1,17;3,61
51,115;0,75;1,15;3,62
51,116;0,73;1,13;3,62
51,123;0,72;1,10;3,62
51,124;0,71;1,07;3,62
51,126;0,68;1,05;3,61
51,127;0,66;1,03;3,63
51,128;0,63;1,01;3,63
51,129;0,62;1,01;3,63
51,131;0,60;1,00;3,65
51,132;0,57;1,00;3,65
51,133;0,57;1,02;3,65
51,134;0,56;1,00;3,66
51,135;0,56;1,04;3,65
51,136;0,52;1,05;3,63
51,137;0,52;1,06;3,62
51,138;0,50;1,08;3,60
51,139;0,48;1,09;3,58
51,140;0,45;1,10;3,55
51,142;0,43;1,13;3,54
51,143;0,40;1,14;3,47
51,188;0,38;1,16;3,43
51,190;0,34;1,19;3,33
51,191;0,32;1,19;3,26
51,192;0,30;1,21;3,18
51,194;0,29;1,22;3,11
51,195;0,26;1,21;3,03
51,196;0,25;1,19;2,96
51,197;0,21;1,20;2,87
51,198;0,20;1,19;2,79
51,199;0,15;1,18;2,59
51,200;0,14;1,18;2,48
51,202;0,12;1,17;2,39
51,242;0,09;1,17;2,30
51,243;0,06;1,17;2,19
51,244;0,01;1,15;2,08
51,246;-0,02;1,16;1,96
51,247;-0,06;1,15;1,84
51,248;-0,14;1,12;1,60
51,250;-0,17;1,11;1,46
51,251;-0,21;1,10;1,33
51,252;-0,25;1,08;1,20
51,253;-0,28;1,05;1,07
51,329;-0,32;1,03;0,95
51,340;-0,37;0,99;0,84
51,345;-0,40;0,96;0,73
51,348;-0,45;0,86;0,51
51,350;-0,49;0,81;0,41
51,352;-0,50;0,75;0,30
51,353;-0,51;0,68;0,19
51,355;-0,53;0,61;0,09
51,357;-0,57;0,53;-0,02
51,358;-0,58;0,44;-0,11
51,361;-0,60;0,36;-0,21
51,363;-0,64;0,21;-0,42
51,365;-0,68;0,14;-0,53
51,367;-0,71;0,08;-0,64
51,368;-0,76;0,01;-0,77
51,370;-0,81;-0,05;-0,91
51,371;-0,86;-0,10;-1,04
51,372;-0,91;-0,15;-1,19
51,373;-0,96;-0,21;-1,35
51,375;-1,05;-0,32;-1,69
51,376;-1,06;-0,35;-1,87
51,377;-1,08;-0,43;-2,06
51,378;-1,08;-0,48;-2,28
51,380;-1,05;-0,55;-2,46
51,381;-1,02;-0,64;-2,66
51,383;-0,96;-0,72;-2,86
51,447;-0,81;-0,87;-3,19
51,448;-0,72;-0,93;-3,33
51,450;-0,63;-0,97;-3,44
51,459;-0,54;-1,02;-3,54
51,461;-0,45;-1,05;-3,61
51,462;-0,36;-1,07;-3,65
51,463;-0,25;-1,08;-3,67
51,464;-0,17;-1,10;-3,67
51,465;-0,00;-1,08;-3,63
51,467;0,06;-1,05;-3,59
51,468;0,13;-1,02;-3,56
51,469;0,21;-0,99;-3,51
51,470;0,24;-0,94;-3,45
51,471;0,28;-0,90;-3,42
51,472;0,32;-0,83;-3,39
51,473;0,33;-0,77;-3,35
51,474;0,34;-0,62;-3,31
51,475;0,36;-0,56;-3,32
51,476;0,39;-0,49;-3,36
51,556;0,43;-0,43;-3,40
51,558;0,47;-0,41;-3,49
51,562;0,54;-0,39;-3,57
51,564;0,60;-0,38;-3,65
51,566;0,66;-0,38;-3,75
51,567;0,73;-0,40;-3,89
51,573;0,74;-0,42;-3,95
51,574;0,74;-0,43;-3,98
51,576;0,73;-0,43;-3,99
51,577;0,71;-0,45;-3,99
51,578;0,67;-0,45;-3,98
51,580;0,65;-0,47;-3,96
51,581;0,62;-0,51;-3,92
51,583;0,59;-0,58;-3,83
51,584;0,57;-0,61;-3,77
51,592;0,53;-0,63;-3,72
51,594;0,50;-0,67;-3,64
51,595;0,46;-0,71;-3,58
51,596;0,43;-0,73;-3,49
51,597;0,40;-0,77;-3,42
51,598;0,38;-0,82;-3,35
51,600;0,36;-0,94;-3,20
51,601;0,37;-0,99;-3,16
51,602;0,37;-1,07;-3,10
51,603;0,40;-1,12;-3,06
51,651;0,43;-1,18;-3,03
51,653;0,45;-1,23;-3,00
51,654;0,48;-1,29;-2,99
51,655;0,49;-1,32;-2,96
51,656;0,56;-1,39;-2,93
51,657;0,60;-1,40;-2,92
51,658;0,63;-1,41;-2,89
51,659;0,65;-1,38;-2,87
51,660;0,66;-1,36;-2,84
51,661;0,66;-1,31;-2,80
51,662;0,64;-1,24;-2,76
51,663;0,62;-1,13;-2,70
51,666;0,52;-0,91;-2,60
51,742;0,47;-0,79;-2,55
51,744;0,42;-0,66;-2,49
51,746;0,37;-0,53;-2,43
51,748;0,33;-0,42;-2,36
51,749;0,27;-0,32;-2,28
51,752;0,22;-0,24;-2,18
51,753;0,17;-0,17;-2,08
51,754;0,05;-0,07;-1,86
51,755;-0,02;-0,05;-1,75
51,762;-0,09;-0,04;-1,64
51,763;-0,16;-0,06;-1,53
51,764;-0,24;-0,09;-1,43
51,766;-0,31;-0,13;-1,33
51,767;-0,37;-0,20;-1,23
51,768;-0,44;-0,27;-1,16
51,769;-0,58;-0,43;-1,03
51,771;-0,64;-0,53;-1,00
51,773;-0,69;-0,60;-0,98
51,774;-0,76;-0,68;-0,98
51,776;-0,82;-0,74;-0,99
51,777;-0,89;-0,81;-1,01
51,778;-0,92;-0,86;-1,02
51,842;-0,96;-0,97;-1,07
51,843;-0,96;-1,01;-1,11
51,844;-0,95;-1,03;-1,14
51,845;-0,92;-1,05;-1,14
51,847;-0,90;-1,07;-1,12
51,848;-0,86;-1,04;-1,09
51,849;-0,82;-1,01;-1,04
51,850;-0,80;-0,94;-0,97
51,852;-0,75;-0,78;-0,80
51,853;-0,72;-0,69;-0,71
51,854;-0,70;-0,58;-0,61
51,856;-0,67;-0,49;-0,51
51,857;-0,63;-0,39;-0,40
51,858;-0,61;-0,29;-0,28
51,860;-0,57;-0,21;-0,17
51,861;-0,57;-0,11;-0,06
51,863;-0,56;0,08;0,16
51,914;-0,56;0,15;0,24
51,916;-0,56;0,24;0,31
51,917;-0,55;0,32;0,39
51,918;-0,56;0,36;0,45
51,919;-0,55;0,41;0,50
51,920;-0,54;0,42;0,55
51,921;-0,51;0,43;0,59
51,923;-0,43;0,36;0,68
51,924;-0,37;0,29;0,74
51,925;-0,31;0,22;0,81
51,926;-0,25;0,14;0,90
51,927;-0,21;0,07;1,01
51,928;-0,15;-0,01;1,13
52,006;-0,12;-0,08;1,26
52,007;-0,09;-0,14;1,40
52,008;-0,06;-0,28;1,64
52,009;-0,02;-0,34;1,74
52,011;-0,01;-0,37;1,83
52,012;0,02;-0,39;1,93
52,014;0,02;-0,42;2,01
52,015;0,04;-0,43;2,09
52,016;0,07;-0,40;2,17
52,017;0,08;-0,36;2,24
52,019;0,08;-0,22;2,40
52,020;0,08;-0,12;2,46
52,021;0,05;-0,01;2,52
52,023;0,03;0,11;2,57
52,024;0,01;0,25;2,62
52,025;-0,00;0,37;2,66
52,026;-0,03;0,52;2,69
52,027;-0,03;0,65;2,70
52,028;-0,02;0,90;2,71
52,029;0,03;1,01;2,72
52,032;0,08;1,12;2,71
52,138;0,14;1,21;2,68
52,146;0,22;1,29;2,67
52,149;0,32;1,34;2,65
52,152;0,42;1,40;2,63
52,165;0,54;1,43;2,62
52,166;0,74;1,50;2,60
52,168;0,84;1,53;2,59
52,169;0,92;1,52;2,59
52,170;1,00;1,52;2,60
52,171;1,08;1,51;2,62
52,173;1,16;1,50;2,62
52,174;1,21;1,49;2,64
52,175;1,25;1,48;2,66
52,177;1,33;1,49;2,74
52,178;1,34;1,49;2,80
52,179;1,35;1,49;2,82
52,180;1,37;1,48;2,86
52,182;1,35;1,48;2,91
52,183;1,34;1,48;2,96
52,184;1,32;1,49;3,00
52,185;1,31;1,47;3,05
52,186;1,22;1,44;3,13
52,191;1,17;1,44;3,16
52,192;1,12;1,42;3,21
52,193;1,08;1,40;3,22
52,198;1,02;1,38;3,27
52,199;0,97;1,36;3,31
52,200;0,91;1,35;3,36
52,201;0,80;1,33;3,42
52,202;0,76;1,31;3,46
52,203;0,68;1,28;3,48
52,204;0,61;1,25;3,52
52,205;0,53;1,24;3,55
52,206;0,45;1,22;3,58
52,207;0,37;1,21;3,60
52,274;0,28;1,19;3,63
52,278;0,10;1,17;3,67
52,282;0,01;1,15;3,68
52,287;-0,07;1,15;3,68
52,290;-0,15;1,13;3,68
52,294;-0,24;1,11;3,68
52,299;-0,30;1,09;3,66
52,302;-0,37;1,07;3,65
52,304;-0,44;1,03;3,62
52,305;-0,54;0,97;3,55
52,306;-0,60;0,92;3,50
52,307;-0,63;0,86;3,45
52,309;-0,65;0,81;3,40
52,310;-0,69;0,75;3,34
52,311;-0,70;0,70;3,28
52,312;-0,71;0,64;3,18
52,313;-0,74;0,59;3,11
52,314;-0,78;0,48;2,93
52,316;-0,79;0,44;2,82
52,317;-0,80;0,40;2,71
52,318;-0,81;0,35;2,60
52,319;-0,82;0,31;2,48
52,392;-0,83;0,27;2,36
52,404;-0,84;0,25;2,25
52,406;-0,84;0,20;2,13
52,407;-0,86;0,11;1,92
52,408;-0,88;0,08;1,83
52,409;-0,88;0,05;1,73
52,411;-0,91;0,02;1,64
52,412;-0,94;-0,06;1,56
52,413;-0,97;-0,12;1,51
52,415;-1,01;-0,18;1,45
52,416;-1,04;-0,23;1,40
52,417;-1,13;-0,31;1,26
52,419;-1,18;-0,34;1,19
52,420;-1,22;-0,38;1,09
52,422;-1,25;-0,39;0,99
52,423;-1,28;-0,41;0,90
52,424;-1,28;-0,40;0,79
52,426;-1,29;-0,40;0,67
52,427;-1,25;-0,39;0,56
52,428;-1,15;-0,38;0,33
52,429;-1,10;-0,36;0,19
52,430;-1,05;-0,33;0,04
52,432;-0,98;-0,30;-0,12
52,488;-0,92;-0,27;-0,30
52,489;-0,86;-0,24;-0,50
52,490;-0,79;-0,23;-0,70
52,491;-0,74;-0,21;-0,91
52,492;-0,61;-0,19;-1,42
52,493;-0,56;-0,20;-1,68
52,494;-0,48;-0,20;-1,93
52,495;-0,40;-0,22;-2,18
52,496;-0,32;-0,25;-2,42
52,497;-0,22;-0,29;-2,64
52,498;-0,12;-0,35;-2,82
52,499;-0,01;-0,40;-2,97
52,500;0,25;-0,51;-3,20
52,552;0,37;-0,58;-3,27
52,553;0,48;-0,63;-3,30
52,554;0,58;-0,67;-3,33
52,556;0,67;-0,73;-3,34
52,557;0,74;-0,77;-3,33
52,558;0,79;-0,80;-3,34
52,559;0,83;-0,81;-3,33
52,561;0,86;-0,86;-3,32
52,564;0,87;-0,88;-3,32
52,566;0,84;-0,87;-3,33
52,567;0,81;-0,86;-3,34
52,573;0,78;-0,84;-3,37
52,574;0,72;-0,83;-3,39
52,575;0,65;-0,80;-3,43
52,576;0,51;-0,72;-3,52
52,577;0,45;-0,69;-3,57
52,618;0,39;-0,65;-3,62
52,620;0,35;-0,62;-3,68
52,621;0,33;-0,60;-3,75
52,622;0,31;-0,58;-3,83
52,623;0,34;-0,58;-3,90
52,624;0,36;-0,60;-3,98
52,625;0,41;-0,63;-4,13
52,627;0,42;-0,64;-4,17
52,628;0,43;-0,65;-4,22
52,629;0,43;-0,63;-4,25
52,726;0,43;-0,63;-4,29
52,730;0,42;-0,65;-4,31
52,734;0,41;-0,67;-4,32
52,739;0,41;-0,69;-4,32
52,744;0,42;-0,72;-4,30
52,745;0,42;-0,76;-4,26
52,746;0,42;-0,79;-4,22
52,748;0,43;-0,80;-4,15
52,749;0,43;-0,82;-4,08
52,750;0,44;-0,82;-4,00
52,751;0,44;-0,83;-3,91
52,753;0,45;-0,83;-3,83
52,755;0,47;-0,86;-3,65
52,756;0,48;-0,86;-3,56
52,757;0,50;-0,87;-3,47
52,758;0,50;-0,89;-3,39
52,760;0,50;-0,90;-3,33
52,761;0,51;-0,92;-3,27
52,763;0,52;-0,94;-3,20
52,764;0,52;-0,95;-3,14
52,765;0,54;-0,97;-3,03
52,767;0,56;-0,98;-2,98
52,768;0,57;-0,99;-2,91
52,769;0,57;-1,01;-2,86
52,770;0,58;-1,00;-2,80
52,771;0,57;-1,00;-2,74
52,773;0,56;-1,01;-2,67
52,774;0,55;-0,99;-2,60
52,775;0,48;-0,99;-2,44
52,835;0,44;-0,98;-2,38
52,838;0,37;-0,95;-2,28
52,841;0,30;-0,93;-2,22
52,842;0,23;-0,89;-2,14
52,843;0,15;-0,84;-2,08
52,844;0,07;-0,80;-2,03
52,845;0,01;-0,78;-1,98
52,846;-0,11;-0,76;-1,92
52,847;-0,15;-0,76;-1,90
52,848;-0,18;-0,75;-1,89
52,849;-0,23;-0,76;-1,89
52,850;-0,25;-0,77;-1,89
52,851;-0,27;-0,78;-1,91
52,854;-0,29;-0,81;-1,92
52,858;-0,28;-0,83;-1,95
52,859;-0,25;-0,88;-2,00
52,860;-0,21;-0,92;-2,00
52,957;-0,14;-0,92;-2,01
52,959;-0,09;-0,93;-2,02
52,960;-0,06;-0,91;-2,02
52,963;0,00;-0,88;-2,00
52,964;0,06;-0,84;-1,99
52,965;0,12;-0,80;-1,96
52,966;0,25;-0,65;-1,91
52,967;0,33;-0,56;-1,87
52,968;0,42;-0,46;-1,84
52,970;0,51;-0,34;-1,80
52,972;0,60;-0,19;-1,76
52,973;0,70;-0,03;-1,74
52,974;0,81;0,18;-1,71
52,975;0,92;0,38;-1,67
52,976;1,15;0,76;-1,50
52,977;1,26;0,97;-1,38
52,978;1,39;1,16;-1,25
52,979;1,49;1,34;-1,08
52,980;1,61;1,48;-0,89
52,981;1,72;1,61;-0,65
52,985;1,82;1,72;-0,40
52,986;1,95;1,88;0,14
52,987;2,00;1,94;0,41
52,988;2,03;1,97;0,67
52,989;2,04;1,98;0,89
52,990;2,02;1,99;1,10
53,049;1,98;1,96;1,29
53,050;1,91;1,94;1,43
53,051;1,83;1,87;1,53
53,055;1,62;1,73;1,71
53,056;1,51;1,64;1,75
53,057;1,37;1,55;1,78
53,058;1,25;1,46;1,78
53,059;1,15;1,37;1,79
53,060;1,07;1,26;1,78
53,061;0,96;1,19;1,78
53,062;0,88;1,17;1,81
53,063;0,70;1,17;1,92
53,064;0,61;1,17;2,03
53,069;0,49;1,20;2,12
53,073;0,39;1,23;2,26
53,074;0,28;1,28;2,38
53,075;0,17;1,33;2,51
53,120;0,03;1,40;2,63
53,121;-0,09;1,48;2,76
53,122;-0,36;1,56;2,99
53,123;-0,49;1,64;3,09
53,124;-0,61;1,70;3,17
53,125;-0,75;1,74;3,27
53,125;-0,87;1,78;3,37
53,126;-1,01;1,82;3,47
53,127;-1,14;1,87;3,55
53,128;-1,27;1,89;3,63
53,129;-1,50;1,95;3,77
53,208;-1,59;1,96;3,81
53,213;-1,66;1,95;3,87
53,215;-1,72;1,98;3,87
53,218;-1,75;1,97;3,89
53,222;-1,76;1,96;3,89
53,224;-1,77;1,96;3,90
53,225;-1,77;1,95;3,89
53,226;-1,75;1,96;3,86
53,228;-1,72;1,94;3,83
53,229;-1,68;1,91;3,79
53,231;-1,69;1,88;3,77
53,232;-1,69;1,82;3,77
53,234;-1,70;1,76;3,77
53,235;-1,67;1,71;3,79
53,236;-1,65;1,61;3,80
53,238;-1,55;1,43;3,82
53,239;-1,48;1,33;3,83
53,240;-1,40;1,23;3,85
53,242;-1,32;1,16;3,85
53,244;-1,23;1,09;3,86
53,245;-1,16;1,02;3,84
53,246;-1,09;0,96;3,84
53,247;-1,05;0,91;3,83
53,249;-0,92;0,85;3,80
53,301;-0,87;0,83;3,78
53,302;-0,81;0,82;3,79
53,304;-0,78;0,82;3,78
53,305;-0,72;0,82;3,79
53,306;-0,68;0,82;3,78
53,308;-0,62;0,82;3,78
53,309;-0,58;0,84;3,78
53,310;-0,51;0,85;3,76
53,311;-0,47;0,86;3,75
53,312;-0,43;0,88;3,74
53,313;-0,41;0,90;3,74
53,314;-0,38;0,91;3,72
53,315;-0,37;0,94;3,72
53,376;-0,34;0,97;3,70
53,377;-0,33;0,97;3,68
53,378;-0,30;1,04;3,66
53,379;-0,28;1,08;3,65
53,383;-0,27;1,10;3,65
53,385;-0,26;1,12;3,63
53,386;-0,25;1,15;3,62
53,387;-0,24;1,18;3,60
53,389;-0,21;1,20;3,55
53,390;-0,17;1,23;3,46
53,392;-0,16;1,24;3,40
53,393;-0,13;1,23;3,34
53,394;-0,11;1,23;3,26
53,395;-0,09;1,23;3,18
53,396;-0,07;1,24;3,09
53,397;-0,05;1,21;3,00
53,398;-0,02;1,22;2,90
53,466;0,01;1,19;2,70
53,468;0,01;1,18;2,56
53,469;0,01;1,15;2,43
53,470;0,02;1,14;2,31
53,471;0,02;1,11;2,19
53,472;0,01;1,09;2,07
53,473;-0,01;1,06;1,95
53,474;-0,03;1,04;1,83
53,475;-0,11;1,00;1,63
53,476;-0,15;0,97;1,52
53,477;-0,20;0,92;1,42
53,478;-0,25;0,91;1,33
53,479;-0,29;0,87;1,24
53,480;-0,33;0,83;1,16
53,481;-0,38;0,78;1,09
53,482;-0,41;0,74;1,01
53,484;-0,50;0,65;0,82
53,568;-0,54;0,59;0,73
53,570;-0,56;0,52;0,61
53,572;-0,58;0,44;0,50
53,574;-0,60;0,37;0,38
53,576;-0,62;0,29;0,27
53,578;-0,63;0,19;0,14
53,579;-0,63;0,11;0,01
53,581;-0,64;-0,08;-0,26
53,583;-0,66;-0,17;-0,41
53,585;-0,67;-0,24;-0,54
53,587;-0,68;-0,34;-0,71
53,588;-0,70;-0,41;-0,86
53,590;-0,71;-0,49;-1,03
53,592;-0,73;-0,58;-1,21
53,599;-0,74;-0,64;-1,38
53,600;-0,70;-0,79;-1,76
53,601;-0,67;-0,86;-1,96
53,602;-0,64;-0,92;-2,14
53,604;-0,58;-1,01;-2,33
53,605;-0,51;-1,07;-2,49
53,606;-0,43;-1,15;-2,65
53,607;-0,36;-1,22;-2,78
53,608;-0,28;-1,28;-2,89
53,610;-0,14;-1,39;-3,06
53,611;-0,08;-1,43;-3,12
53,613;-0,01;-1,45;-3,16
53,658;0,04;-1,49;-3,18
53,659;0,08;-1,53;-3,19
53,661;0,14;-1,53;-3,18
53,662;0,16;-1,50;-3,18
53,663;0,19;-1,50;-3,16
53,664;0,17;-1,47;-3,12
53,665;0,16;-1,43;-3,12
53,666;0,12;-1,40;-3,12
53,667;0,05;-1,36;-3,14
53,668;-0,05;-1,33;-3,16
53,669;-0,15;-1,25;-3,23
53,764;-0,26;-1,12;-3,30
53,765;-0,41;-1,00;-3,39
53,766;-0,72;-0,74;-3,61
53,766;-0,87;-0,64;-3,72
53,767;-1,02;-0,54;-3,82
53,768;-1,17;-0,47;-3,92
53,769;-1,30;-0,39;-4,02
53,769;-1,42;-0,34;-4,11
53,774;-1,51;-0,31;-4,19
53,775;-1,59;-0,31;-4,27
53,776;-1,63;-0,37;-4,39
53,777;-1,60;-0,43;-4,45
53,778;-1,53;-0,50;-4,49
53,779;-1,46;-0,58;-4,54
53,780;-1,35;-0,66;-4,55
53,781;-1,21;-0,77;-4,57
53,782;-1,06;-0,88;-4,56
53,784;-0,70;-1,08;-4,52
53,785;-0,51;-1,19;-4,48
53,786;-0,31;-1,27;-4,41
53,787;-0,12;-1,36;-4,35
53,788;0,10;-1,44;-4,28
53,789;0,29;-1,51;-4,20
53,790;0,49;-1,58;-4,14
53,854;0,67;-1,63;-4,08
53,859;0,97;-1,71;-3,99
53,861;1,09;-1,72;-3,95
53,862;1,17;-1,73;-3,89
53,864;1,24;-1,73;-3,85
53,865;1,28;-1,68;-3,80
53,867;1,31;-1,64;-3,74
53,868;1,31;-1,58;-3,68
53,870;1,31;-1,51;-3,60
53,871;1,25;-1,36;-3,45
53,873;1,20;-1,27;-3,38
53,875;1,16;-1,17;-3,30
53,876;1,10;-1,09;-3,24
53,877;1,06;-0,98;-3,18
53,879;1,04;-0,91;-3,14
53,880;1,04;-0,82;-3,09
53,881;1,04;-0,74;-3,09
53,882;1,11;-0,59;-3,07
53,889;1,17;-0,53;-3,06
53,890;1,24;-0,48;-3,07
53,976;1,33;-0,46;-3,08
53,977;1,41;-0,44;-3,09
53,978;1,52;-0,44;-3,09
53,979;1,63;-0,45;-3,08
53,980;1,72;-0,48;-3,06
53,981;1,93;-0,53;-2,99
53,982;2,01;-0,55;-2,94
53,983;2,08;-0,56;-2,90
53,984;2,16;-0,57;-2,80
53,985;2,22;-0,57;-2,71
53,986;2,27;-0,58;-2,62
53,987;2,29;-0,54;-2,52
53,988;2,30;-0,52;-2,40
53,989;2,26;-0,47;-2,20
53,991;2,21;-0,44;-2,10
53,992;2,16;-0,41;-2,00
53,993;2,10;-0,37;-1,92
53,994;2,04;-0,35;-1,82
53,995;1,99;-0,34;-1,77
53,996;1,96;-0,36;-1,72
53,997;1,91;-0,37;-1,70
53,998;1,85;-0,41;-1,69
54,070;1,78;-0,42;-1,70
54,071;1,70;-0,39;-1,69
54,074;1,61;-0,35;-1,68
54,076;1,54;-0,29;-1,65
54,077;1,44;-0,23;-1,60
54,079;1,35;-0,15;-1,56
54,081;1,28;-0,06;-1,48
54,083;1,15;0,13;-1,26
54,085;1,10;0,19;-1,13
54,087;1,05;0,25;-0,99
54,089;1,01;0,28;-0,84
54,097;0,96;0,31;-0,66
54,099;0,88;0,34;-0,48
54,100;0,79;0,35;-0,28
54,101;0,65;0,39;-0,09
54,102;0,34;0,43;0,25
54,103;0,18;0,43;0,39
54,104;0,05;0,41;0,51
54,106;-0,07;0,39;0,62
54,107;-0,17;0,33;0,69
54,109;-0,27;0,27;0,75
54,110;-0,35;0,19;0,84
54,156;-0,42;0,12;0,89
54,158;-0,48;0,00;1,04
54,159;-0,47;-0,04;1,13
54,160;-0,45;-0,05;1,23
54,161;-0,43;-0,04;1,35
54,162;-0,43;-0,02;1,49
54,163;-0,44;0,02;1,63
54,165;-0,45;0,08;1,80
54,166;-0,58;0,27;2,11
54,167;-0,66;0,37;2,27
54,168;-0,75;0,51;2,40
54,169;-0,86;0,64;2,54
54,245;-0,97;0,78;2,67
54,246;-1,07;0,92;2,79
54,247;-1,20;1,07;2,90
54,248;-1,29;1,22;2,99
54,249;-1,45;1,49;3,14
54,250;-1,49;1,61;3,20
54,251;-1,53;1,71;3,23
54,252;-1,54;1,79;3,22
54,253;-1,52;1,84;3,22
54,254;-1,50;1,88;3,20
54,255;-1,46;1,92;3,17
54,256;-1,43;1,95;3,16
54,257;-1,38;1,95;3,13
54,258;-1,35;1,96;3,14
54,260;-1,33;1,94;3,13
54,261;-1,30;1,91;3,14
54,262;-1,28;1,90;3,15
54,263;-1,24;1,89;3,17
54,310;-1,21;1,87;3,21
54,311;-1,16;1,85;3,24
54,313;-1,09;1,82;3,33
54,314;-1,05;1,83;3,37
54,314;-1,01;1,83;3,42
54,315;-0,97;1,87;3,46
54,316;-0,94;1,91;3,51
54,317;-0,92;1,92;3,54
54,318;-0,91;1,90;3,59
54,318;-0,91;1,90;3,64
54,319;-0,89;1,87;3,70
54,320;-0,86;1,84;3,71
54,324;-0,84;1,79;3,72
54,373;-0,80;1,73;3,74
54,374;-0,73;1,66;3,75
54,375;-0,67;1,60;3,75
54,378;-0,60;1,53;3,76
54,379;-0,53;1,48;3,73
54,380;-0,37;1,37;3,73
54,380;-0,32;1,32;3,70
54,381;-0,25;1,27;3,67
54,382;-0,21;1,22;3,62
54,383;-0,16;1,17;3,57
54,384;-0,14;1,14;3,53
54,385;-0,12;1,14;3,50
54,443;-0,10;1,12;3,46
54,445;-0,06;1,14;3,45
54,446;-0,05;1,15;3,46
54,447;-0,02;1,17;3,44
54,449;-0,02;1,19;3,44
54,450;-0,01;1,21;3,45
54,451;-0,01;1,25;3,43
54,452;0,00;1,27;3,42
54,453;0,01;1,31;3,42
54,454;0,00;1,40;3,40
54,455;-0,01;1,43;3,39
54,456;-0,04;1,47;3,37
54,456;-0,05;1,50;3,34
54,457;-0,08;1,53;3,31
54,459;-0,08;1,57;3,29
54,507;-0,10;1,60;3,25
54,509;-0,12;1,62;3,19
54,510;-0,16;1,64;3,11
54,512;-0,15;1,64;3,04
54,513;-0,18;1,64;2,99
54,514;-0,18;1,63;2,92
54,515;-0,19;1,61;2,82
54,516;-0,20;1,59;2,75
54,517;-0,22;1,58;2,65
54,519;-0,24;1,54;2,55
54,520;-0,29;1,48;2,34
54,521;-0,33;1,45;2,22
54,580;-0,36;1,42;2,10
54,581;-0,40;1,37;1,96
54,582;-0,45;1,33;1,84
54,583;-0,52;1,29;1,71
54,584;-0,58;1,23;1,59
54,585;-0,69;1,14;1,35
54,586;-0,73;1,08;1,22
54,590;-0,77;1,01;1,08
54,592;-0,81;0,95;0,97
54,593;-0,84;0,87;0,85
54,595;-0,85;0,80;0,75
54,596;-0,88;0,71;0,62
54,597;-0,89;0,63;0,50
54,598;-0,94;0,42;0,30
54,599;-0,95;0,32;0,21
54,600;-0,97;0,21;0,12
54,678;-0,96;0,11;0,04
54,680;-0,97;-0,01;-0,05
54,681;-1,01;-0,10;-0,13
54,682;-1,03;-0,20;-0,22
54,683;-1,07;-0,30;-0,32
54,684;-1,14;-0,48;-0,56
54,686;-1,18;-0,56;-0,69
54,687;-1,23;-0,62;-0,82
54,688;-1,27;-0,69;-0,96
54,689;-1,33;-0,75;-1,12
54,690;-1,34;-0,82;-1,30
54,691;-1,36;-0,87;-1,48
54,692;-1,36;-0,94;-1,67
54,693;-1,29;-1,05;-2,06
54,696;-1,24;-1,09;-2,23
54,697;-1,19;-1,13;-2,37
54,698;-1,12;-1,16;-2,51
54,699;-1,05;-1,17;-2,60
54,700;-0,97;-1,15;-2,68
54,704;-0,91;-1,13;-2,72
54,705;-0,85;-1,10;-2,73
54,773;-0,75;-1,02;-2,64
54,774;-0,74;-0,97;-2,58
54,775;-0,72;-0,91;-2,51
54,782;-0,71;-0,84;-2,42
54,783;-0,74;-0,74;-2,35
54,783;-0,77;-0,66;-2,29
54,792;-0,83;-0,58;-2,22
54,793;-0,89;-0,50;-2,17
54,798;-1,02;-0,37;-2,12
54,799;-1,07;-0,32;-2,14
54,800;-1,08;-0,31;-2,22
54,801;-1,10;-0,32;-2,30
54,802;-1,07;-0,36;-2,42
54,803;-1,02;-0,40;-2,59
54,804;-0,94;-0,45;-2,78
54,805;-0,86;-0,54;-2,98
54,806;-0,70;-0,69;-3,41
54,806;-0,64;-0,78;-3,61
54,807;-0,57;-0,86;-3,81
54,808;-0,53;-0,92;-3,99
54,809;-0,48;-0,99;-4,15
54,846;-0,46;-1,07;-4,28
54,846;-0,42;-1,12;-4,39
54,847;-0,40;-1,19;-4,46
54,848;-0,36;-1,31;-4,60
54,848;-0,33;-1,36;-4,64
54,849;-0,33;-1,40;-4,68
54,850;-0,31;-1,43;-4,68
54,851;-0,28;-1,45;-4,70
54,858;-0,26;-1,46;-4,72
54,860;-0,22;-1,43;-4,71
54,933;-0,19;-1,43;-4,72
54,934;-0,10;-1,35;-4,73
54,939;-0,03;-1,30;-4,72
54,940;0,03;-1,25;-4,73
54,941;0,10;-1,17;-4,73
54,942;0,15;-1,10;-4,74
54,943;0,20;-1,01;-4,72
54,945;0,23;-0,92;-4,70
54,947;0,27;-0,81;-4,65
54,948;0,30;-0,59;-4,57
54,949;0,35;-0,47;-4,51
54,950;0,39;-0,35;-4,45
54,954;0,44;-0,24;-4,38
54,955;0,50;-0,15;-4,32
54,956;0,56;-0,04;-4,23
54,957;0,63;0,06;-4,17
54,958;0,78;0,23;-3,99
54,959;0,87;0,30;-3,91
54,960;0,96;0,35;-3,81
54,961;1,06;0,39;-3,75
55,039;1,16;0,44;-3,68
55,043;1,24;0,48;-3,61
55,052;1,32;0,52;-3,54
55,053;1,38;0,55;-3,45
55,054;1,51;0,64;-3,32
55,055;1,56;0,68;-3,25
55,057;1,60;0,70;-3,16
55,058;1,62;0,70;-3,03
55,059;1,63;0,68;-2,89
55,061;1,63;0,65;-2,69
55,062;1,59;0,61;-2,48
55,063;1,54;0,56;-2,23
55,064;1,38;0,43;-1,78
55,065;1,26;0,38;-1,57
55,066;1,15;0,30;-1,39
55,067;1,02;0,23;-1,25
55,068;0,91;0,14;-1,15
55,069;0,81;0,05;-1,06
55,071;0,69;-0,07;-1,04
55,077;0,58;-0,18;-1,02
55,078;0,43;-0,44;-1,11
55,079;0,37;-0,54;-1,18
55,080;0,33;-0,64;-1,29
55,081;0,30;-0,71;-1,41
55,129;0,27;-0,76;-1,54
55,135;0,25;-0,77;-1,65
55,136;0,23;-0,77;-1,74
55,137;0,21;-0,73;-1,80
55,138;0,21;-0,61;-1,80
55,139;0,23;-0,51;-1,76
55,140;0,26;-0,38;-1,67
55,141;0,27;-0,25;-1,57
55,142;0,32;-0,12;-1,42
55,143;0,37;0,05;-1,24
55,145;0,42;0,23;-1,06
55,146;0,46;0,40;-0,84
55,147;0,56;0,66;-0,37
55,202;0,59;0,74;-0,11
55,204;0,60;0,81;0,14
55,205;0,61;0,87;0,40
55,206;0,62;0,89;0,64
55,207;0,61;0,89;0,87
55,208;0,60;0,86;1,07
55,209;0,59;0,81;1,27
55,210;0,53;0,70;1,56
55,211;0,45;0,63;1,71
55,212;0,37;0,56;1,84
55,213;0,28;0,51;1,95
55,214;0,22;0,46;2,06
55,215;0,14;0,40;2,16
55,216;0,07;0,34;2,27
55,267;0,01;0,29;2,35
55,270;-0,12;0,20;2,51
55,271;-0,16;0,17;2,57
55,272;-0,23;0,15;2,64
55,273;-0,27;0,15;2,68
55,274;-0,33;0,15;2,72
55,275;-0,39;0,16;2,73
55,276;-0,44;0,19;2,77
55,277;-0,48;0,22;2,79
55,277;-0,56;0,31;2,84
55,278;-0,59;0,38;2,89
55,279;-0,61;0,46;2,92
55,280;-0,62;0,52;2,96
55,327;-0,63;0,62;3,00
55,329;-0,62;0,71;3,04
55,330;-0,61;0,80;3,07
55,331;-0,59;0,89;3,11
55,332;-0,51;1,07;3,19
55,333;-0,45;1,15;3,23
55,334;-0,38;1,22;3,25
55,335;-0,29;1,29;3,29
55,336;-0,20;1,34;3,31
55,337;-0,09;1,37;3,35
55,338;0,04;1,40;3,36
55,339;0,29;1,41;3,38
55,400;0,40;1,39;3,39
55,401;0,50;1,39;3,40
55,403;0,59;1,39;3,42
55,404;0,67;1,39;3,45
55,405;0,73;1,39;3,48
55,406;0,78;1,42;3,52
55,407;0,81;1,43;3,56
55,408;0,85;1,47;3,64
55,409;0,88;1,48;3,71
55,410;0,87;1,53;3,76
55,411;0,84;1,58;3,83
55,412;0,84;1,62;3,89
55,413;0,81;1,66;3,97
55,414;0,79;1,71;4,03
55,415;0,73;1,76;4,08
55,470;0,63;1,82;4,17
55,471;0,55;1,86;4,23
55,472;0,48;1,90;4,25
55,473;0,41;1,93;4,29
55,474;0,33;1,97;4,30
55,475;0,26;2,00;4,32
55,476;0,17;2,01;4,36
55,477;0,09;2,03;4,36
55,479;-0,08;2,01;4,37
55,480;-0,14;1,99;4,38
55,481;-0,21;1,95;4,34
55,482;-0,27;1,91;4,33
55,483;-0,31;1,88;4,30
55,532;-0,34;1,84;4,27
55,533;-0,38;1,79;4,24
55,534;-0,42;1,75;4,19
55,535;-0,45;1,65;4,09
55,535;-0,47;1,60;4,04
55,536;-0,49;1,56;3,99
55,537;-0,50;1,50;3,92
55,540;-0,52;1,48;3,86
55,541;-0,55;1,43;3,80
55,542;-0,56;1,39;3,72
55,543;-0,56;1,35;3,64
55,544;-0,55;1,24;3,50
55,545;-0,52;1,18;3,42
55,604;-0,51;1,15;3,35
55,607;-0,47;1,08;3,29
55,617;-0,45;1,03;3,21
55,618;-0,41;0,98;3,14
55,619;-0,35;0,92;3,08
55,620;-0,33;0,88;3,00
55,622;-0,27;0,78;2,84
55,623;-0,25;0,74;2,73
55,624;-0,23;0,71;2,62
55,625;-0,22;0,68;2,52
55,626;-0,22;0,66;2,41
55,627;-0,22;0,64;2,30
55,628;-0,21;0,64;2,18
55,630;-0,21;0,61;2,06
55,631;-0,20;0,56;1,81
55,632;-0,20;0,55;1,69
55,634;-0,19;0,53;1,54
55,637;-0,19;0,50;1,41
55,710;-0,20;0,49;1,28
55,711;-0,21;0,46;1,14
55,713;-0,22;0,43;1,03
55,714;-0,24;0,39;0,89
55,715;-0,26;0,27;0,64
55,716;-0,26;0,19;0,51
55,717;-0,27;0,14;0,38
55,718;-0,28;0,08;0,25
55,719;-0,27;0,01;0,12
55,720;-0,28;-0,07;-0,03
55,721;-0,29;-0,13;-0,18
55,722;-0,31;-0,21;-0,32
55,723;-0,32;-0,34;-0,64
55,724;-0,34;-0,40;-0,80
55,725;-0,37;-0,48;-0,96
55,730;-0,38;-0,55;-1,14
55,731;-0,37;-0,62;-1,33
55,732;-0,38;-0,69;-1,51
55,777;-0,36;-0,76;-1,69
55,779;-0,35;-0,85;-1,87
55,782;-0,29;-0,98;-2,20
55,783;-0,28;-1,05;-2,36
55,784;-0,25;-1,10;-2,48
55,786;-0,22;-1,13;-2,58
55,787;-0,20;-1,19;-2,66
55,788;-0,17;-1,24;-2,75
55,789;-0,14;-1,27;-2,82
55,790;-0,07;-1,36;-2,96
55,791;-0,05;-1,40;-3,01
55,792;-0,06;-1,43;-3,07
55,793;-0,07;-1,46;-3,14
55,869;-0,10;-1,47;-3,19
55,870;-0,13;-1,49;-3,26
55,872;-0,18;-1,49;-3,33
55,873;-0,20;-1,49;-3,41
55,874;-0,25;-1,48;-3,61
55,875;-0,25;-1,50;-3,72
55,876;-0,24;-1,51;-3,84
55,877;-0,22;-1,54;-3,96
55,878;-0,20;-1,57;-4,07
55,879;-0,18;-1,60;-4,19
55,883;-0,14;-1,61;-4,29
55,884;-0,12;-1,62;-4,36
55,885;-0,08;-1,62;-4,46
55,886;-0,07;-1,58;-4,50
55,887;-0,06;-1,55;-4,52
55,888;-0,05;-1,53;-4,52
55,889;-0,04;-1,48;-4,50
55,890;-0,04;-1,42;-4,45
55,891;-0,05;-1,38;-4,41
55,892;-0,04;-1,33;-4,35
55,897;-0,01;-1,24;-4,22
55,965;0,00;-1,20;-4,13
55,967;0,02;-1,16;-4,06
55,968;0,03;-1,13;-3,97
55,969;0,07;-1,10;-3,91
55,970;0,10;-1,07;-3,84
55,971;0,14;-1,06;-3,79
55,972;0,16;-1,05;-3,73
55,973;0,24;-1,05;-3,65
55,974;0,26;-1,08;-3,61
55,975;0,30;-1,10;-3,58
55,976;0,34;-1,11;-3,55
55,977;0,35;-1,15;-3,52
55,978;0,37;-1,17;-3,49
55,979;0,39;-1,18;-3,46
55,981;0,39;-1,20;-3,43
55,982;0,39;-1,21;-3,34
55,983;0,40;-1,19;-3,30
56,072;0,40;-1,18;-3,25
56,073;0,41;-1,16;-3,21
56,074;0,42;-1,14;-3,16
56,075;0,42;-1,11;-3,11
56,076;0,43;-1,10;-3,07
56,077;0,45;-1,08;-3,03
56,078;0,46;-1,03;-2,94
56,079;0,45;-1,01;-2,91
56,081;0,44;-0,98;-2,89
56,082;0,42;-0,96;-2,86
56,083;0,37;-0,93;-2,83
56,084;0,32;-0,90;-2,79
56,085;0,26;-0,89;-2,76
56,089;0,17;-0,87;-2,71
56,090;0,01;-0,82;-2,62
56,097;-0,05;-0,79;-2,58
56,098;-0,14;-0,78;-2,54
56,099;-0,18;-0,77;-2,51
56,100;-0,23;-0,76;-2,48
56,101;-0,27;-0,75;-2,46
56,102;-0,29;-0,75;-2,42
56,103;-0,31;-0,74;-2,39
56,104;-0,33;-0,70;-2,35
56,106;-0,34;-0,67;-2,33
56,108;-0,35;-0,65;-2,30
56,113;-0,35;-0,62;-2,29
56,116;-0,37;-0,58;-2,27
56,170;-0,36;-0,53;-2,23
56,172;-0,35;-0,49;-2,20
56,173;-0,32;-0,40;-2,15
56,174;-0,28;-0,35;-2,11
56,175;-0,25;-0,30;-2,05
56,176;-0,21;-0,25;-2,00
56,177;-0,17;-0,18;-1,97
56,178;-0,10;-0,12;-1,91
56,180;-0,06;-0,04;-1,87
56,181;-0,00;0,04;-1,82
56,183;0,13;0,22;-1,75
56,187;0,21;0,31;-1,71
56,188;0,29;0,40;-1,66
56,189;0,37;0,47;-1,58
56,191;0,46;0,54;-1,48
56,247;0,53;0,60;-1,34
56,249;0,60;0,63;-1,17
56,250;0,65;0,67;-0,96
56,251;0,73;0,71;-0,52
56,252;0,75;0,72;-0,29
56,253;0,78;0,71;-0,04
56,254;0,76;0,72;0,18
56,255;0,74;0,70;0,37
56,256;0,69;0,67;0,56
56,257;0,66;0,63;0,73
56,258;0,59;0,56;0,86
56,259;0,45;0,46;1,08
56,260;0,37;0,37;1,16
56,260;0,28;0,31;1,22
56,266;0,19;0,25;1,29
56,308;0,07;0,19;1,37
56,309;-0,02;0,14;1,46
56,311;-0,13;0,10;1,54
56,313;-0,22;0,06;1,62
56,314;-0,35;0,00;1,84
56,316;-0,41;-0,02;1,96
56,317;-0,49;-0,00;2,07
56,317;-0,56;0,00;2,16
56,318;-0,62;0,03;2,25
56,319;-0,68;0,06;2,33
56,320;-0,74;0,12;2,39
56,369;-0,77;0,18;2,46
56,371;-0,84;0,30;2,55
56,372;-0,86;0,38;2,59
56,374;-0,87;0,47;2,62
56,376;-0,89;0,57;2,66
56,377;-0,88;0,65;2,69
56,378;-0,87;0,74;2,72
56,379;-0,86;0,83;2,75
56,380;-0,83;0,90;2,79
56,382;-0,74;1,05;2,88
56,383;-0,69;1,12;2,91
56,384;-0,64;1,17;2,95
56,386;-0,59;1,22;3,01
56,434;-0,51;1,25;3,05
56,437;-0,47;1,29;3,09
56,438;-0,41;1,32;3,14
56,439;-0,36;1,32;3,17
56,442;-0,26;1,32;3,24
56,443;-0,23;1,31;3,28
56,444;-0,18;1,31;3,32
56,446;-0,12;1,29;3,37
56,447;-0,08;1,27;3,40
56,447;-0,03;1,25;3,45
56,448;0,02;1,26;3,48
56,449;0,08;1,24;3,51
56,451;0,17;1,25;3,59
56,498;0,20;1,26;3,61
56,500;0,24;1,26;3,66
56,502;0,27;1,27;3,68
56,504;0,29;1,28;3,72
56,504;0,30;1,29;3,76
56,506;0,32;1,29;3,80
56,507;0,33;1,29;3,83
56,508;0,35;1,27;3,87
56,508;0,35;1,27;3,89
56,509;0,33;1,26;3,90
56,510;0,32;1,26;3,91
56,511;0,31;1,25;3,91
56,583;0,29;1,25;3,92
56,587;0,26;1,24;3,92
56,588;0,22;1,19;3,93
56,589;0,20;1,19;3,94
56,590;0,18;1,15;3,94
56,591;0,16;1,15;3,95
56,592;0,12;1,12;3,94
56,593;0,10;1,11;3,93
56,594;0,06;1,09;3,94
56,600;0,03;1,08;3,91
56,601;-0,06;1,06;3,89
56,602;-0,08;1,07;3,87
56,603;-0,14;1,07;3,83
56,604;-0,17;1,07;3,81
56,609;-0,20;1,08;3,78
56,610;-0,23;1,06;3,74
56,611;-0,25;1,07;3,70
56,612;-0,28;1,07;3,66
56,613;-0,32;1,06;3,54
56,614;-0,33;1,06;3,49
56,616;-0,34;1,07;3,41
56,683;-0,36;1,06;3,35
56,685;-0,36;1,05;3,28
56,687;-0,35;1,04;3,19
56,688;-0,35;1,03;3,10
56,689;-0,35;1,02;3,01
56,690;-0,38;0,98;2,80
56,692;-0,39;0,97;2,69
56,693;-0,40;0,96;2,58
56,694;-0,44;0,95;2,47
56,695;-0,47;0,92;2,34
56,696;-0,48;0,90;2,20
56,697;-0,51;0,90;2,07
56,698;-0,54;0,90;1,94
56,699;-0,58;0,91;1,65
56,700;-0,60;0,94;1,50
56,705;-0,61;0,95;1,36
56,706;-0,62;0,96;1,21
56,707;-0,61;0,97;1,09
56,755;-0,60;1,00;0,94
56,756;-0,61;1,02;0,80
56,757;-0,59;1,02;0,66
56,758;-0,55;1,02;0,42
56,759;-0,52;0,99;0,29
56,760;-0,48;0,95;0,16
56,761;-0,45;0,91;0,02
56,762;-0,40;0,84;-0,12
56,763;-0,36;0,77;-0,25
56,765;-0,33;0,69;-0,39
56,766;-0,31;0,61;-0,54
56,767;-0,25;0,42;-0,81
56,878;-0,22;0,32;-0,97
56,880;-0,19;0,21;-1,13
56,883;-0,16;0,12;-1,29
56,887;-0,13;0,01;-1,47
56,888;-0,07;-0,10;-1,65
56,889;-0,03;-0,20;-1,82
56,890;0,03;-0,30;-2,00
56,892;0,18;-0,52;-2,32
56,893;0,24;-0,63;-2,46
56,894;0,30;-0,72;-2,57
56,895;0,36;-0,78;-2,66
56,896;0,41;-0,86;-2,72
56,897;0,45;-0,92;-2,78
56,898;0,49;-0,97;-2,80
56,900;0,53;-1,01;-2,82
56,901;0,56;-1,09;-2,78
56,902;0,58;-1,12;-2,74
56,903;0,58;-1,12;-2,70
56,904;0,57;-1,11;-2,67
56,909;0,56;-1,10;-2,63
56,910;0,54;-1,08;-2,61
56,911;0,52;-1,07;-2,62
56,912;0,50;-1,05;-2,61
56,913;0,47;-1,04;-2,64
56,914;0,48;-1,05;-2,68
56,915;0,48;-1,06;-2,75
56,916;0,52;-1,10;-2,83
56,918;0,55;-1,14;-2,94
56,919;0,57;-1,18;-3,05
56,920;0,59;-1,22;-3,17
56,921;0,59;-1,25;-3,27
56,978;0,53;-1,30;-3,48
56,979;0,47;-1,30;-3,58
56,980;0,38;-1,31;-3,64
56,982;0,27;-1,30;-3,73
56,983;0,18;-1,29;-3,82
56,984;0,06;-1,31;-3,91
56,985;-0,07;-1,30;-3,96
56,987;-0,36;-1,28;-4,09
56,988;-0,52;-1,28;-4,14
56,989;-0,65;-1,29;-4,18
56,990;-0,78;-1,29;-4,22
56,991;-0,88;-1,32;-4,25
56,992;-0,97;-1,33;-4,27
56,993;-1,02;-1,36;-4,29
57,052;-1,08;-1,38;-4,31
57,053;-1,12;-1,44;-4,31
57,054;-1,12;-1,50;-4,30
57,057;-1,11;-1,53;-4,28
57,058;-1,08;-1,57;-4,28
57,059;-1,05;-1,61;-4,26
57,060;-1,02;-1,64;-4,23
57,061;-0,97;-1,67;-4,22
57,062;-0,93;-1,71;-4,19
57,063;-0,85;-1,76;-4,13
57,064;-0,79;-1,77;-4,10
57,066;-0,74;-1,77;-4,05
57,067;-0,68;-1,75;-4,02
57,073;-0,64;-1,76;-3,98
57,074;-0,58;-1,72;-3,92
57,075;-0,53;-1,69;-3,87
57,077;-0,48;-1,64;-3,82
57,127;-0,39;-1,52;-3,69
57,128;-0,31;-1,46;-3,63
57,130;-0,25;-1,42;-3,54
57,133;-0,16;-1,34;-3,45
57,134;-0,08;-1,27;-3,36
57,134;-0,01;-1,19;-3,26
57,135;0,06;-1,09;-3,16
57,136;0,15;-0,98;-3,06
57,137;0,28;-0,76;-2,86
57,138;0,34;-0,64;-2,78
57,139;0,38;-0,53;-2,68
57,140;0,41;-0,42;-2,59
57,141;0,43;-0,31;-2,49
57,191;0,45;-0,22;-2,39
57,192;0,43;-0,13;-2,32
57,193;0,42;-0,05;-2,24
57,193;0,39;0,07;-2,10
57,194;0,37;0,11;-2,03
57,197;0,35;0,15;-1,97
57,197;0,31;0,18;-1,93
57,198;0,29;0,19;-1,89
57,199;0,26;0,19;-1,87
57,199;0,24;0,19;-1,85
57,200;0,21;0,18;-1,84
57,202;0,21;0,14;-1,85
57,258;0,23;0,11;-1,87
57,259;0,28;0,07;-1,89
57,263;0,32;0,04;-1,91
57,264;0,36;0,02;-1,91
57,265;0,45;-0,01;-1,91
57,266;0,52;0,01;-1,88
57,267;0,63;0,02;-1,87
57,270;0,84;0,13;-1,75
57,271;0,96;0,18;-1,67
57,272;1,10;0,27;-1,56
57,273;1,24;0,32;-1,44
57,274;1,38;0,40;-1,26
57,275;1,51;0,45;-1,09
57,276;1,60;0,53;-0,87
57,277;1,69;0,58;-0,63
57,334;1,73;0,70;-0,14
57,335;1,71;0,80;0,13
57,338;1,59;0,89;0,36
57,342;1,48;0,98;0,57
57,343;1,35;1,06;0,74
57,344;1,21;1,11;0,89
57,345;1,08;1,14;0,99
57,346;0,98;1,13;1,08
57,347;0,77;1,05;1,20
57,348;0,69;0,98;1,23
57,349;0,62;0,87;1,23
57,351;0,56;0,74;1,25
57,352;0,53;0,58;1,27
57,353;0,47;0,45;1,32
57,354;0,41;0,31;1,38
57,404;0,25;0,14;1,62
57,405;0,16;0,08;1,75
57,406;0,03;0,07;1,90
57,407;-0,10;0,07;2,05
57,408;-0,23;0,09;2,21
57,409;-0,35;0,12;2,35
57,410;-0,51;0,18;2,48
57,411;-0,66;0,23;2,60
57,412;-0,96;0,37;2,80
57,413;-1,10;0,45;2,88
57,414;-1,22;0,53;2,92
57,415;-1,32;0,58;2,93
57,417;-1,40;0,65;2,91
57,497;-1,43;0,67;2,91
57,499;-1,44;0,69;2,89
57,500;-1,43;0,72;2,85
57,503;-1,36;0,72;2,78
57,504;-1,30;0,73;2,78
57,505;-1,22;0,73;2,77
57,507;-1,13;0,74;2,77
57,508;-1,04;0,75;2,78
57,509;-0,93;0,77;2,81
57,510;-0,83;0,78;2,84
57,511;-0,71;0,80;2,91
57,512;-0,47;0,86;3,06
57,513;-0,35;0,89;3,13
57,514;-0,23;0,93;3,21
57,515;-0,11;0,95;3,30
57,517;0,01;1,00;3,38
57,518;0,12;1,03;3,48
57,519;0,21;1,07;3,55
57,520;0,31;1,12;3,63
57,521;0,49;1,21;3,76
57,522;0,56;1,26;3,82
57,596;0,66;1,30;3,87
57,598;0,72;1,33;3,91
57,599;0,79;1,38;3,95
57,600;0,86;1,42;3,99
57,601;0,94;1,44;4,02
57,602;1,01;1,47;4,05
57,603;1,17;1,55;4,11
57,609;1,24;1,58;4,13
57,610;1,28;1,61;4,15
57,611;1,33;1,66;4,18
57,614;1,38;1,69;4,18
57,615;1,39;1,72;4,19
57,616;1,42;1,73;4,20
57,617;1,41;1,75;4,20
57,618;1,38;1,75;4,21
57,620;1,34;1,76;4,21
57,621;1,32;1,76;4,19
57,623;1,28;1,78;4,20
57,624;1,24;1,77;4,20
57,625;1,20;1,76;4,19
57,683;1,14;1,76;4,18
57,684;1,07;1,75;4,18
57,685;0,93;1,74;4,17
57,686;0,87;1,73;4,14
57,687;0,78;1,71;4,14
57,687;0,70;1,70;4,13
57,688;0,64;1,68;4,10
57,689;0,55;1,66;4,07
57,690;0,47;1,65;4,03
57,691;0,41;1,63;3,98
57,692;0,24;1,58;3,87
57,693;0,17;1,53;3,80
57,733;0,09;1,50;3,72
57,735;-0,00;1,46;3,63
57,736;-0,07;1,41;3,52
57,737;-0,14;1,36;3,43
57,741;-0,19;1,30;3,33
57,742;-0,26;1,24;3,22
57,743;-0,37;1,14;2,99
57,744;-0,41;1,09;2,87
57,745;-0,45;1,04;2,75
57,746;-0,51;1,00;2,62
57,747;-0,54;0,92;2,50
57,748;-0,59;0,88;2,35
57,749;-0,61;0,84;2,23
57,800;-0,67;0,73;1,94
57,802;-0,72;0,68;1,79
57,804;-0,76;0,64;1,65
57,805;-0,77;0,61;1,50
57,807;-0,80;0,57;1,36
57,808;-0,82;0,54;1,22
57,809;-0,84;0,51;1,08
57,810;-0,85;0,48;0,92
57,811;-0,85;0,39;0,65
57,812;-0,85;0,34;0,53
57,813;-0,81;0,28;0,42
57,814;-0,79;0,23;0,32
57,815;-0,76;0,17;0,21
57,817;-0,72;0,12;0,10
57,874;-0,67;0,03;-0,01
57,875;-0,62;-0,04;-0,13
57,876;-0,45;-0,23;-0,40
57,877;-0,34;-0,38;-0,55
57,878;-0,22;-0,53;-0,71
57,879;-0,10;-0,71;-0,87
57,881;0,04;-0,89;-1,06
57,882;0,19;-1,05;-1,23
57,883;0,34;-1,23;-1,45
57,884;0,47;-1,38;-1,66
57,885;0,75;-1,71;-2,12
57,887;0,90;-1,86;-2,32
57,888;1,00;-1,96;-2,52
57,889;1,10;-2,06;-2,71
57,994;1,19;-2,12;-2,87
57,996;1,26;-2,15;-3,00
57,997;1,31;-2,16;-3,11
57,999;1,36;-2,13;-3,16
58,000;1,41;-2,02;-3,16
58,001;1,44;-1,94;-3,11
58,011;1,47;-1,82;-3,03
58,012;1,48;-1,72;-2,94
58,013;1,47;-1,58;-2,83
58,014;1,46;-1,45;-2,70
58,016;1,45;-1,31;-2,60
58,017;1,43;-1,20;-2,52
58,018;1,30;-1,04;-2,44
58,019;1,24;-1,01;-2,44
58,020;1,15;-0,99;-2,48
58,022;1,03;-0,98;-2,54
58,023;0,93;-1,00;-2,64
58,024;0,83;-1,03;-2,78
58,026;0,73;-1,07;-2,92
58,027;0,63;-1,14;-3,09
58,028;0,50;-1,32;-3,44
58,029;0,45;-1,42;-3,60
58,030;0,40;-1,51;-3,74
58,031;0,37;-1,60;-3,88
58,032;0,32;-1,67;-4,00
58,033;0,30;-1,74;-4,09
58,034;0,27;-1,79;-4,17
58,035;0,23;-1,85;-4,23
58,037;0,16;-1,89;-4,34
58,038;0,13;-1,91;-4,37
58,098;0,09;-1,91;-4,39
58,099;0,06;-1,91;-4,42
58,100;0,02;-1,90;-4,42
58,102;-0,01;-1,88;-4,43
58,109;-0,05;-1,85;-4,44
58,110;-0,09;-1,80;-4,44
58,111;-0,12;-1,75;-4,39
58,112;-0,13;-1,70;-4,37
58,113;-0,11;-1,67;-4,34
58,114;-0,08;-1,63;-4,30
58,115;-0,02;-1,62;-4,26
58,116;0,02;-1,58;-4,22
58,117;0,08;-1,55;-4,15
58,118;0,15;-1,54;-4,08
58,119;0,30;-1,52;-3,94
58,122;0,38;-1,53;-3,85
58,123;0,47;-1,54;-3,77
58,210;0,54;-1,55;-3,69
58,212;0,60;-1,55;-3,61
58,213;0,66;-1,55;-3,52
58,214;0,69;-1,56;-3,44
58,215;0,69;-1,50;-3,33
58,216;0,68;-1,48;-3,26
58,217;0,63;-1,44;-3,22
58,218;0,61;-1,39;-3,17
58,219;0,54;-1,35;-3,11
58,220;0,47;-1,30;-3,07
58,221;0,41;-1,25;-3,02
58,222;0,32;-1,19;-2,99
58,224;0,16;-1,07;-2,90
58,231;0,08;-1,04;-2,84
58,232;-0,00;-1,02;-2,79
58,233;-0,07;-0,98;-2,74
58,234;-0,14;-0,95;-2,68
58,235;-0,23;-0,93;-2,62
58,236;-0,30;-0,90;-2,56
58,237;-0,39;-0,92;-2,51
58,238;-0,51;-1,01;-2,38
58,239;-0,57;-1,08;-2,32
58,240;-0,60;-1,18;-2,27
58,242;-0,65;-1,30;-2,23
58,288;-0,69;-1,43;-2,19
58,289;-0,74;-1,53;-2,16
58,290;-0,82;-1,64;-2,12
58,292;-0,90;-1,74;-2,09
58,293;-1,12;-1,94;-2,06
58,294;-1,23;-2,00;-2,04
58,295;-1,33;-2,06;-2,03
58,295;-1,42;-2,08;-2,03
58,297;-1,50;-2,09;-2,01
58,304;-1,54;-2,08;-2,01
58,305;-1,59;-2,02;-2,00
58,306;-1,59;-1,95;-2,00
58,308;-1,54;-1,74;-1,94
58,354;-1,49;-1,58;-1,88
58,355;-1,39;-1,43;-1,82
58,356;-1,28;-1,23;-1,72
58,357;-1,16;-1,05;-1,61
58,358;-1,00;-0,87;-1,51
58,359;-0,84;-0,67;-1,38
58,360;-0,66;-0,49;-1,24
58,361;-0,29;-0,19;-0,87
58,362;-0,11;-0,08;-0,66
58,363;0,02;0,02;-0,42
58,364;0,10;0,12;-0,19
58,410;0,11;0,22;0,06
58,412;0,08;0,33;0,28
58,413;0,04;0,42;0,47
58,415;-0,02;0,49;0,65
58,416;-0,11;0,57;0,86
58,417;-0,13;0,54;0,92
58,418;-0,13;0,50;0,95
58,419;-0,12;0,45;0,99
58,420;-0,08;0,39;1,00
58,421;-0,04;0,33;1,01
58,422;0,01;0,24;1,03
58,423;0,07;0,18;1,08
58,464;0,18;0,07;1,22
58,466;0,21;0,04;1,35
58,467;0,26;0,03;1,49
58,468;0,28;0,06;1,64
58,469;0,29;0,09;1,81
58,470;0,28;0,15;1,97
58,471;0,27;0,21;2,14
58,472;0,24;0,29;2,30
58,472;0,14;0,50;2,60
58,473;0,08;0,63;2,74
58,524;-0,00;0,75;2,88
58,525;-0,07;0,89;2,98
58,525;-0,14;1,02;3,10
58,527;-0,21;1,17;3,19
58,527;-0,28;1,29;3,27
58,528;-0,32;1,41;3,32
58,529;-0,37;1,62;3,38
58,530;-0,36;1,70;3,39
58,530;-0,37;1,78;3,39
58,531;-0,33;1,83;3,37
58,532;-0,29;1,87;3,37
58,533;-0,24;1,90;3,37
58,538;-0,16;1,92;3,35
58,588;0,01;1,94;3,37
58,591;0,10;1,95;3,40
58,592;0,19;1,95;3,42
58,593;0,26;1,99;3,45
58,598;0,33;2,00;3,49
58,599;0,37;2,00;3,53
58,599;0,39;2,01;3,59
58,600;0,42;2,00;3,67
58,601;0,43;1,98;3,83
58,603;0,46;1,95;3,92
58,603;0,50;1,92;3,99
58,604;0,52;1,90;4,07
58,605;0,56;1,87;4,15
58,645;0,59;1,85;4,22
58,646;0,61;1,82;4,28
58,647;0,61;1,83;4,34
58,649;0,59;1,84;4,44
58,649;0,56;1,86;4,48
58,650;0,54;1,87;4,53
58,653;0,52;1,88;4,54
58,654;0,48;1,91;4,60
58,655;0,43;1,93;4,60
58,656;0,38;1,97;4,64
58,702;0,33;2,00;4,66
58,703;0,19;2,10;4,69
58,704;0,12;2,14;4,70
58,705;0,05;2,18;4,71
58,705;-0,01;2,21;4,72
58,707;-0,06;2,25;4,71
58,708;-0,13;2,28;4,69
58,709;-0,18;2,29;4,68
58,710;-0,23;2,30;4,65
58,710;-0,32;2,31;4,59
58,711;-0,37;2,30;4,56
58,713;-0,41;2,30;4,51
58,772;-0,46;2,28;4,45
58,773;-0,49;2,25;4,40
58,774;-0,52;2,23;4,32
58,775;-0,54;2,19;4,26
58,776;-0,57;2,15;4,18
58,776;-0,61;2,02;4,02
58,777;-0,62;1,96;3,93
58,778;-0,63;1,88;3,83
58,778;-0,64;1,80;3,74
58,779;-0,65;1,72;3,63
58,780;-0,66;1,62;3,53
58,780;-0,67;1,55;3,43
58,781;-0,69;1,48;3,31
58,839;-0,72;1,34;3,07
58,840;-0,74;1,27;2,94
58,841;-0,75;1,21;2,81
58,842;-0,78;1,15;2,67
58,843;-0,79;1,11;2,55
58,844;-0,81;1,06;2,40
58,846;-0,83;1,00;2,28
58,846;-0,84;0,96;2,15
58,847;-0,87;0,87;1,90
58,848;-0,89;0,83;1,77
58,849;-0,90;0,79;1,65
58,850;-0,89;0,73;1,52
58,851;-0,89;0,68;1,41
58,852;-0,87;0,63;1,30
58,853;-0,84;0,57;1,19
58,919;-0,80;0,50;1,07
58,924;-0,71;0,36;0,86
58,931;-0,65;0,29;0,75
58,932;-0,60;0,21;0,66
58,933;-0,55;0,11;0,57
58,934;-0,47;0,04;0,48
58,935;-0,39;-0,04;0,39
58,937;-0,33;-0,15;0,31
58,938;-0,28;-0,24;0,22
58,940;-0,20;-0,40;0,04
58,942;-0,18;-0,48;-0,08
58,943;-0,16;-0,57;-0,20
58,944;-0,12;-0,65;-0,34
58,945;-0,11;-0,74;-0,49
58,946;-0,09;-0,81;-0,65
58,947;-0,07;-0,89;-0,83
58,948;0,00;-1,01;-1,23
58,949;0,03;-1,08;-1,46
58,950;0,08;-1,16;-1,67
58,991;0,13;-1,24;-1,86
58,993;0,20;-1,32;-2,06
58,994;0,26;-1,40;-2,22
58,996;0,33;-1,47;-2,37
58,997;0,42;-1,55;-2,46
58,998;0,56;-1,63;-2,57
58,999;0,64;-1,67;-2,59
59,000;0,69;-1,68;-2,59
59,002;0,75;-1,69;-2,58
59,003;0,81;-1,68;-2,57
59,004;0,84;-1,68;-2,53
59,086;0,85;-1,63;-2,51
59,088;0,84;-1,59;-2,50
59,089;0,77;-1,48;-2,52
59,090;0,74;-1,43;-2,56
59,091;0,69;-1,36;-2,61
59,092;0,64;-1,30;-2,69
59,095;0,60;-1,26;-2,78
59,097;0,58;-1,22;-2,92
59,098;0,56;-1,19;-3,06
59,100;0,56;-1,18;-3,22
59,101;0,62;-1,17;-3,59
59,106;0,67;-1,19;-3,75
59,107;0,71;-1,23;-3,90
59,108;0,74;-1,26;-4,01
59,109;0,77;-1,26;-4,10
59,110;0,80;-1,28;-4,18
59,111;0,81;-1,27;-4,22
59,112;0,81;-1,27;-4,27
59,114;0,81;-1,28;-4,31
59,115;0,79;-1,26;-4,31
59,116;0,76;-1,25;-4,31
59,117;0,71;-1,24;-4,28
59,118;0,65;-1,22;-4,26
59,169;0,58;-1,20;-4,22
59,170;0,49;-1,17;-4,17
59,171;0,40;-1,18;-4,13
59,172;0,22;-1,16;-4,04
59,173;0,13;-1,16;-3,99
59,174;0,04;-1,18;-3,95
59,175;-0,02;-1,21;-3,93
59,176;-0,07;-1,24;-3,91
59,177;-0,13;-1,29;-3,89
59,179;-0,17;-1,35;-3,86
59,183;-0,20;-1,42;-3,86
59,185;-0,23;-1,54;-3,82
59,186;-0,26;-1,61;-3,80
59,236;-0,27;-1,70;-3,78
59,237;-0,28;-1,78;-3,76
59,239;-0,30;-1,84;-3,74
59,240;-0,34;-1,90;-3,72
59,241;-0,38;-1,95;-3,69
59,242;-0,41;-1,99;-3,66
59,243;-0,48;-2,02;-3,60
59,244;-0,52;-2,01;-3,57
59,245;-0,57;-2,00;-3,53
59,246;-0,63;-1,96;-3,50
59,247;-0,67;-1,92;-3,45
59,248;-0,72;-1,87;-3,41
59,249;-0,75;-1,82;-3,37
59,302;-0,80;-1,76;-3,33
59,304;-0,88;-1,61;-3,23
59,305;-0,88;-1,54;-3,18
59,306;-0,86;-1,45;-3,14
59,307;-0,84;-1,39;-3,10
59,308;-0,79;-1,32;-3,07
59,312;-0,74;-1,25;-3,03
59,313;-0,65;-1,14;-3,02
59,314;-0,54;-1,06;-2,99
59,315;-0,30;-0,86;-2,95
59,316;-0,15;-0,76;-2,91
59,317;-0,03;-0,63;-2,84
59,318;0,10;-0,50;-2,77
59,319;0,21;-0,36;-2,68
59,376;0,31;-0,22;-2,57
59,378;0,42;-0,08;-2,47
59,379;0,57;0,16;-2,23
59,381;0,66;0,27;-2,10
59,384;0,72;0,34;-1,99
59,385;0,80;0,41;-1,86
59,386;0,84;0,46;-1,77
59,387;0,89;0,47;-1,67
59,388;0,93;0,48;-1,57
59,389;0,98;0,46;-1,48
59,391;1,02;0,43;-1,33
59,392;1,03;0,39;-1,26
59,393;1,05;0,34;-1,22
59,394;1,06;0,30;-1,17
59,395;1,09;0,23;-1,12
59,455;1,10;0,20;-1,08
59,457;1,10;0,15;-1,04
59,458;1,10;0,09;-1,01
59,463;1,08;0,02;-0,89
59,472;1,05;0,03;-0,81
59,473;0,99;0,04;-0,72
59,474;0,91;0,08;-0,62
59,474;0,82;0,12;-0,51
59,476;0,74;0,17;-0,40
59,477;0,66;0,22;-0,29
59,478;0,57;0,28;-0,20
59,479;0,43;0,42;-0,03
59,480;0,37;0,48;0,04
59,481;0,33;0,55;0,12
59,486;0,29;0,59;0,19
59,487;0,29;0,61;0,26
59,488;0,28;0,64;0,36
59,489;0,28;0,63;0,46
59,490;0,31;0,63;0,59
59,531;0,32;0,61;0,90
59,533;0,30;0,62;1,09
59,534;0,28;0,61;1,28
59,535;0,26;0,60;1,50
59,536;0,23;0,58;1,69
59,537;0,19;0,58;1,89
59,538;0,16;0,56;2,08
59,539;0,10;0,57;2,25
59,540;0,01;0,58;2,50
59,541;-0,05;0,58;2,62
59,598;-0,12;0,61;2,71
59,599;-0,17;0,64;2,78
59,600;-0,24;0,67;2,85
59,601;-0,30;0,70;2,89
59,622;-0,37;0,75;2,93
59,623;-0,40;0,81;2,96
59,624;-0,52;0,96;2,95
59,625;-0,56;1,04;2,95
59,626;-0,61;1,13;2,95
59,627;-0,65;1,20;2,93
59,628;-0,67;1,28;2,92
59,629;-0,70;1,35;2,92
59,630;-0,70;1,43;2,93
59,634;-0,73;1,50;2,94
59,635;-0,76;1,64;3,00
59,636;-0,74;1,69;3,03
59,637;-0,72;1,74;3,07
59,638;-0,70;1,79;3,12
59,639;-0,69;1,81;3,17
59,641;-0,65;1,82;3,19
59,694;-0,63;1,83;3,24
59,695;-0,61;1,84;3,28
59,696;-0,57;1,83;3,36
59,697;-0,56;1,81;3,40
59,698;-0,54;1,79;3,47
59,699;-0,54;1,76;3,52
59,700;-0,51;1,73;3,59
59,705;-0,47;1,69;3,65
59,706;-0,42;1,63;3,71
59,707;-0,37;1,58;3,76
59,709;-0,25;1,45;3,86
59,710;-0,20;1,40;3,90
59,711;-0,15;1,36;3,94
59,712;-0,10;1,32;4,00
59,713;-0,05;1,30;4,02
59,764;-0,00;1,27;4,07
59,766;0,04;1,27;4,09
59,767;0,11;1,29;4,15
59,768;0,14;1,31;4,17
59,769;0,16;1,33;4,18
59,770;0,16;1,36;4,19
59,771;0,16;1,39;4,18
59,772;0,15;1,41;4,14
59,773;0,12;1,41;4,13
59,774;0,10;1,45;4,10
59,775;0,06;1,49;4,08
59,775;0,03;1,51;4,07
59,817;0,04;1,53;4,06
59,818;0,04;1,55;4,09
59,819;0,04;1,56;4,09
59,820;0,05;1,56;4,09
59,821;0,07;1,58;4,09
59,823;0,08;1,59;4,08
59,824;0,07;1,61;4,07
59,825;0,10;1,61;4,02
59,826;0,08;1,61;3,98
59,827;0,08;1,60;3,93
59,903;0,08;1,61;3,86
59,904;0,07;1,60;3,79
59,905;0,04;1,59;3,71
59,906;0,02;1,59;3,65
59,906;0,00;1,56;3,49
59,907;-0,01;1,53;3,42
59,909;-0,03;1,53;3,33
59,910;-0,04;1,51;3,26
59,911;-0,05;1,49;3,16
59,912;-0,06;1,45;3,05
59,912;-0,09;1,43;2,94
59,914;-0,10;1,39;2,83
59,914;-0,16;1,33;2,56
59,915;-0,19;1,30;2,42
59,916;-0,23;1,27;2,28
59,916;-0,26;1,23;2,15
59,917;-0,30;1,19;2,00
59,918;-0,34;1,14;1,85
59,919;-0,37;1,07;1,70
59,972;-0,41;1,02;1,54
59,975;-0,48;0,90;1,26
59,976;-0,53;0,84;1,11
59,976;-0,55;0,77;0,98
59,977;-0,58;0,70;0,84
59,979;-0,60;0,62;0,71
59,979;-0,62;0,54;0,58
59,980;-0,64;0,46;0,46
59,981;-0,65;0,38;0,34
59,982;-0,66;0,23;0,13
59,982;-0,70;0,16;0,02
59,983;-0,73;0,08;-0,08
59,984;-0,76;0,02;-0,18
60,034;-0,79;-0,05;-0,30
60,036;-0,83;-0,12;-0,43
60,037;-0,87;-0,19;-0,58
60,038;-0,90;-0,26;-0,73
60,039;-0,98;-0,41;-1,05
60,040;-1,01;-0,50;-1,21
60,041;-1,02;-0,56;-1,38
60,043;-1,00;-0,63;-1,56
60,044;-0,99;-0,71;-1,75
60,045;-0,95;-0,80;-1,96
60,048;-0,89;-0,90;-2,15
60,049;-0,82;-1,00;-2,35
60,050;-0,69;-1,17;-2,70
60,105;-0,62;-1,24;-2,84
60,107;-0,54;-1,32;-2,96
60,115;-0,48;-1,36;-3,06
60,116;-0,40;-1,40;-3,15
60,117;-0,34;-1,42;-3,21
60,118;-0,28;-1,46;-3,24
60,118;-0,20;-1,47;-3,28
60,119;-0,08;-1,49;-3,30
60,121;-0,02;-1,47;-3,30
60,122;0,02;-1,46;-3,29
60,123;0,06;-1,43;-3,28
60,124;0,11;-1,39;-3,28
60,125;0,12;-1,34;-3,29
60,126;0,13;-1,30;-3,30
60,127;0,16;-1,24;-3,37
60,172;0,18;-1,20;-3,42
60,174;0,21;-1,16;-3,50
60,175;0,23;-1,16;-3,57
60,175;0,28;-1,14;-3,67
60,176;0,33;-1,16;-3,78
60,177;0,39;-1,16;-3,92
60,178;0,45;-1,18;-4,06
60,179;0,62;-1,24;-4,32
60,181;0,68;-1,25;-4,44
60,182;0,75;-1,25;-4,54
60,183;0,79;-1,22;-4,63
60,184;0,85;-1,16;-4,66
60,231;0,92;-1,05;-4,68
60,232;0,99;-0,95;-4,67
60,233;1,10;-0,82;-4,65
60,234;1,35;-0,50;-4,51
60,235;1,50;-0,33;-4,41
60,236;1,66;-0,17;-4,30
60,236;1,81;-0,02;-4,16
60,241;1,98;0,13;-4,04
60,241;2,12;0,26;-3,88
60,242;2,25;0,35;-3,74
60,243;2,36;0,45;-3,60
60,244;2,50;0,54;-3,33
60,290;2,52;0,54;-3,21
60,291;2,55;0,51;-3,09
60,292;2,53;0,46;-3,01
60,293;2,55;0,38;-2,93
60,294;2,50;0,27;-2,87
60,295;2,47;0,14;-2,83
60,296;2,40;-0,01;-2,80
60,296;2,19;-0,36;-2,78
60,297;2,06;-0,56;-2,78
60,298;1,90;-0,75;-2,80
60,299;1,73;-0,94;-2,80
60,305;1,55;-1,15;-2,80
60,345;1,36;-1,33;-2,81
60,350;1,16;-1,52;-2,83
60,352;0,94;-1,68;-2,83
60,353;0,53;-1,97;-2,80
60,353;0,31;-2,09;-2,79
60,354;0,10;-2,19;-2,76
60,355;-0,07;-2,26;-2,75
60,356;-0,25;-2,35;-2,73
60,356;-0,41;-2,41;-2,70
60,357;-0,55;-2,49;-2,68
60,395;-0,67;-2,53;-2,65
60,396;-0,89;-2,60;-2,61
60,398;-0,97;-2,63;-2,60
60,398;-1,07;-2,61;-2,57
60,399;-1,12;-2,59;-2,56
60,400;-1,18;-2,56;-2,55
60,400;-1,21;-2,53;-2,54
60,401;-1,24;-2,48;-2,55
60,402;-1,26;-2,44;-2,52
60,452;-1,30;-2,36;-2,53
60,453;-1,34;-2,35;-2,55
60,454;-1,36;-2,32;-2,57
60,454;-1,38;-2,30;-2,59
60,455;-1,41;-2,27;-2,62
60,456;-1,44;-2,25;-2,63
60,457;-1,46;-2,23;-2,65
60,457;-1,46;-2,18;-2,65
60,458;-1,34;-2,05;-2,61
60,459;-1,23;-1,95;-2,59
60,460;-1,09;-1,84;-2,53
60,460;-0,93;-1,72;-2,45
60,502;-0,76;-1,57;-2,34
60,503;-0,58;-1,42;-2,20
60,504;-0,42;-1,24;-2,02
60,505;-0,25;-1,05;-1,83
60,506;0,02;-0,66;-1,37
60,506;0,14;-0,48;-1,14
60,507;0,25;-0,31;-0,89
60,508;0,35;-0,16;-0,67
60,509;0,44;-0,04;-0,45
60,510;0,52;0,06;-0,24
60,550;0,57;0,15;-0,06
60,551;0,60;0,27;0,25
60,552;0,57;0,31;0,39
60,553;0,53;0,37;0,52
60,554;0,47;0,42;0,61
60,555;0,39;0,45;0,69
60,556;0,34;0,46;0,76
60,557;0,30;0,47;0,82
60,557;0,29;0,43;0,87
60,559;0,32;0,30;1,00
60,612;0,35;0,25;1,07
60,613;0,36;0,20;1,17
60,614;0,39;0,18;1,29
60,615;0,40;0,17;1,44
60,618;0,39;0,16;1,60
60,619;0,36;0,15;1,77
60,620;0,29;0,17;1,95
60,620;0,16;0,16;2,32
60,622;0,07;0,15;2,51
60,622;-0,03;0,14;2,70
60,623;-0,15;0,15;2,87
60,624;-0,27;0,17;3,04
60,624;-0,40;0,21;3,19
60,668;-0,52;0,26;3,32
60,669;-0,64;0,30;3,43
60,669;-0,83;0,38;3,56
60,670;-0,88;0,41;3,61
60,671;-0,93;0,44;3,63
60,672;-0,96;0,47;3,65
60,672;-0,98;0,51;3,65
60,673;-0,99;0,55;3,64
60,673;-0,99;0,61;3,64
60,674;-0,99;0,69;3,63
60,679;-0,93;0,85;3,64
60,742;-0,88;0,94;3,65
60,743;-0,82;1,03;3,67
60,744;-0,74;1,12;3,70
60,745;-0,65;1,21;3,74
60,746;-0,56;1,30;3,77
60,747;-0,46;1,37;3,81
60,749;-0,33;1,46;3,85
60,750;-0,08;1,60;3,93
60,752;0,05;1,65;3,97
60,752;0,19;1,72;3,98
60,753;0,32;1,77;4,01
60,754;0,45;1,83;4,03
60,755;0,58;1,87;4,05
60,756;0,71;1,92;4,04
60,757;0,82;1,96;4,05
60,816;1,03;2,06;4,04
60,818;1,11;2,12;4,05
60,819;1,16;2,16;4,03
60,820;1,22;2,22;4,03
60,821;1,25;2,26;4,02
60,822;1,27;2,29;4,02
60,823;1,28;2,33;4,00
60,824;1,27;2,38;4,01
60,825;1,26;2,44;3,98
60,826;1,26;2,45;3,98
60,827;1,22;2,46;3,96
60,828;1,20;2,47;3,95
60,829;1,15;2,48;3,93
60,830;1,11;2,49;3,91
60,831;1,05;2,50;3,88
60,883;1,00;2,51;3,87
60,884;0,86;2,49;3,86
60,885;0,79;2,50;3,84
60,886;0,72;2,48;3,84
60,887;0,65;2,47;3,83
60,888;0,56;2,47;3,84
60,889;0,48;2,46;3,83
60,890;0,41;2,46;3,83
60,891;0,35;2,43;3,82
60,892;0,22;2,40;3,79
60,893;0,17;2,37;3,76
60,894;0,12;2,35;3,72
60,895;0,07;2,32;3,68
60,963;0,03;2,27;3,63
60,964;-0,00;2,24;3,59
60,966;-0,04;2,20;3,52
60,969;-0,12;2,07;3,38
60,970;-0,15;2,02;3,30
60,971;-0,19;1,95;3,21
60,973;-0,22;1,89;3,11
60,974;-0,25;1,81;3,02
60,975;-0,29;1,74;2,92
60,976;-0,33;1,68;2,81
60,977;-0,37;1,64;2,69
60,978;-0,47;1,53;2,46
60,979;-0,53;1,48;2,34
60,980;-0,56;1,43;2,23
60,983;-0,62;1,39;2,08
60,984;-0,68;1,33;1,97
60,985;-0,74;1,28;1,83
60,986;-0,78;1,25;1,69
61,057;-0,84;1,20;1,56
61,059;-0,92;1,12;1,28
61,061;-0,95;1,08;1,15
61,063;-0,97;1,02;1,01
61,065;-0,99;0,97;0,88
61,067;-0,98;0,92;0,77
61,068;-0,97;0,86;0,65
61,070;-0,96;0,80;0,55
61,071;-0,94;0,73;0,45
61,072;-0,88;0,54;0,27
61,073;-0,84;0,44;0,20
61,074;-0,82;0,33;0,13
61,075;-0,79;0,25;0,05
61,076;-0,77;0,17;-0,03
61,077;-0,75;0,09;-0,13
61,086;-0,75;0,00;-0,24
61,087;-0,74;-0,09;-0,35
61,088;-0,74;-0,27;-0,66
61,089;-0,74;-0,37;-0,81
61,091;-0,73;-0,45;-0,99
61,092;-0,72;-0,54;-1,16
61,146;-0,69;-0,64;-1,35
61,147;-0,62;-0,75;-1,54
61,148;-0,56;-0,85;-1,73
61,150;-0,49;-0,95;-1,90
61,151;-0,34;-1,17;-2,23
61,152;-0,25;-1,27;-2,36
61,153;-0,19;-1,34;-2,47
61,155;-0,13;-1,41;-2,54
61,156;-0,07;-1,48;-2,60
61,156;-0,01;-1,53;-2,66
61,157;0,04;-1,59;-2,69
61,158;0,11;-1,63;-2,70
61,159;0,19;-1,71;-2,72
61,160;0,19;-1,72;-2,72
61,230;0,20;-1,75;-2,73
61,232;0,19;-1,76;-2,75
61,234;0,17;-1,75;-2,79
61,236;0,15;-1,75;-2,83
61,238;0,12;-1,75;-2,87
61,240;0,10;-1,74;-2,94
61,241;0,07;-1,74;-3,12
61,242;0,08;-1,75;-3,24
61,243;0,08;-1,74;-3,37
61,244;0,10;-1,75;-3,51
61,245;0,13;-1,77;-3,66
61,246;0,17;-1,79;-3,82
61,247;0,22;-1,81;-3,99
61,248;0,24;-1,82;-4,13
61,250;0,32;-1,87;-4,40
61,251;0,35;-1,87;-4,52
61,252;0,35;-1,85;-4,59
61,253;0,37;-1,86;-4,66
61,255;0,39;-1,83;-4,71
61,306;0,41;-1,83;-4,75
61,307;0,41;-1,81;-4,78
61,308;0,44;-1,78;-4,78
61,310;0,47;-1,69;-4,79
61,311;0,49;-1,62;-4,78
61,312;0,50;-1,57;-4,74
61,313;0,51;-1,51;-4,72
61,314;0,53;-1,45;-4,65
61,316;0,53;-1,36;-4,62
61,317;0,55;-1,31;-4,58
61,318;0,55;-1,20;-4,50
61,319;0,56;-1,14;-4,45
61,320;0,55;-1,10;-4,42
61,408;0,54;-1,07;-4,38
61,409;0,54;-1,05;-4,36
61,410;0,54;-1,03;-4,32
61,411;0,52;-1,04;-4,29
61,411;0,53;-1,03;-4,26
61,412;0,51;-1,07;-4,19
61,414;0,52;-1,09;-4,16
61,415;0,53;-1,12;-4,14
61,416;0,51;-1,14;-4,08
61,418;0,51;-1,17;-4,05
61,418;0,50;-1,19;-4,00
61,420;0,50;-1,22;-3,94
61,421;0,51;-1,23;-3,89
61,425;0,51;-1,24;-3,77
61,426;0,51;-1,26;-3,69
61,427;0,51;-1,26;-3,61
61,428;0,51;-1,26;-3,53
61,429;0,51;-1,28;-3,45
61,430;0,51;-1,27;-3,36
61,431;0,50;-1,27;-3,30
61,432;0,49;-1,25;-3,20
61,433;0,49;-1,25;-3,05
61,507;0,49;-1,26;-2,96
61,512;0,49;-1,26;-2,85
61,513;0,47;-1,27;-2,75
61,514;0,46;-1,27;-2,64
61,516;0,46;-1,27;-2,53
61,517;0,44;-1,28;-2,43
61,518;0,43;-1,26;-2,32
61,519;0,40;-1,23;-2,13
61,521;0,38;-1,21;-2,05
61,522;0,34;-1,18;-1,97
61,523;0,32;-1,17;-1,91
61,524;0,26;-1,14;-1,86
61,525;0,21;-1,11;-1,82
61,527;0,15;-1,07;-1,80
61,528;0,09;-1,04;-1,79
61,529;-0,02;-0,95;-1,79
61,530;-0,07;-0,91;-1,82
61,531;-0,11;-0,84;-1,84
61,532;-0,14;-0,77;-1,85
61,534;-0,16;-0,68;-1,85
61,535;-0,17;-0,60;-1,82
61,583;-0,14;-0,51;-1,78
61,584;-0,11;-0,42;-1,74
61,586;0,04;-0,22;-1,59
61,588;0,12;-0,16;-1,49
61,589;0,21;-0,09;-1,37
61,603;0,29;-0,03;-1,22
61,604;0,35;0,04;-1,05
61,605;0,43;0,09;-0,87
61,606;0,47;0,16;-0,65
61,608;0,50;0,22;-0,46
61,609;0,52;0,31;-0,08
61,610;0,50;0,36;0,09
61,612;0,46;0,37;0,26
61,613;0,42;0,37;0,42
61,614;0,37;0,37;0,54
61,616;0,33;0,34;0,65
61,669;0,27;0,30;0,76
61,670;0,23;0,24;0,85
61,671;0,13;0,14;1,04
61,672;0,07;0,09;1,14
61,681;0,03;0,07;1,25
61,683;-0,05;0,01;1,38
61,684;-0,12;-0,00;1,50
61,685;-0,19;-0,01;1,65
61,686;-0,26;-0,02;1,79
61,687;-0,33;-0,03;1,91
61,688;-0,46;-0,03;2,18
61,689;-0,52;-0,02;2,31
61,690;-0,61;-0,00;2,40
61,691;-0,69;0,03;2,51
61,692;-0,78;0,06;2,62
61,764;-0,88;0,11;2,69
61,766;-0,97;0,16;2,76
61,767;-1,17;0,27;2,86
61,769;-1,25;0,32;2,90
61,770;-1,32;0,39;2,93
61,772;-1,37;0,46;2,95
61,773;-1,41;0,53;2,97
61,774;-1,44;0,57;2,98
61,775;-1,46;0,65;3,02
61,776;-1,46;0,71;3,02
61,777;-1,39;0,84;3,08
61,778;-1,34;0,90;3,12
61,779;-1,27;0,95;3,15
61,780;-1,18;0,99;3,19
61,781;-1,08;1,05;3,23
61,782;-0,98;1,09;3,28
61,783;-0,87;1,14;3,33
61,784;-0,75;1,18;3,38
61,786;-0,49;1,26;3,50
61,873;-0,38;1,31;3,55
61,878;-0,28;1,34;3,60
61,882;-0,17;1,37;3,65
61,883;-0,06;1,42;3,71
61,884;0,05;1,46;3,76
61,886;0,15;1,53;3,79
61,887;0,25;1,58;3,84
61,889;0,41;1,69;3,91
61,890;0,47;1,75;3,96
61,892;0,53;1,79;4,00
61,893;0,59;1,84;4,04
61,894;0,64;1,87;4,06
61,896;0,69;1,90;4,10
61,897;0,73;1,92;4,12
61,898;0,80;1,94;4,16
61,899;0,87;1,98;4,22
61,901;0,89;2,02;4,23
61,902;0,92;2,03;4,25
61,903;0,93;2,04;4,25
61,904;0,92;2,04;4,25
61,906;0,90;2,03;4,23
61,908;0,86;2,02;4,20
61,909;0,82;2,02;4,18
61,911;0,72;2,00;4,12
61,912;0,66;2,00;4,09
61,973;0,60;2,00;4,07
61,974;0,55;2,00;4,02
61,976;0,48;1,99;4,00
61,977;0,41;2,00;3,96
61,978;0,35;1,98;3,93
61,979;0,27;1,98;3,89
61,981;0,11;1,96;3,84
61,982;0,05;1,95;3,81
61,983;-0,00;1,96;3,77
61,984;-0,07;1,94;3,73
61,985;-0,12;1,92;3,69
61,986;-0,16;1,90;3,64
61,987;-0,22;1,87;3,60
61,988;-0,27;1,86;3,54
61,989;-0,38;1,83;3,42
61,991;-0,44;1,81;3,35
62,052;-0,48;1,80;3,30
62,053;-0,54;1,80;3,23
62,054;-0,57;1,79;3,18
62,056;-0,59;1,76;3,11
62,057;-0,59;1,74;3,06
62,058;-0,60;1,70;2,97
62,059;-0,56;1,62;2,80
62,060;-0,54;1,58;2,71
62,061;-0,51;1,54;2,60
62,062;-0,49;1,51;2,50
62,063;-0,48;1,46;2,39
62,064;-0,45;1,42;2,27
62,066;-0,43;1,38;2,15
62,067;-0,41;1,36;2,01
62,077;-0,38;1,27;1,76
62,078;-0,38;1,24;1,61
62,079;-0,40;1,20;1,48
62,081;-0,42;1,17;1,34
62,136;-0,42;1,15;1,20
62,137;-0,46;1,10;1,06
62,138;-0,48;1,06;0,92
62,139;-0,50;0,94;0,65
62,141;-0,50;0,87;0,52
62,142;-0,50;0,79;0,40
62,143;-0,50;0,69;0,28
62,143;-0,47;0,60;0,16
62,144;-0,45;0,51;0,06
62,145;-0,43;0,43;-0,04
62,146;-0,43;0,33;-0,14
62,147;-0,41;0,12;-0,37
62,148;-0,41;-0,01;-0,48
62,151;-0,40;-0,11;-0,61
62,206;-0,39;-0,22;-0,75
62,209;-0,40;-0,34;-0,88
62,210;-0,39;-0,45;-1,03
62,212;-0,37;-0,57;-1,19
62,213;-0,36;-0,68;-1,34
62,214;-0,31;-0,92;-1,65
62,215;-0,25;-1,03;-1,79
62,216;-0,21;-1,13;-1,91
62,217;-0,15;-1,23;-2,02
62,218;-0,10;-1,32;-2,12
62,219;-0,04;-1,40;-2,21
62,221;0,03;-1,47;-2,29
62,222;0,09;-1,54;-2,37
62,226;0,18;-1,65;-2,47
62,227;0,23;-1,70;-2,51
62,282;0,26;-1,73;-2,54
62,283;0,27;-1,75;-2,57
62,284;0,27;-1,76;-2,57
62,285;0,28;-1,77;-2,60
62,287;0,26;-1,76;-2,62
62,288;0,22;-1,74;-2,64
62,289;0,13;-1,69;-2,71
62,290;0,11;-1,70;-2,76
62,291;0,08;-1,67;-2,82
62,292;0,06;-1,66;-2,91
62,293;0,06;-1,66;-3,01
62,294;0,10;-1,66;-3,13
62,295;0,14;-1,70;-3,28
62,296;0,19;-1,73;-3,43
62,381;0,33;-1,79;-3,74
62,382;0,41;-1,84;-3,91
62,383;0,48;-1,88;-4,05
62,384;0,53;-1,92;-4,17
62,385;0,58;-1,94;-4,27
62,386;0,63;-1,97;-4,32
62,387;0,64;-1,96;-4,37
62,388;0,66;-1,96;-4,41
62,389;0,71;-1,93;-4,43
62,390;0,73;-1,92;-4,43
62,392;0,75;-1,89;-4,41
62,393;0,77;-1,85;-4,37
62,394;0,77;-1,81;-4,33
62,395;0,76;-1,77;-4,28
62,396;0,75;-1,70;-4,22
62,397;0,77;-1,66;-4,16
62,398;0,76;-1,55;-4,05
62,399;0,76;-1,52;-4,00
62,400;0,76;-1,48;-3,96
62,401;0,77;-1,47;-3,93
62,402;0,78;-1,46;-3,89
62,459;0,79;-1,45;-3,85
62,460;0,80;-1,43;-3,81
62,462;0,81;-1,44;-3,77
62,463;0,85;-1,48;-3,71
62,464;0,84;-1,51;-3,68
62,465;0,84;-1,54;-3,64
62,466;0,86;-1,57;-3,63
62,467;0,86;-1,60;-3,58
62,468;0,84;-1,64;-3,55
62,469;0,83;-1,66;-3,50
62,471;0,82;-1,69;-3,45
62,472;0,77;-1,73;-3,36
62,473;0,71;-1,72;-3,32
62,474;0,66;-1,73;-3,27
62,567;0,61;-1,71;-3,21
62,570;0,54;-1,70;-3,17
62,573;0,46;-1,68;-3,11
62,575;0,39;-1,65;-3,06
62,578;0,22;-1,59;-2,96
62,580;0,16;-1,56;-2,90
62,583;0,09;-1,53;-2,84
62,585;0,03;-1,50;-2,79
62,588;-0,03;-1,45;-2,74
62,591;-0,07;-1,42;-2,71
62,593;-0,11;-1,36;-2,65
62,594;-0,14;-1,33;-2,63
62,595;-0,19;-1,22;-2,56
62,596;-0,19;-1,19;-2,53
62,597;-0,20;-1,15;-2,49
62,598;-0,20;-1,10;-2,46
62,599;-0,20;-1,04;-2,43
62,601;-0,19;-1,01;-2,38
62,607;-0,17;-0,97;-2,36
62,608;-0,15;-0,93;-2,33
62,609;-0,10;-0,86;-2,27
62,610;-0,04;-0,83;-2,22
62,612;0,00;-0,81;-2,19
62,613;0,09;-0,78;-2,15
62,614;0,16;-0,76;-2,10
62,615;0,25;-0,74;-2,06
62,616;0,31;-0,69;-2,01
62,617;0,38;-0,65;-1,94
62,618;0,48;-0,50;-1,80
62,667;0,49;-0,40;-1,72
62,668;0,53;-0,31;-1,65
62,669;0,57;-0,22;-1,54
62,670;0,62;-0,13;-1,44
62,671;0,65;-0,05;-1,32
62,672;0,69;0,04;-1,19
62,673;0,72;0,09;-1,03
62,674;0,72;0,19;-0,66
62,675;0,68;0,26;-0,48
62,677;0,61;0,30;-0,29
62,678;0,49;0,35;-0,12
62,680;0,37;0,40;0,04
62,811;0,24;0,42;0,17
62,826;0,11;0,44;0,27
62,827;-0,01;0,43;0,37
62,828;-0,20;0,34;0,49
62,829;-0,25;0,28;0,54
62,831;-0,29;0,20;0,58
62,832;-0,30;0,10;0,63
62,833;-0,29;0,00;0,70
62,834;-0,25;-0,07;0,76
62,836;-0,20;-0,17;0,84
62,837;-0,13;-0,23;0,95
62,838;-0,07;-0,30;1,22
62,839;-0,06;-0,30;1,37
62,840;-0,07;-0,28;1,54
62,842;-0,08;-0,25;1,69
62,843;-0,13;-0,21;1,85
62,845;-0,16;-0,12;2,01
62,846;-0,20;-0,05;2,16
62,847;-0,27;0,04;2,28
62,848;-0,41;0,26;2,53
62,850;-0,50;0,37;2,63
62,851;-0,58;0,50;2,71
62,852;-0,66;0,63;2,78
62,853;-0,73;0,75;2,83
62,854;-0,80;0,89;2,86
62,855;-0,84;1,00;2,89
62,856;-0,87;1,12;2,89
62,857;-0,90;1,33;2,92
62,858;-0,90;1,42;2,92
62,859;-0,90;1,51;2,95
62,860;-0,87;1,57;2,97
62,861;-0,85;1,63;3,00
62,862;-0,82;1,68;3,03
62,863;-0,80;1,73;3,07
62,864;-0,77;1,75;3,11
62,866;-0,68;1,79;3,19
62,867;-0,64;1,80;3,23
62,868;-0,60;1,81;3,29
62,934;-0,55;1,82;3,35
62,936;-0,52;1,85;3,40
62,937;-0,48;1,85;3,46
62,938;-0,47;1,86;3,49
62,939;-0,47;1,88;3,57
62,941;-0,47;1,89;3,62
62,942;-0,47;1,88;3,70
62,943;-0,48;1,87;3,77
62,945;-0,44;1,85;3,84
62,946;-0,39;1,83;3,91
62,948;-0,33;1,80;3,98
62,949;-0,26;1,75;4,05
62,950;-0,10;1,67;4,15
62,952;-0,04;1,64;4,20
62,953;0,02;1,59;4,25
62,954;0,08;1,59;4,31
62,955;0,12;1,56;4,33
62,957;0,16;1,56;4,37
62,962;0,19;1,54;4,40
62,967;0,23;1,57;4,43
63,026;0,28;1,62;4,48
63,028;0,28;1,66;4,50
63,029;0,28;1,67;4,51
63,030;0,25;1,70;4,51
63,031;0,21;1,73;4,50
63,032;0,18;1,74;4,48
63,033;0,10;1,75;4,46
63,034;0,05;1,76;4,43
63,035;-0,08;1,78;4,37
63,036;-0,14;1,79;4,35
63,037;-0,19;1,78;4,32
63,038;-0,25;1,77;4,29
63,039;-0,29;1,75;4,26
63,040;-0,33;1,74;4,21
63,137;-0,39;1,71;4,16
63,139;-0,43;1,69;4,10
63,143;-0,52;1,64;3,98
63,144;-0,55;1,59;3,91
63,146;-0,58;1,56;3,84
63,154;-0,60;1,53;3,77
63,155;-0,62;1,49;3,68
63,157;-0,63;1,45;3,60
63,158;-0,63;1,40;3,53
63,159;-0,64;1,36;3,45
63,160;-0,66;1,28;3,26
63,162;-0,66;1,24;3,16
63,163;-0,66;1,22;3,05
63,164;-0,66;1,17;2,94
63,165;-0,67;1,14;2,83
63,167;-0,67;1,12;2,70
63,173;-0,67;1,09;2,57
63,179;-0,66;1,04;2,44
63,180;-0,66;0,98;2,18
63,182;-0,65;0,94;2,04
63,184;-0,65;0,90;1,92
63,185;-0,62;0,88;1,78
63,187;-0,61;0,84;1,66
63,188;-0,59;0,79;1,52
63,189;-0,57;0,75;1,40
63,190;-0,55;0,69;1,27
63,191;-0,50;0,59;1,01
63,193;-0,48;0,52;0,87
63,194;-0,45;0,45;0,74
63,195;-0,42;0,38;0,60
63,196;-0,41;0,31;0,45
63,197;-0,40;0,23;0,30
63,255;-0,39;0,17;0,17
63,256;-0,38;0,08;0,04
63,257;-0,39;-0,05;-0,26
63,258;-0,42;-0,14;-0,43
63,259;-0,44;-0,22;-0,60
63,263;-0,45;-0,31;-0,78
63,264;-0,46;-0,39;-0,95
63,265;-0,47;-0,47;-1,13
63,266;-0,46;-0,52;-1,34
63,267;-0,42;-0,60;-1,56
63,268;-0,28;-0,73;-2,02
63,269;-0,17;-0,79;-2,24
63,271;-0,06;-0,84;-2,43
63,272;0,05;-0,89;-2,58
63,273;0,19;-0,92;-2,71
63,350;0,28;-0,93;-2,80
63,354;0,39;-0,92;-2,85
63,355;0,61;-0,94;-2,84
63,356;0,67;-0,95;-2,80
63,358;0,77;-0,94;-2,72
63,359;0,84;-0,98;-2,64
63,361;0,90;-0,95;-2,52
63,362;0,95;-0,94;-2,42
63,364;0,96;-0,90;-2,31
63,365;0,96;-0,88;-2,21
63,366;0,89;-0,79;-2,09
63,367;0,84;-0,75;-2,08
63,368;0,79;-0,72;-2,08
63,369;0,74;-0,71;-2,12
63,370;0,69;-0,71;-2,20
63,371;0,66;-0,73;-2,32
63,372;0,64;-0,75;-2,44
63,373;0,65;-0,79;-2,61
63,374;0,68;-0,92;-2,97
63,375;0,71;-0,99;-3,14
63,447;0,71;-1,06;-3,32
63,450;0,74;-1,14;-3,47
63,451;0,74;-1,20;-3,60
63,453;0,72;-1,26;-3,70
63,454;0,71;-1,30;-3,77
63,455;0,68;-1,34;-3,84
63,456;0,60;-1,40;-3,91
63,457;0,55;-1,42;-3,93
63,461;0,50;-1,46;-3,94
63,462;0,45;-1,50;-3,95
63,463;0,40;-1,52;-3,93
63,464;0,35;-1,55;-3,91
63,465;0,30;-1,58;-3,87
63,466;0,25;-1,63;-3,84
63,467;0,18;-1,72;-3,76
63,468;0,16;-1,76;-3,73
63,469;0,14;-1,80;-3,69
63,470;0,11;-1,85;-3,65
63,471;0,10;-1,89;-3,63
63,473;0,10;-1,93;-3,61
63,553;0,08;-1,96;-3,60
63,555;0,05;-2,00;-3,59
63,557;0,04;-2,04;-3,59
63,558;0,03;-2,05;-3,59
63,560;0,02;-2,07;-3,58
63,561;0,01;-2,07;-3,58
63,562;-0,01;-2,07;-3,57
63,563;-0,04;-2,08;-3,54
63,564;-0,06;-2,06;-3,53
63,565;-0,08;-2,02;-3,50
63,566;-0,13;-1,96;-3,43
63,567;-0,17;-1,91;-3,39
63,568;-0,22;-1,87;-3,33
63,569;-0,27;-1,81;-3,27
63,570;-0,30;-1,75;-3,23
63,572;-0,35;-1,67;-3,18
63,573;-0,40;-1,60;-3,13
63,574;-0,43;-1,54;-3,09
63,585;-0,47;-1,40;-3,04
63,586;-0,50;-1,34;-3,01
63,587;-0,52;-1,28;-2,99
63,589;-0,53;-1,21;-2,97
63,590;-0,54;-1,16;-2,95
63,593;-0,52;-1,10;-2,94
63,653;-0,52;-1,05;-2,93
63,655;-0,50;-0,98;-2,91
63,656;-0,44;-0,87;-2,90
63,657;-0,39;-0,80;-2,88
63,658;-0,36;-0,76;-2,87
63,659;-0,32;-0,71;-2,86
63,660;-0,28;-0,65;-2,84
63,661;-0,25;-0,60;-2,81
63,662;-0,21;-0,53;-2,80
63,663;-0,17;-0,48;-2,79
63,664;-0,06;-0,40;-2,75
63,665;-0,01;-0,38;-2,72
63,666;0,06;-0,38;-2,68
63,667;0,12;-0,39;-2,64
63,668;0,19;-0,40;-2,62
63,738;0,25;-0,40;-2,56
63,740;0,32;-0,41;-2,53
63,747;0,46;-0,41;-2,45
63,748;0,56;-0,42;-2,41
63,750;0,68;-0,43;-2,33
63,751;0,80;-0,45;-2,23
63,753;0,91;-0,45;-2,13
63,754;1,03;-0,48;-1,97
63,755;1,13;-0,52;-1,77
63,756;1,22;-0,54;-1,52
63,758;1,30;-0,58;-1,00
63,759;1,28;-0,57;-0,69
63,760;1,22;-0,56;-0,38
63,762;1,11;-0,54;-0,08
63,764;0,93;-0,48;0,20
63,765;0,72;-0,44;0,43
63,766;0,49;-0,39;0,63
63,767;0,27;-0,39;0,76
63,768;-0,15;-0,45;0,90
63,769;-0,33;-0,50;0,91
63,816;-0,51;-0,56;0,89
63,819;-0,65;-0,63;0,87
63,821;-0,79;-0,68;0,85
63,822;-0,89;-0,74;0,84
63,823;-0,95;-0,78;0,85
63,824;-1,00;-0,81;0,87
63,825;-1,03;-0,86;1,02
63,826;-1,06;-0,86;1,15
63,827;-1,09;-0,85;1,29
63,828;-1,13;-0,79;1,44
63,830;-1,15;-0,70;1,60
63,831;-1,19;-0,59;1,76
63,833;-1,21;-0,50;1,91
63,928;-1,23;-0,36;2,04
63,930;-1,29;-0,07;2,29
63,931;-1,33;0,09;2,40
63,933;-1,35;0,25;2,51
63,934;-1,37;0,43;2,61
63,935;-1,37;0,58;2,71
63,936;-1,38;0,73;2,78
63,937;-1,34;0,86;2,85
63,938;-1,30;0,99;2,90
63,939;-1,16;1,17;2,96
63,940;-1,06;1,24;3,00
63,941;-0,95;1,31;3,02
63,942;-0,82;1,35;3,03
63,943;-0,71;1,40;3,06
63,944;-0,58;1,43;3,09
63,945;-0,45;1,46;3,12
63,946;-0,35;1,49;3,16
63,947;-0,14;1,59;3,24
63,948;-0,05;1,64;3,28
63,949;0,01;1,69;3,32
63,950;0,05;1,72;3,38
63,951;0,07;1,76;3,45
63,952;0,09;1,79;3,50
63,953;0,12;1,81;3,57
64,021;0,16;1,81;3,62
64,023;0,25;1,85;3,70
64,025;0,29;1,86;3,77
64,029;0,35;1,87;3,80
64,030;0,41;1,84;3,87
64,031;0,50;1,82;3,91
64,033;0,60;1,80;3,94
64,038;0,73;1,77;3,98
64,039;0,87;1,70;4,04
64,040;1,18;1,62;4,14
64,041;1,35;1,58;4,21
64,043;1,51;1,55;4,28
64,044;1,66;1,51;4,33
64,045;1,79;1,50;4,37
64,046;1,90;1,51;4,42
64,047;1,99;1,53;4,44
64,048;2,04;1,54;4,48
64,054;2,11;1,62;4,50
64,055;2,12;1,64;4,51
64,056;2,11;1,67;4,49
64,058;2,10;1,69;4,46
64,124;2,06;1,72;4,42
64,142;1,99;1,74;4,38
64,143;1,93;1,74;4,31
64,144;1,73;1,75;4,18
64,145;1,62;1,75;4,10
64,146;1,50;1,76;4,03
64,147;1,39;1,76;3,96
64,149;1,25;1,75;3,89
64,150;1,14;1,76;3,84
64,151;1,02;1,76;3,79
64,163;0,90;1,74;3,72
64,164;0,68;1,73;3,61
64,165;0,57;1,70;3,54
64,166;0,47;1,68;3,47
64,167;0,37;1,65;3,40
64,168;0,28;1,63;3,32
64,168;0,22;1,59;3,23
64,169;0,13;1,55;3,14
64,171;0,07;1,50;3,04
64,181;-0,06;1,40;2,83
64,182;-0,12;1,35;2,71
64,183;-0,17;1,28;2,60
64,184;-0,20;1,22;2,48
64,185;-0,26;1,14;2,34
64,186;-0,31;1,08;2,21
64,188;-0,34;1,02;2,09
64,231;-0,38;0,97;1,95
64,233;-0,45;0,86;1,70
64,234;-0,48;0,81;1,56
64,235;-0,51;0,77;1,44
64,236;-0,55;0,71;1,31
64,237;-0,60;0,68;1,17
64,237;-0,64;0,63;1,04
64,238;-0,69;0,60;0,92
64,239;-0,72;0,56;0,79
64,240;-0,81;0,48;0,54
64,243;-0,84;0,42;0,43
64,345;-0,86;0,37;0,28
64,348;-0,87;0,30;0,17
64,350;-0,86;0,24;0,05
64,351;-0,87;0,15;-0,05
64,354;-0,85;0,08;-0,17
64,355;-0,85;-0,01;-0,28
64,357;-0,85;-0,15;-0,49
64,358;-0,83;-0,22;-0,62
64,360;-0,86;-0,29;-0,75
64,361;-0,88;-0,36;-0,89
64,363;-0,89;-0,41;-1,03
64,364;-0,91;-0,48;-1,17
64,365;-0,94;-0,54;-1,30
64,366;-0,96;-0,59;-1,45
64,368;-0,97;-0,69;-1,77
64,369;-0,94;-0,73;-1,94
64,370;-0,92;-0,78;-2,11
64,371;-0,87;-0,83;-2,27
64,372;-0,82;-0,85;-2,43
64,374;-0,75;-0,91;-2,58
64,375;-0,67;-0,94;-2,71
64,377;-0,59;-0,98;-2,82
64,378;-0,40;-1,04;-2,98
64,379;-0,31;-1,07;-3,04
64,380;-0,23;-1,09;-3,07
64,382;-0,14;-1,10;-3,09
64,383;-0,08;-1,11;-3,09
64,384;-0,00;-1,10;-3,07
64,436;0,04;-1,10;-3,04
64,437;0,08;-1,09;-3,02
64,438;0,12;-1,02;-2,98
64,439;0,12;-0,99;-2,95
64,440;0,11;-0,97;-2,96
64,441;0,12;-0,92;-2,94
64,442;0,12;-0,91;-2,97
64,443;0,14;-0,87;-2,99
64,444;0,18;-0,86;-3,05
64,445;0,24;-0,85;-3,11
64,446;0,39;-0,86;-3,27
64,447;0,49;-0,88;-3,39
64,448;0,61;-0,89;-3,49
64,530;0,71;-0,89;-3,57
64,532;0,83;-0,92;-3,67
64,533;0,91;-0,90;-3,74
64,535;0,99;-0,91;-3,79
64,536;1,09;-0,92;-3,80
64,537;1,11;-0,89;-3,80
64,539;1,15;-0,89;-3,76
64,540;1,19;-0,88;-3,73
64,541;1,19;-0,88;-3,70
64,542;1,21;-0,87;-3,64
64,543;1,20;-0,87;-3,58
64,547;1,21;-0,86;-3,52
64,548;1,19;-0,86;-3,40
64,549;1,17;-0,86;-3,34
64,551;1,16;-0,87;-3,28
64,552;1,14;-0,89;-3,21
64,553;1,12;-0,90;-3,16
64,554;1,08;-0,92;-3,10
64,555;1,06;-0,97;-3,07
64,556;1,02;-1,00;-3,03
64,557;0,93;-1,09;-2,95
64,559;0,87;-1,12;-2,92
64,614;0,81;-1,17;-2,89
64,632;0,75;-1,21;-2,86
64,634;0,68;-1,25;-2,83
64,635;0,61;-1,27;-2,81
64,636;0,53;-1,31;-2,78
64,637;0,44;-1,33;-2,75
64,638;0,30;-1,39;-2,71
64,639;0,22;-1,40;-2,69
64,640;0,14;-1,41;-2,66
64,641;0,04;-1,41;-2,63
64,642;-0,04;-1,41;-2,60
64,645;-0,13;-1,40;-2,57
64,646;-0,20;-1,39;-2,53
64,648;-0,28;-1,36;-2,50
64,649;-0,42;-1,33;-2,46
64,651;-0,45;-1,30;-2,45
64,658;-0,50;-1,28;-2,44
64,660;-0,53;-1,23;-2,43
64,661;-0,53;-1,22;-2,43
64,669;-0,55;-1,21;-2,41
64,670;-0,55;-1,19;-2,42
64,671;-0,54;-1,16;-2,43
64,723;-0,50;-1,10;-2,43
64,724;-0,46;-1,06;-2,45
64,725;-0,42;-1,01;-2,45
64,726;-0,38;-0,95;-2,45
64,727;-0,33;-0,88;-2,45
64,728;-0,32;-0,77;-2,44
64,729;-0,30;-0,68;-2,44
64,729;-0,29;-0,57;-2,43
64,730;-0,29;-0,35;-2,40
64,732;-0,30;-0,26;-2,37
64,737;-0,28;-0,16;-2,34
64,738;-0,27;-0,07;-2,31
64,739;-0,24;0,01;-2,28
64,740;-0,19;0,09;-2,24
64,794;-0,15;0,14;-2,20
64,796;-0,10;0,20;-2,17
64,797;0,05;0,35;-2,07
64,798;0,13;0,44;-2,03
64,799;0,24;0,51;-1,97
64,800;0,37;0,59;-1,90
64,801;0,49;0,66;-1,80
64,803;0,62;0,72;-1,69
64,804;0,75;0,76;-1,56
64,805;0,88;0,80;-1,40
64,806;1,11;0,81;-0,99
64,807;1,22;0,77;-0,75
64,811;1,26;0,73;-0,49
64,812;1,30;0,67;-0,21
64,814;1,28;0,61;0,06
64,859;1,22;0,56;0,30
64,861;1,11;0,53;0,53
64,862;0,97;0,48;0,71
64,863;0,69;0,34;0,99
64,864;0,55;0,24;1,06
64,865;0,40;0,14;1,11
64,865;0,25;0,02;1,14
64,866;0,09;-0,11;1,17
64,867;-0,02;-0,24;1,15
64,868;-0,13;-0,37;1,14
64,869;-0,31;-0,62;1,10
64,917;-0,37;-0,72;1,10
64,919;-0,41;-0,82;1,12
64,920;-0,44;-0,89;1,17
64,920;-0,48;-0,95;1,24
64,922;-0,53;-0,97;1,34
64,923;-0,59;-0,97;1,45
64,924;-0,66;-0,94;1,58
64,925;-0,82;-0,81;1,82
64,926;-0,89;-0,73;1,96
64,930;-0,97;-0,64;2,08
64,931;-1,05;-0,54;2,20
64,932;-1,13;-0,41;2,32
64,934;-1,22;-0,27;2,44
64,969;-1,28;-0,14;2,54
64,969;-1,36;0,00;2,64
64,970;-1,44;0,27;2,77
64,971;-1,45;0,37;2,80
64,974;-1,44;0,50;2,82
64,975;-1,41;0,60;2,83
64,976;-1,36;0,68;2,82
64,977;-1,29;0,79;2,82
64,979;-1,21;0,85;2,82
65,044;-1,12;0,92;2,80
65,045;-0,93;1,01;2,80
65,046;-0,81;1,05;2,79
65,047;-0,70;1,09;2,81
65,048;-0,60;1,11;2,84
65,049;-0,50;1,13;2,86
65,049;-0,38;1,16;2,90
65,050;-0,29;1,19;2,96
65,051;-0,17;1,22;3,00
65,052;-0,03;1,28;3,10
65,056;0,02;1,30;3,16
65,057;0,07;1,32;3,22
65,058;0,12;1,33;3,28
65,059;0,18;1,32;3,35
65,060;0,26;1,31;3,43
65,060;0,35;1,31;3,51
65,107;0,46;1,27;3,58
65,120;0,68;1,22;3,72
65,121;0,78;1,20;3,79
65,122;0,90;1,18;3,84
65,123;1,00;1,19;3,91
65,124;1,09;1,18;3,95
65,125;1,16;1,19;4,01
65,127;1,24;1,20;4,04
65,128;1,30;1,20;4,09
65,129;1,43;1,24;4,16
65,130;1,50;1,28;4,19
65,131;1,53;1,34;4,23
65,132;1,57;1,39;4,25
65,133;1,58;1,44;4,28
65,134;1,59;1,49;4,30
65,184;1,58;1,54;4,30
65,186;1,57;1,58;4,29
65,187;1,46;1,65;4,23
65,188;1,38;1,69;4,19
65,189;1,32;1,71;4,14
65,190;1,21;1,74;4,10
65,196;1,12;1,76;4,04
65,197;1,02;1,79;3,98
65,200;0,92;1,80;3,94
65,201;0,83;1,82;3,90
65,202;0,67;1,83;3,80
65,202;0,58;1,82;3,74
65,204;0,52;1,80;3,68
65,204;0,45;1,78;3,60
65,244;0,38;1,74;3,53
65,245;0,32;1,71;3,45
65,246;0,23;1,69;3,38
65,248;0,17;1,65;3,28
65,248;0,02;1,54;3,08
65,249;-0,06;1,49;2,97
65,250;-0,14;1,43;2,86
65,250;-0,21;1,38;2,73
65,251;-0,29;1,31;2,59
65,320;-0,37;1,23;2,45
65,322;-0,46;1,17;2,31
65,322;-0,58;1,03;1,98
65,323;-0,62;0,96;1,83
65,324;-0,67;0,89;1,66
65,325;-0,71;0,82;1,47
65,325;-0,75;0,77;1,32
65,326;-0,78;0,72;1,17
65,333;-0,84;0,66;1,02
65,339;-0,90;0,61;0,87
65,339;-1,00;0,53;0,63
65,340;-1,04;0,50;0,52
65,341;-1,08;0,48;0,42
65,344;-1,10;0,45;0,30
65,345;-1,11;0,43;0,19
65,346;-1,14;0,39;0,08
65,347;-1,14;0,36;-0,03
65,348;-1,16;0,33;-0,13
65,349;-1,19;0,27;-0,33
65,350;-1,21;0,23;-0,43
65,390;-1,22;0,21;-0,55
65,392;-1,26;0,15;-0,66
65,393;-1,27;0,10;-0,81
65,395;-1,28;0,06;-0,95
65,396;-1,25;-0,00;-1,11
65,397;-1,25;-0,06;-1,27
65,398;-1,19;-0,20;-1,68
65,399;-1,14;-0,27;-1,90
65,400;-1,06;-0,32;-2,13
65,401;-0,98;-0,39;-2,35
65,451;-0,87;-0,45;-2,57
65,452;-0,75;-0,50;-2,75
65,454;-0,63;-0,54;-2,91
65,455;-0,49;-0,57;-3,04
65,456;-0,22;-0,60;-3,22
65,457;-0,06;-0,61;-3,26
65,457;0,10;-0,62;-3,29
65,458;0,26;-0,63;-3,26
65,459;0,39;-0,65;-3,22
65,460;0,53;-0,66;-3,16
65,461;0,66;-0,66;-3,07
65,462;0,77;-0,65;-2,96
65,464;0,96;-0,63;-2,74
65,516;1,06;-0,63;-2,65
65,517;1,13;-0,64;-2,58
65,518;1,19;-0,64;-2,53
65,519;1,24;-0,66;-2,51
65,519;1,26;-0,67;-2,52
65,520;1,31;-0,68;-2,54
65,521;1,34;-0,69;-2,58
65,536;1,42;-0,73;-2,69
65,537;1,48;-0,78;-2,76
65,537;1,52;-0,82;-2,82
65,538;1,55;-0,87;-2,90
65,539;1,60;-0,92;-2,95
65,540;1,62;-0,95;-3,00
65,540;1,63;-1,01;-3,02
65,541;1,62;-1,05;-3,03
65,585;1,58;-1,13;-3,03
65,586;1,55;-1,17;-3,03
65,587;1,51;-1,20;-3,01
65,592;1,47;-1,22;-3,00
65,593;1,45;-1,27;-2,98
65,599;1,40;-1,27;-2,95
65,600;1,37;-1,28;-2,92
65,601;1,33;-1,29;-2,90
65,602;1,25;-1,28;-2,83
65,602;1,23;-1,29;-2,80
65,603;1,20;-1,27;-2,77
65,604;1,16;-1,26;-2,73
65,605;1,13;-1,26;-2,67
65,652;1,11;-1,25;-2,64
65,654;1,08;-1,25;-2,59
65,655;1,05;-1,25;-2,55
65,656;0,99;-1,26;-2,45
65,657;0,95;-1,28;-2,40
65,658;0,91;-1,29;-2,35
65,659;0,86;-1,30;-2,32
65,660;0,82;-1,32;-2,29
65,661;0,76;-1,36;-2,25
65,662;0,70;-1,39;-2,22
65,663;0,56;-1,47;-2,17
65,665;0,48;-1,48;-2,16
65,746;0,40;-1,53;-2,14
65,750;0,32;-1,56;-2,12
65,753;0,22;-1,60;-2,10
65,755;0,13;-1,62;-2,08
65,757;0,04;-1,65;-2,07
65,758;-0,07;-1,66;-2,05
65,760;-0,29;-1,68;-2,03
65,762;-0,41;-1,67;-2,03
65,763;-0,53;-1,68;-2,02
65,765;-0,65;-1,67;-2,02
65,766;-0,76;-1,67;-2,02
65,767;-0,87;-1,66;-2,03
65,769;-0,98;-1,67;-2,03
65,770;-1,07;-1,67;-2,04
65,775;-1,22;-1,65;-2,08
65,776;-1,29;-1,64;-2,11
65,780;-1,33;-1,63;-2,11
65,781;-1,36;-1,63;-2,15
65,782;-1,40;-1,63;-2,16
65,783;-1,40;-1,60;-2,19
65,785;-1,39;-1,61;-2,22
65,787;-1,37;-1,61;-2,25
65,789;-1,33;-1,57;-2,30
65,790;-1,29;-1,54;-2,32
65,791;-1,26;-1,49;-2,35
65,842;-1,23;-1,45;-2,35
65,843;-1,20;-1,39;-2,37
65,845;-1,15;-1,32;-2,38
65,846;-1,12;-1,26;-2,38
65,847;-1,07;-1,20;-2,39
65,848;-0,96;-1,06;-2,39
65,849;-0,88;-0,98;-2,40
65,850;-0,81;-0,90;-2,40
65,851;-0,73;-0,84;-2,39
65,852;-0,65;-0,75;-2,38
65,853;-0,56;-0,67;-2,37
65,854;-0,48;-0,58;-2,32
65,855;-0,40;-0,48;-2,29
65,930;-0,24;-0,27;-2,21
65,936;-0,16;-0,17;-2,15
65,938;-0,07;-0,07;-2,10
65,940;0,02;0,02;-2,04
65,942;0,11;0,13;-1,97
65,944;0,20;0,20;-1,90
65,946;0,28;0,31;-1,80
65,947;0,36;0,41;-1,72
65,949;0,55;0,59;-1,51
65,951;0,66;0,67;-1,39
65,953;0,79;0,73;-1,24
65,954;0,90;0,76;-1,10
65,956;1,00;0,78;-0,91
65,958;1,10;0,78;-0,72
65,960;1,16;0,77;-0,49
65,962;1,23;0,72;-0,24
65,963;1,33;0,57;0,30
65,968;1,35;0,49;0,58
65,970;1,34;0,40;0,84
65,971;1,34;0,31;1,10
65,972;1,30;0,22;1,33
65,973;1,24;0,13;1,53
65,974;1,15;0,05;1,73
65,976;1,07;-0,04;1,90
66,033;0,83;-0,21;2,18
66,035;0,69;-0,26;2,28
66,036;0,57;-0,32;2,37
66,038;0,42;-0,34;2,43
66,039;0,28;-0,35;2,50
66,040;0,13;-0,32;2,55
66,041;-0,03;-0,26;2,57
66,042;-0,18;-0,19;2,60
66,043;-0,52;0,05;2,65
66,044;-0,70;0,21;2,67
66,045;-0,88;0,36;2,70
66,046;-1,03;0,52;2,70
66,047;-1,18;0,70;2,73
66,048;-1,32;0,86;2,73
66,050;-1,43;1,00;2,72
66,156;-1,59;1,26;2,75
66,158;-1,64;1,36;2,76
66,160;-1,70;1,44;2,77
66,168;-1,72;1,50;2,78
66,170;-1,73;1,56;2,81
66,171;-1,73;1,57;2,83
66,172;-1,71;1,57;2,86
66,173;-1,68;1,56;2,90
66,175;-1,60;1,51;2,99
66,182;-1,54;1,46;3,04
66,183;-1,47;1,43;3,10
66,185;-1,41;1,38;3,16
66,186;-1,35;1,34;3,22
66,187;-1,28;1,29;3,29
66,190;-1,24;1,28;3,34
66,191;-1,20;1,26;3,40
66,192;-1,12;1,21;3,52
66,193;-1,10;1,17;3,58
66,195;-1,05;1,13;3,64
66,197;-0,99;1,10;3,70
66,198;-0,90;1,07;3,74
66,200;-0,80;1,01;3,78
66,201;-0,69;0,96;3,82
66,202;-0,56;0,90;3,85
66,203;-0,29;0,82;3,91
66,205;-0,16;0,81;3,92
66,207;-0,03;0,78;3,93
66,209;0,09;0,77;3,94
66,210;0,20;0,76;3,92
66,211;0,31;0,75;3,94
66,212;0,40;0,75;3,94
66,213;0,50;0,76;3,93
66,215;0,68;0,80;3,94
66,273;0,77;0,83;3,92
66,275;0,84;0,86;3,92
66,276;0,90;0,89;3,91
66,277;0,96;0,92;3,87
66,278;0,99;0,95;3,83
66,280;1,00;0,98;3,78
66,281;1,01;0,97;3,73
66,283;0,99;1,01;3,62
66,284;0,98;1,03;3,56
66,285;0,99;1,06;3,52
66,286;0,97;1,10;3,47
66,287;0,95;1,14;3,43
66,288;0,92;1,16;3,39
66,289;0,91;1,20;3,36
66,290;0,87;1,24;3,32
66,396;0,76;1,32;3,28
66,398;0,70;1,37;3,24
66,400;0,63;1,40;3,22
66,401;0,58;1,43;3,19
66,404;0,52;1,46;3,15
66,409;0,47;1,47;3,11
66,410;0,42;1,48;3,08
66,412;0,37;1,49;3,03
66,413;0,30;1,47;2,90
66,414;0,26;1,47;2,82
66,415;0,24;1,45;2,74
66,416;0,18;1,43;2,63
66,417;0,12;1,42;2,53
66,418;0,07;1,41;2,42
66,419;-0,00;1,40;2,31
66,420;-0,09;1,39;2,19
66,421;-0,26;1,37;1,95
66,422;-0,37;1,36;1,81
66,423;-0,44;1,33;1,68
66,424;-0,53;1,28;1,54
66,425;-0,62;1,25;1,41
66,426;-0,67;1,20;1,28
66,427;-0,72;1,14;1,14
66,428;-0,76;1,10;1,01
66,429;-0,83;0,96;0,73
66,431;-0,85;0,84;0,58
66,432;-0,83;0,75;0,43
66,433;-0,83;0,65;0,28
66,438;-0,84;0,53;0,13
66,486;-0,82;0,42;-0,02
66,487;-0,81;0,29;-0,16
66,488;-0,80;0,04;-0,42
66,490;-0,80;-0,06;-0,57
66,491;-0,81;-0,15;-0,71
66,492;-0,81;-0,26;-0,86
66,493;-0,81;-0,36;-1,01
66,494;-0,81;-0,44;-1,16
66,496;-0,82;-0,53;-1,31
66,497;-0,80;-0,62;-1,48
66,498;-0,76;-0,77;-1,80
66,499;-0,73;-0,83;-1,96
66,500;-0,69;-0,90;-2,11
66,592;-0,64;-0,95;-2,23
66,594;-0,59;-0,99;-2,35
66,596;-0,54;-1,03;-2,44
66,597;-0,46;-1,05;-2,50
66,599;-0,40;-1,05;-2,55
66,600;-0,26;-1,08;-2,56
66,602;-0,20;-1,06;-2,53
66,603;-0,14;-1,04;-2,51
66,605;-0,09;-1,01;-2,45
66,606;-0,06;-1,00;-2,37
66,607;-0,04;-0,98;-2,32
66,608;-0,02;-0,95;-2,27
66,610;-0,03;-0,92;-2,23
66,617;-0,05;-0,90;-2,20
66,618;-0,07;-0,90;-2,22
66,619;-0,09;-0,93;-2,25
66,620;-0,10;-0,94;-2,34
66,622;-0,11;-0,97;-2,45
66,623;-0,10;-0,99;-2,57
66,624;-0,08;-1,03;-2,75
66,625;-0,06;-1,07;-2,92
66,626;0,03;-1,14;-3,32
66,627;0,09;-1,17;-3,54
66,628;0,12;-1,17;-3,72
66,630;0,15;-1,18;-3,90
66,631;0,18;-1,15;-4,04
66,703;0,17;-1,14;-4,16
66,706;0,16;-1,10;-4,26
66,707;0,16;-1,07;-4,33
66,708;0,17;-0,99;-4,41
66,709;0,18;-0,95;-4,43
66,711;0,16;-0,92;-4,44
66,712;0,19;-0,90;-4,42
66,713;0,20;-0,89;-4,38
66,714;0,19;-0,86;-4,36
66,715;0,21;-0,84;-4,31
66,716;0,21;-0,85;-4,25
66,717;0,26;-0,84;-4,13
66,718;0,30;-0,86;-4,06
66,719;0,34;-0,85;-3,99
66,720;0,38;-0,88;-3,90
66,722;0,42;-0,91;-3,82
66,723;0,48;-0,94;-3,74
66,724;0,54;-0,99;-3,67
66,725;0,60;-1,03;-3,59
66,806;0,69;-1,12;-3,44
66,808;0,74;-1,15;-3,37
66,810;0,78;-1,19;-3,30
66,811;0,82;-1,23;-3,26
66,812;0,85;-1,25;-3,19
66,813;0,86;-1,27;-3,13
66,815;0,87;-1,29;-3,08
66,817;0,88;-1,31;-3,02
66,818;0,86;-1,28;-2,89
66,819;0,83;-1,27;-2,84
66,821;0,81;-1,25;-2,77
66,822;0,75;-1,22;-2,70
66,823;0,73;-1,20;-2,62
66,824;0,68;-1,16;-2,56
66,826;0,63;-1,14;-2,49
66,827;0,58;-1,10;-2,44
66,828;0,47;-1,04;-2,33
66,829;0,41;-1,00;-2,28
66,831;0,36;-0,97;-2,23
66,832;0,30;-0,94;-2,20
66,834;0,25;-0,91;-2,17
66,836;0,20;-0,88;-2,15
66,896;0,15;-0,85;-2,11
66,898;0,04;-0,82;-2,08
66,900;-0,00;-0,82;-2,06
66,901;-0,05;-0,81;-2,06
66,902;-0,09;-0,80;-2,05
66,904;-0,12;-0,77;-2,05
66,905;-0,12;-0,76;-2,03
66,906;-0,12;-0,76;-2,02
66,907;-0,12;-0,73;-2,01
66,908;-0,09;-0,74;-1,96
66,909;-0,06;-0,74;-1,92
66,910;-0,02;-0,74;-1,90
66,911;-0,00;-0,73;-1,86
66,912;0,04;-0,71;-1,83
66,913;0,06;-0,72;-1,82
67,006;0,12;-0,73;-1,78
67,008;0,16;-0,72;-1,75
67,009;0,25;-0,69;-1,69
67,011;0,30;-0,67;-1,66
67,012;0,36;-0,65;-1,63
67,013;0,41;-0,61;-1,62
67,015;0,46;-0,55;-1,61
67,016;0,53;-0,48;-1,57
67,017;0,60;-0,39;-1,55
67,019;0,66;-0,31;-1,50
67,020;0,80;-0,10;-1,41
67,021;0,86;0,01;-1,33
67,022;0,92;0,11;-1,24
67,024;0,96;0,21;-1,12
67,025;0,98;0,32;-0,98
67,026;0,98;0,43;-0,80
67,027;0,95;0,55;-0,61
67,028;0,91;0,63;-0,43
67,030;0,79;0,75;-0,04
67,031;0,73;0,79;0,15
67,032;0,67;0,79;0,32
67,034;0,60;0,78;0,50
67,035;0,53;0,72;0,66
67,036;0,48;0,65;0,82
67,037;0,42;0,57;0,94
67,126;0,38;0,47;1,07
67,127;0,28;0,27;1,27
67,128;0,22;0,18;1,36
67,129;0,15;0,08;1,44
67,131;0,07;-0,01;1,53
67,132;0,01;-0,07;1,62
67,139;-0,07;-0,14;1,72
67,140;-0,14;-0,20;1,82
67,141;-0,20;-0,24;1,94
67,143;-0,34;-0,24;2,15
67,144;-0,43;-0,21;2,25
67,145;-0,50;-0,17;2,36
67,146;-0,61;-0,10;2,46
67,147;-0,72;-0,03;2,55
67,148;-0,82;0,06;2,63
67,149;-0,91;0,17;2,70
67,150;-1,01;0,29;2,75
67,151;-1,18;0,52;2,83
67,152;-1,25;0,63;2,87
67,153;-1,28;0,74;2,89
67,154;-1,30;0,83;2,87
67,155;-1,30;0,91;2,85
67,156;-1,28;0,99;2,83
67,157;-1,25;1,04;2,82
67,232;-1,19;1,10;2,79
67,233;-1,08;1,19;2,76
67,234;-0,99;1,22;2,78
67,236;-0,94;1,25;2,77
67,237;-0,84;1,29;2,81
67,238;-0,77;1,32;2,84
67,242;-0,69;1,36;2,87
67,243;-0,62;1,38;2,93
67,244;-0,56;1,41;2,98
67,245;-0,47;1,47;3,08
67,246;-0,43;1,49;3,13
67,247;-0,40;1,53;3,19
67,248;-0,38;1,54;3,25
67,249;-0,37;1,56;3,34
67,250;-0,34;1,58;3,42
67,251;-0,29;1,58;3,52
67,252;-0,16;1,61;3,71
67,257;-0,13;1,60;3,81
67,258;-0,07;1,60;3,90
67,259;-0,03;1,62;3,98
67,323;0,01;1,64;4,06
67,326;0,06;1,67;4,15
67,328;0,09;1,68;4,22
67,329;0,11;1,71;4,29
67,331;0,17;1,75;4,40
67,333;0,19;1,78;4,45
67,334;0,22;1,81;4,49
67,336;0,25;1,84;4,53
67,337;0,26;1,86;4,55
67,338;0,27;1,90;4,57
67,339;0,27;1,91;4,57
67,341;0,24;1,91;4,56
67,343;0,17;1,93;4,51
67,344;0,13;1,92;4,46
67,346;0,08;1,91;4,43
67,348;0,05;1,90;4,38
67,349;0,01;1,90;4,35
67,351;-0,05;1,88;4,30
67,357;-0,08;1,85;4,26
67,358;-0,13;1,83;4,20
67,436;-0,20;1,76;4,11
67,439;-0,27;1,72;4,05
67,440;-0,30;1,69;3,98
67,442;-0,33;1,64;3,91
67,443;-0,36;1,60;3,84
67,445;-0,40;1,57;3,75
67,446;-0,42;1,52;3,68
67,447;-0,46;1,47;3,56
67,448;-0,49;1,37;3,33
67,449;-0,49;1,32;3,20
67,450;-0,51;1,27;3,08
67,451;-0,52;1,21;2,93
67,452;-0,54;1,16;2,79
67,453;-0,56;1,11;2,65
67,454;-0,58;1,06;2,49
67,455;-0,62;1,02;2,34
67,456;-0,68;0,94;2,01
67,457;-0,71;0,90;1,87
67,458;-0,73;0,86;1,71
67,459;-0,77;0,83;1,55
67,509;-0,79;0,81;1,38
67,511;-0,81;0,79;1,24
67,513;-0,84;0,77;1,11
67,514;-0,86;0,75;0,96
67,515;-0,90;0,71;0,69
67,516;-0,92;0,68;0,56
67,517;-0,92;0,65;0,44
67,518;-0,91;0,63;0,32
67,519;-0,91;0,59;0,20
67,520;-0,88;0,55;0,08
67,522;-0,86;0,51;-0,03
67,523;-0,84;0,48;-0,14
67,523;-0,78;0,40;-0,35
67,590;-0,75;0,35;-0,45
67,592;-0,71;0,30;-0,56
67,593;-0,68;0,25;-0,67
67,593;-0,64;0,20;-0,79
67,594;-0,59;0,14;-0,90
67,595;-0,56;0,08;-1,02
67,597;-0,51;0,04;-1,15
67,598;-0,45;-0,07;-1,40
67,599;-0,41;-0,13;-1,53
67,611;-0,36;-0,19;-1,67
67,612;-0,30;-0,27;-1,82
67,613;-0,22;-0,35;-1,95
67,613;-0,14;-0,45;-2,12
67,614;-0,03;-0,53;-2,25
67,615;0,04;-0,62;-2,38
67,616;0,26;-0,79;-2,61
67,617;0,34;-0,86;-2,69
67,618;0,41;-0,93;-2,77
67,618;0,49;-0,99;-2,81
67,671;0,57;-1,05;-2,85
67,676;0,64;-1,10;-2,88
67,677;0,72;-1,16;-2,87
67,678;0,88;-1,25;-2,85
67,678;0,95;-1,29;-2,82
67,679;1,00;-1,32;-2,78
67,679;1,05;-1,33;-2,74
67,680;1,08;-1,32;-2,69
67,681;1,11;-1,32;-2,66
67,682;1,13;-1,29;-2,64
67,683;1,14;-1,27;-2,61
67,683;1,15;-1,23;-2,58
67,684;1,16;-1,21;-2,59
67,686;1,19;-1,20;-2,63
67,725;1,24;-1,17;-2,67
67,726;1,29;-1,16;-2,72
67,727;1,34;-1,11;-2,80
67,728;1,39;-1,09;-2,87
67,728;1,45;-1,06;-2,94
67,729;1,55;-1,03;-3,04
67,731;1,57;-1,00;-3,09
67,732;1,59;-0,97;-3,07
67,732;1,58;-0,94;-3,05
67,736;1,60;-0,91;-3,03
67,781;1,59;-0,87;-2,99
67,783;1,59;-0,84;-2,91
67,783;1,59;-0,80;-2,84
67,784;1,60;-0,71;-2,67
67,785;1,61;-0,67;-2,57
67,787;1,61;-0,62;-2,48
67,788;1,62;-0,59;-2,39
67,791;1,62;-0,56;-2,31
67,792;1,62;-0,55;-2,24
67,793;1,61;-0,53;-2,18
67,794;1,60;-0,55;-2,13
67,834;1,58;-0,59;-2,07
67,835;1,55;-0,64;-2,05
67,836;1,53;-0,69;-2,04
67,837;1,49;-0,75;-2,03
67,837;1,46;-0,82;-2,03
67,838;1,40;-0,91;-2,03
67,841;1,34;-0,97;-2,02
67,842;1,28;-1,07;-2,04
67,843;1,10;-1,27;-2,04
67,844;1,01;-1,36;-2,05
67,935;0,90;-1,46;-2,08
67,937;0,79;-1,53;-2,09
67,938;0,67;-1,63;-2,10
67,939;0,55;-1,70;-2,12
67,941;0,42;-1,76;-2,14
67,942;0,29;-1,82;-2,17
67,944;0,00;-1,92;-2,23
67,945;-0,14;-1,96;-2,26
67,946;-0,29;-1,99;-2,28
67,949;-0,43;-2,01;-2,32
67,954;-0,55;-2,02;-2,36
67,955;-0,67;-2,03;-2,37
67,956;-0,78;-2,04;-2,40
67,958;-0,86;-2,05;-2,44
67,959;-1,02;-2,05;-2,51
67,960;-1,07;-2,06;-2,53
67,961;-1,11;-2,05;-2,57
67,962;-1,15;-2,02;-2,59
67,963;-1,17;-2,03;-2,61
67,971;-1,19;-2,00;-2,64
67,972;-1,18;-1,99;-2,65
67,973;-1,17;-1,95;-2,67
67,974;-1,12;-1,90;-2,70
67,975;-1,10;-1,84;-2,70
67,976;-1,07;-1,79;-2,72
67,977;-1,03;-1,74;-2,72
67,978;-0,99;-1,69;-2,73
68,034;-0,95;-1,60;-2,73
68,035;-0,92;-1,53;-2,73
68,036;-0,88;-1,45;-2,73
68,038;-0,78;-1,27;-2,73
68,039;-0,74;-1,18;-2,73
68,040;-0,67;-1,10;-2,72
68,041;-0,62;-1,01;-2,71
68,042;-0,56;-0,91;-2,69
68,043;-0,51;-0,82;-2,68
68,044;-0,45;-0,72;-2,67
68,045;-0,33;-0,55;-2,61
68,046;-0,26;-0,44;-2,57
68,047;-0,20;-0,35;-2,53
68,048;-0,14;-0,24;-2,49
68,112;-0,06;-0,14;-2,43
68,113;0,01;-0,04;-2,37
68,114;0,08;0,07;-2,32
68,115;0,16;0,19;-2,25
68,122;0,40;0,50;-2,17
68,123;0,54;0,65;-2,09
68,124;0,69;0,79;-1,98
68,125;0,82;0,93;-1,81
68,126;0,96;1,03;-1,61
68,127;1,10;1,12;-1,37
68,128;1,20;1,20;-1,07
68,129;1,31;1,23;-0,74
68,130;1,43;1,21;-0,06
68,132;1,45;1,16;0,28
68,133;1,46;1,09;0,59
68,133;1,41;1,00;0,88
68,134;1,34;0,89;1,13
68,189;1,26;0,80;1,34
68,190;1,15;0,70;1,50
68,192;1,02;0,56;1,64
68,193;0,70;0,30;1,83
68,194;0,52;0,16;1,90
68,195;0,33;0,02;1,95
68,196;0,15;-0,11;2,00
68,197;-0,03;-0,22;2,05
68,198;-0,20;-0,30;2,07
68,200;-0,38;-0,36;2,10
68,201;-0,56;-0,39;2,12
68,206;-0,87;-0,38;2,18
68,207;-1,03;-0,33;2,20
68,208;-1,17;-0,27;2,24
68,208;-1,30;-0,20;2,28
68,256;-1,43;-0,10;2,32
68,260;-1,53;0,01;2,35
68,263;-1,62;0,13;2,39
68,264;-1,70;0,24;2,43
68,265;-1,80;0,45;2,54
68,266;-1,81;0,56;2,58
68,267;-1,81;0,65;2,62
68,268;-1,78;0,72;2,66
68,269;-1,76;0,79;2,71
68,269;-1,71;0,86;2,76
68,270;-1,65;0,90;2,80
68,271;-1,58;0,94;2,84
68,272;-1,43;1,01;2,92
68,313;-1,34;1,04;2,96
68,316;-1,26;1,06;3,02
68,317;-1,17;1,07;3,05
68,318;-1,07;1,08;3,09
68,319;-0,98;1,09;3,13
68,320;-0,89;1,09;3,19
68,321;-0,80;1,09;3,22
68,322;-0,65;1,13;3,32
68,323;-0,59;1,14;3,35
68,324;-0,53;1,16;3,41
68,368;-0,50;1,18;3,43
68,369;-0,46;1,20;3,48
68,370;-0,42;1,23;3,52
68,371;-0,39;1,24;3,58
68,372;-0,32;1,23;3,61
68,373;-0,19;1,23;3,69
68,374;-0,10;1,22;3,75
68,375;-0,02;1,22;3,80
68,376;0,07;1,21;3,84
68,378;0,14;1,23;3,88
68,379;0,21;1,24;3,92
68,383;0,26;1,25;3,96
68,455;0,32;1,29;3,99
68,456;0,41;1,34;4,04
68,457;0,45;1,36;4,06
68,459;0,49;1,40;4,08
68,460;0,51;1,42;4,08
68,461;0,50;1,45;4,07
68,462;0,51;1,49;4,08
68,464;0,48;1,54;4,08
68,465;0,46;1,61;4,05
68,466;0,45;1,62;4,05
68,467;0,43;1,65;4,03
68,468;0,41;1,68;4,03
68,469;0,40;1,70;4,00
68,470;0,38;1,72;3,99
68,471;0,35;1,73;3,97
68,473;0,31;1,76;3,96
68,474;0,26;1,79;3,89
68,475;0,23;1,79;3,85
68,567;0,19;1,79;3,78
68,569;0,19;1,79;3,72
68,570;0,14;1,79;3,64
68,571;0,12;1,77;3,56
68,572;0,10;1,75;3,48
68,573;0,06;1,75;3,37
68,574;0,01;1,70;3,18
68,575;-0,02;1,68;3,07
68,576;-0,06;1,64;2,97
68,577;-0,07;1,62;2,85
68,579;-0,11;1,60;2,72
68,580;-0,15;1,57;2,62
68,581;-0,18;1,53;2,51
68,582;-0,22;1,50;2,38
68,583;-0,33;1,43;2,13
68,584;-0,39;1,37;2,02
68,585;-0,42;1,34;1,88
68,587;-0,48;1,28;1,77
68,588;-0,52;1,24;1,62
68,594;-0,55;1,18;1,51
68,595;-0,58;1,12;1,36
68,597;-0,60;1,04;1,22
68,598;-0,63;0,91;0,93
68,599;-0,64;0,83;0,77
68,600;-0,66;0,74;0,64
68,643;-0,65;0,66;0,50
68,645;-0,67;0,58;0,36
68,646;-0,67;0,48;0,24
68,648;-0,66;0,40;0,14
68,649;-0,68;0,33;0,02
68,649;-0,68;0,18;-0,18
68,650;-0,69;0,11;-0,30
68,651;-0,71;0,04;-0,41
68,652;-0,72;-0,04;-0,53
68,653;-0,74;-0,12;-0,67
68,654;-0,74;-0,19;-0,80
68,657;-0,74;-0,26;-0,96
68,704;-0,73;-0,33;-1,11
68,711;-0,70;-0,49;-1,43
68,713;-0,65;-0,58;-1,58
68,714;-0,59;-0,66;-1,75
68,715;-0,50;-0,75;-1,89
68,716;-0,42;-0,85;-2,05
68,717;-0,32;-0,94;-2,18
68,718;-0,21;-1,02;-2,28
68,719;-0,10;-1,10;-2,39
68,720;0,10;-1,23;-2,51
68,721;0,17;-1,28;-2,57
68,722;0,27;-1,32;-2,59
68,723;0,34;-1,36;-2,58
68,771;0,41;-1,38;-2,58
68,772;0,46;-1,38;-2,55
68,774;0,49;-1,38;-2,52
68,775;0,49;-1,36;-2,46
68,777;0,49;-1,30;-2,37
68,778;0,46;-1,25;-2,35
68,779;0,45;-1,22;-2,34
68,780;0,42;-1,20;-2,34
68,781;0,41;-1,16;-2,36
68,782;0,39;-1,13;-2,39
68,783;0,38;-1,10;-2,44
68,784;0,36;-1,09;-2,52
68,893;0,40;-1,10;-2,75
68,898;0,42;-1,12;-2,87
68,912;0,48;-1,15;-3,02
68,914;0,52;-1,19;-3,17
68,915;0,57;-1,22;-3,31
68,917;0,60;-1,26;-3,43
68,919;0,64;-1,31;-3,52
68,920;0,68;-1,36;-3,65
68,921;0,70;-1,34;-3,69
68,927;0,71;-1,35;-3,71
68,929;0,74;-1,36;-3,72
68,930;0,74;-1,35;-3,73
68,931;0,75;-1,35;-3,70
68,933;0,74;-1,35;-3,68
68,934;0,74;-1,34;-3,65
68,935;0,71;-1,32;-3,58
68,937;0,69;-1,31;-3,53
68,938;0,67;-1,31;-3,48
68,939;0,65;-1,29;-3,42
68,940;0,63;-1,30;-3,38
68,942;0,61;-1,29;-3,31
68,943;0,59;-1,29;-3,29
68,944;0,61;-1,30;-3,25
68,945;0,61;-1,30;-3,25
68,946;0,61;-1,37;-3,15
68,948;0,64;-1,39;-3,15
68,949;0,66;-1,42;-3,13
68,950;0,67;-1,46;-3,11
68,951;0,68;-1,49;-3,09
68,952;0,68;-1,52;-3,06
68,953;0,69;-1,57;-3,04
68,954;0,68;-1,65;-2,98
68,955;0,69;-1,70;-2,94
68,956;0,68;-1,75;-2,90
68,958;0,70;-1,81;-2,86
69,013;0,73;-1,85;-2,80
69,014;0,79;-1,88;-2,79
69,015;0,86;-1,90;-2,77
69,018;0,93;-1,89;-2,78
69,019;1,05;-1,81;-2,81
69,020;1,06;-1,70;-2,84
69,021;1,04;-1,58;-2,87
69,022;1,01;-1,44;-2,91
69,023;0,95;-1,27;-2,95
69,024;0,87;-1,10;-2,99
69,025;0,78;-0,92;-3,03
69,027;0,69;-0,72;-3,06
69,033;0,54;-0,31;-3,10
69,034;0,49;-0,11;-3,10
69,035;0,46;0,10;-3,08
69,123;0,49;0,32;-3,06
69,125;0,56;0,49;-3,02
69,127;0,62;0,66;-2,96
69,129;0,75;0,77;-2,86
69,132;0,89;0,86;-2,71
69,133;1,25;0,87;-2,31
69,135;1,48;0,84;-2,05
69,144;1,74;0,81;-1,79
69,145;2,00;0,74;-1,51
69,147;2,29;0,65;-1,27
69,149;2,55;0,55;-1,04
69,150;2,77;0,42;-0,83
69,152;2,94;0,27;-0,69
69,153;3,11;-0,01;-0,47
69,154;3,08;-0,13;-0,44
69,156;2,98;-0,24;-0,43
69,157;2,84;-0,36;-0,46
69,159;2,63;-0,44;-0,52
69,161;2,39;-0,53;-0,57
69,162;2,11;-0,61;-0,63
69,163;1,83;-0,68;-0,70
69,165;1,26;-0,81;-0,78
69,166;0,97;-0,86;-0,79
69,167;0,71;-0,88;-0,77
69,168;0,45;-0,90;-0,74
69,169;0,21;-0,88;-0,68
69,171;-0,04;-0,81;-0,60
69,173;-0,27;-0,73;-0,50
69,220;-0,49;-0,63;-0,38
69,222;-0,86;-0,40;-0,12
69,224;-1,01;-0,30;0,00
69,225;-1,13;-0,20;0,13
69,226;-1,22;-0,14;0,24
69,227;-1,27;-0,11;0,36
69,230;-1,30;-0,09;0,45
69,231;-1,28;-0,09;0,55
69,232;-1,15;-0,13;0,73
69,233;-1,06;-0,17;0,84
69,234;-0,94;-0,22;0,92
69,235;-0,83;-0,27;1,02
69,298;-0,72;-0,33;1,12
69,299;-0,62;-0,37;1,23
69,300;-0,54;-0,42;1,35
69,301;-0,49;-0,42;1,46
69,303;-0,46;-0,38;1,68
69,304;-0,46;-0,34;1,78
69,305;-0,49;-0,27;1,87
69,306;-0,53;-0,19;1,97
69,307;-0,57;-0,11;2,06
69,308;-0,64;-0,01;2,15
69,309;-0,70;0,10;2,24
69,310;-0,76;0,22;2,32
69,312;-0,92;0,51;2,47
69,314;-0,98;0,66;2,52
69,315;-1,04;0,81;2,58
69,316;-1,11;0,97;2,62
69,318;-1,16;1,10;2,65
69,383;-1,19;1,24;2,68
69,386;-1,19;1,35;2,70
69,388;-1,17;1,45;2,70
69,390;-1,06;1,59;2,71
69,393;-0,98;1,66;2,70
69,394;-0,88;1,70;2,70
69,396;-0,78;1,72;2,71
69,398;-0,69;1,74;2,71
69,399;-0,60;1,76;2,70
69,401;-0,50;1,77;2,70
69,402;-0,40;1,77;2,71
69,403;-0,28;1,77;2,75
69,404;-0,24;1,77;2,78
69,406;-0,22;1,78;2,80
69,407;-0,22;1,78;2,84
69,408;-0,23;1,78;2,91
69,409;-0,24;1,76;2,98
69,411;-0,27;1,74;3,07
69,414;-0,30;1,73;3,16
69,483;-0,30;1,68;3,32
69,485;-0,28;1,65;3,38
69,486;-0,27;1,62;3,45
69,487;-0,22;1,58;3,50
69,488;-0,19;1,56;3,54
69,489;-0,16;1,53;3,58
69,490;-0,10;1,50;3,59
69,491;-0,08;1,46;3,60
69,492;0,01;1,40;3,60
69,493;0,05;1,37;3,61
69,494;0,09;1,35;3,60
69,495;0,12;1,33;3,60
69,498;0,15;1,33;3,60
69,499;0,17;1,34;3,59
69,500;0,17;1,34;3,60
69,501;0,18;1,36;3,60
69,502;0,19;1,42;3,61
69,503;0,20;1,45;3,62
69,565;0,19;1,49;3,63
69,566;0,19;1,53;3,62
69,567;0,16;1,56;3,63
69,568;0,14;1,60;3,66
69,569;0,11;1,63;3,66
69,570;0,08;1,67;3,67
69,571;0,03;1,72;3,68
69,573;-0,02;1,74;3,65
69,574;-0,03;1,75;3,61
69,575;-0,06;1,76;3,58
69,576;-0,09;1,76;3,53
69,577;-0,12;1,74;3,47
69,578;-0,13;1,73;3,40
69,584;-0,16;1,70;3,33
69,585;-0,21;1,65;3,15
69,586;-0,24;1,61;3,06
69,641;-0,26;1,57;2,96
69,643;-0,29;1,53;2,86
69,644;-0,30;1,48;2,76
69,645;-0,34;1,44;2,65
69,646;-0,36;1,39;2,54
69,647;-0,42;1,29;2,33
69,648;-0,48;1,25;2,21
69,649;-0,51;1,20;2,09
69,650;-0,56;1,16;1,99
69,651;-0,60;1,13;1,87
69,652;-0,65;1,08;1,76
69,653;-0,69;1,06;1,66
69,654;-0,72;1,02;1,55
69,655;-0,79;0,95;1,32
69,722;-0,79;0,91;1,21
69,723;-0,82;0,86;1,10
69,724;-0,84;0,81;0,98
69,725;-0,85;0,74;0,85
69,726;-0,85;0,67;0,73
69,727;-0,85;0,60;0,61
69,728;-0,86;0,52;0,47
69,732;-0,81;0,37;0,21
69,733;-0,78;0,27;0,09
69,734;-0,74;0,18;-0,04
69,736;-0,72;0,11;-0,16
69,737;-0,70;0,03;-0,30
69,738;-0,68;-0,05;-0,44
69,739;-0,67;-0,12;-0,58
69,741;-0,67;-0,19;-0,74
69,742;-0,68;-0,33;-1,07
69,744;-0,69;-0,40;-1,23
69,746;-0,71;-0,44;-1,43
69,749;-0,72;-0,52;-1,60
69,807;-0,71;-0,59;-1,78
69,808;-0,70;-0,64;-1,98
69,809;-0,67;-0,72;-2,14
69,811;-0,62;-0,79;-2,31
69,812;-0,50;-0,89;-2,59
69,813;-0,41;-0,94;-2,72
69,815;-0,33;-0,98;-2,81
69,816;-0,23;-1,00;-2,89
69,817;-0,11;-1,04;-2,95
69,818;-0,01;-1,05;-2,98
69,819;0,10;-1,06;-3,00
69,820;0,21;-1,06;-2,99
69,822;0,38;-1,05;-2,94
69,823;0,45;-1,03;-2,89
69,824;0,52;-1,01;-2,84
69,935;0,58;-0,98;-2,79
69,937;0,61;-0,94;-2,73
69,940;0,63;-0,91;-2,70
69,942;0,64;-0,87;-2,68
69,944;0,62;-0,82;-2,68
69,945;0,58;-0,77;-2,73
69,947;0,56;-0,76;-2,79
69,949;0,54;-0,78;-2,87
69,950;0,54;-0,80;-2,96
69,951;0,55;-0,83;-3,08
69,953;0,57;-0,86;-3,19
69,954;0,62;-0,92;-3,33
69,955;0,66;-0,98;-3,45
69,956;0,78;-1,08;-3,70
69,957;0,84;-1,13;-3,79
69,958;0,88;-1,18;-3,87
69,959;0,93;-1,20;-3,92
69,961;0,97;-1,21;-3,94
69,962;0,98;-1,22;-3,96
69,964;1,00;-1,21;-3,96
69,965;1,00;-1,20;-3,94
69,966;1,02;-1,17;-3,87
69,967;1,03;-1,16;-3,83
69,968;1,02;-1,13;-3,77
69,969;1,02;-1,10;-3,72
69,970;1,02;-1,09;-3,65
69,971;1,01;-1,07;-3,59
69,972;1,01;-1,06;-3,53
69,973;0,99;-1,03;-3,46
69,975;0,94;-1,02;-3,33
70,049;0,90;-1,03;-3,26
70,050;0,85;-1,04;-3,20
70,051;0,82;-1,07;-3,15
70,052;0,77;-1,10;-3,09
70,053;0,71;-1,15;-3,05
70,054;0,64;-1,20;-2,99
70,055;0,52;-1,35;-2,93
70,060;0,45;-1,42;-2,90
70,061;0,39;-1,50;-2,88
70,063;0,33;-1,58;-2,86
70,064;0,25;-1,65;-2,84
70,065;0,17;-1,72;-2,83
70,066;0,08;-1,79;-2,80
70,067;0,00;-1,85;-2,79
70,068;-0,15;-1,93;-2,75
70,069;-0,24;-1,95;-2,73
70,070;-0,31;-1,98;-2,71
70,071;-0,37;-1,98;-2,69
70,072;-0,45;-2,00;-2,65
70,087;-0,50;-1,97;-2,63
70,088;-0,55;-1,95;-2,60
70,089;-0,59;-1,91;-2,56
70,090;-0,63;-1,84;-2,50
70,145;-0,61;-1,81;-2,48
70,146;-0,61;-1,76;-2,45
70,147;-0,56;-1,71;-2,43
70,149;-0,52;-1,66;-2,41
70,150;-0,48;-1,57;-2,39
70,151;-0,43;-1,47;-2,36
70,152;-0,38;-1,35;-2,34
70,153;-0,30;-1,09;-2,27
70,155;-0,26;-0,94;-2,22
70,156;-0,21;-0,79;-2,16
70,157;-0,16;-0,68;-2,08
70,159;-0,12;-0,54;-2,00
70,160;-0,08;-0,41;-1,90
70,161;-0,03;-0,28;-1,82
70,228;0,01;-0,17;-1,72
70,229;0,08;0,02;-1,56
70,231;0,12;0,12;-1,49
70,233;0,16;0,17;-1,43
70,234;0,20;0,19;-1,38
70,235;0,26;0,21;-1,33
70,236;0,32;0,22;-1,28
70,237;0,37;0,21;-1,25
70,237;0,44;0,21;-1,22
70,243;0,55;0,15;-1,14
70,244;0,61;0,14;-1,09
70,248;0,65;0,13;-1,04
70,250;0,71;0,12;-0,97
70,251;0,75;0,13;-0,89
70,252;0,78;0,13;-0,81
70,253;0,81;0,14;-0,71
70,254;0,83;0,13;-0,61
70,255;0,85;0,13;-0,35
70,256;0,81;0,14;-0,19
70,307;0,76;0,15;-0,05
70,308;0,67;0,17;0,11
70,309;0,56;0,21;0,27
70,310;0,43;0,25;0,40
70,311;0,31;0,29;0,51
70,316;0,17;0,31;0,61
70,318;-0,06;0,33;0,77
70,319;-0,16;0,31;0,84
70,320;-0,22;0,26;0,89
70,321;-0,26;0,24;0,96
70,322;-0,28;0,22;1,05
70,323;-0,28;0,18;1,13
70,324;-0,26;0,16;1,24
70,325;-0,24;0,13;1,36
70,384;-0,22;0,11;1,64
70,386;-0,24;0,13;1,78
70,387;-0,24;0,13;1,94
70,389;-0,29;0,16;2,08
70,390;-0,32;0,18;2,22
70,391;-0,39;0,24;2,34
70,392;-0,46;0,29;2,47
70,393;-0,54;0,34;2,58
70,394;-0,71;0,48;2,76
70,395;-0,81;0,59;2,84
70,396;-0,92;0,66;2,89
70,397;-1,00;0,75;2,95
70,398;-1,07;0,83;3,01
70,399;-1,14;0,92;3,04
70,400;-1,19;0,99;3,06
70,446;-1,20;1,11;3,10
70,449;-1,19;1,16;3,11
70,450;-1,15;1,20;3,11
70,451;-1,08;1,23;3,11
70,452;-1,00;1,26;3,12
70,453;-0,90;1,29;3,12
70,454;-0,80;1,30;3,12
70,455;-0,69;1,34;3,13
70,456;-0,44;1,40;3,17
70,457;-0,32;1,43;3,20
70,458;-0,20;1,48;3,24
70,459;-0,08;1,51;3,27
70,545;0,02;1,55;3,32
70,552;0,12;1,58;3,35
70,554;0,21;1,63;3,41
70,555;0,31;1,68;3,45
70,557;0,46;1,79;3,54
70,558;0,53;1,83;3,57
70,559;0,59;1,88;3,61
70,561;0,65;1,92;3,66
70,562;0,70;1,94;3,68
70,564;0,75;1,98;3,71
70,565;0,79;2,00;3,73
70,567;0,85;2,02;3,75
70,568;0,91;2,05;3,76
70,569;0,95;2,07;3,76
70,571;1,00;2,08;3,76
70,572;1,03;2,09;3,75
70,574;1,08;2,09;3,75
70,575;1,09;2,09;3,74
70,576;1,11;2,10;3,71
70,577;1,14;2,13;3,70
70,579;1,12;2,14;3,67
70,580;1,11;2,13;3,64
70,595;1,10;2,16;3,65
70,596;1,07;2,16;3,63
70,597;1,05;2,17;3,62
70,598;1,00;2,19;3,61
70,599;0,97;2,19;3,59
70,600;0,91;2,21;3,58
70,662;0,80;2,24;3,56
70,663;0,75;2,24;3,55
70,669;0,68;2,25;3,54
70,670;0,61;2,26;3,51
70,671;0,56;2,26;3,50
70,672;0,49;2,26;3,48
70,673;0,42;2,26;3,46
70,675;0,35;2,26;3,43
70,676;0,21;2,22;3,35
70,677;0,14;2,19;3,29
70,678;0,07;2,15;3,25
70,679;-0,00;2,13;3,18
70,680;-0,06;2,08;3,10
70,681;-0,14;2,05;3,03
70,683;-0,19;1,98;2,95
70,684;-0,26;1,92;2,86
70,685;-0,37;1,78;2,67
70,766;-0,44;1,70;2,57
70,775;-0,50;1,61;2,47
70,778;-0,54;1,55;2,37
70,781;-0,60;1,47;2,27
70,784;-0,64;1,39;2,16
70,786;-0,69;1,33;2,05
70,788;-0,74;1,25;1,94
70,791;-0,84;1,11;1,72
70,793;-0,90;1,03;1,60
70,796;-0,97;0,95;1,49
70,798;-1,02;0,88;1,37
70,801;-1,07;0,81;1,25
70,803;-1,13;0,76;1,13
70,804;-1,18;0,70;1,01
70,805;-1,21;0,64;0,89
70,806;-1,29;0,53;0,64
70,807;-1,29;0,46;0,51
70,809;-1,29;0,40;0,39
70,810;-1,28;0,32;0,28
70,811;-1,25;0,25;0,18
70,812;-1,23;0,18;0,05
70,813;-1,21;0,09;-0,04
70,815;-1,15;-0,04;-0,25
70,816;-1,15;-0,10;-0,34
70,817;-1,14;-0,16;-0,46
70,818;-1,15;-0,22;-0,58
70,820;-1,14;-0,29;-0,70
70,870;-1,17;-0,35;-0,83
70,871;-1,18;-0,42;-0,96
70,873;-1,17;-0,49;-1,10
70,874;-1,17;-0,65;-1,37
70,875;-1,14;-0,72;-1,51
70,876;-1,10;-0,81;-1,66
70,877;-1,02;-0,89;-1,79
70,878;-0,93;-0,98;-1,93
70,879;-0,81;-1,07;-2,05
70,880;-0,69;-1,17;-2,17
70,881;-0,53;-1,25;-2,28
70,882;-0,21;-1,40;-2,44
70,960;-0,06;-1,46;-2,50
70,962;0,08;-1,52;-2,54
70,964;0,21;-1,55;-2,55
70,965;0,29;-1,59;-2,56
70,968;0,38;-1,60;-2,56
70,970;0,44;-1,61;-2,56
70,971;0,48;-1,60;-2,54
70,972;0,49;-1,59;-2,55
70,973;0,48;-1,58;-2,56
70,975;0,42;-1,55;-2,59
70,976;0,39;-1,55;-2,61
70,977;0,36;-1,54;-2,64
70,978;0,32;-1,53;-2,69
70,980;0,29;-1,54;-2,76
70,981;0,26;-1,55;-2,83
70,982;0,24;-1,58;-3,04
70,984;0,23;-1,60;-3,18
70,986;0,21;-1,64;-3,32
70,987;0,21;-1,69;-3,47
70,988;0,19;-1,71;-3,61
70,989;0,17;-1,76;-3,77
70,990;0,13;-1,79;-3,92
71,037;0,09;-1,81;-4,06
71,039;0,00;-1,84;-4,27
71,040;-0,06;-1,83;-4,35
71,041;-0,10;-1,83;-4,42
71,043;-0,15;-1,83;-4,48
71,044;-0,21;-1,80;-4,53
71,045;-0,25;-1,80;-4,58
71,046;-0,29;-1,80;-4,61
71,047;-0,34;-1,78;-4,64
71,048;-0,41;-1,77;-4,64
71,049;-0,44;-1,77;-4,64
71,051;-0,45;-1,76;-4,63
71,157;-0,46;-1,77;-4,61
71,160;-0,44;-1,76;-4,57
71,163;-0,44;-1,76;-4,55
71,166;-0,40;-1,75;-4,52
71,185;-0,38;-1,77;-4,49
71,186;-0,34;-1,77;-4,40
71,187;-0,31;-1,79;-4,36
71,188;-0,30;-1,79;-4,31
71,192;-0,28;-1,83;-4,26
71,198;-0,28;-1,85;-4,20
71,200;-0,26;-1,87;-4,14
71,201;-0,26;-1,89;-4,07
71,203;-0,25;-1,93;-4,02
71,205;-0,24;-1,96;-3,88
71,206;-0,24;-1,94;-3,80
71,208;-0,23;-1,93;-3,71
71,209;-0,23;-1,91;-3,65
71,211;-0,24;-1,85;-3,57
71,213;-0,22;-1,80;-3,51
71,214;-0,22;-1,73;-3,44
71,216;-0,21;-1,65;-3,36
71,217;-0,17;-1,46;-3,19
71,218;-0,12;-1,37;-3,08
71,219;-0,07;-1,27;-2,97
71,221;0,00;-1,18;-2,88
71,225;0,07;-1,09;-2,77
71,226;0,13;-1,00;-2,66
71,227;0,19;-0,89;-2,54
71,228;0,26;-0,66;-2,30
71,231;0,27;-0,56;-2,18
71,233;0,23;-0,47;-2,05
71,234;0,17;-0,36;-1,95
71,235;0,12;-0,27;-1,86
71,236;0,03;-0,20;-1,79
71,237;-0,05;-0,12;-1,71
71,238;-0,15;-0,07;-1,66
71,239;-0,32;0,01;-1,60
71,240;-0,38;0,01;-1,59
71,293;-0,44;-0,01;-1,61
71,301;-0,48;-0,06;-1,65
71,303;-0,47;-0,14;-1,71
71,306;-0,45;-0,24;-1,76
71,308;-0,40;-0,34;-1,85
71,310;-0,32;-0,46;-1,93
71,313;-0,15;-0,63;-2,05
71,316;-0,05;-0,69;-2,08
71,320;0,03;-0,71;-2,11
71,323;0,13;-0,70;-2,09
71,327;0,22;-0,66;-2,05
71,329;0,34;-0,62;-2,01
71,332;0,44;-0,53;-1,96
71,335;0,56;-0,44;-1,87
71,337;0,82;-0,24;-1,64
71,342;0,96;-0,12;-1,49
71,343;1,06;-0,00;-1,33
71,345;1,18;0,09;-1,14
71,346;1,28;0,19;-0,93
71,347;1,36;0,30;-0,73
71,348;1,39;0,42;-0,50
71,350;1,41;0,54;-0,29
71,408;1,31;0,76;0,11
71,411;1,24;0,85;0,26
71,412;1,18;0,92;0,41
71,413;1,10;0,96;0,53
71,414;1,02;0,96;0,62
71,415;0,93;0,95;0,70
71,416;0,88;0,92;0,76
71,417;0,81;0,85;0,82
71,418;0,68;0,68;0,90
71,419;0,62;0,57;0,96
71,420;0,56;0,45;1,02
71,422;0,50;0,33;1,07
71,423;0,44;0,20;1,16
71,424;0,39;0,11;1,26
71,425;0,33;0,01;1,35
71,511;0,28;-0,08;1,47
71,513;0,18;-0,19;1,72
71,515;0,12;-0,20;1,84
71,516;0,07;-0,20;1,96
71,518;0,00;-0,18;2,09
71,520;-0,09;-0,12;2,20
71,523;-0,18;-0,04;2,30
71,525;-0,29;0,06;2,41
71,526;-0,41;0,19;2,50
71,527;-0,66;0,44;2,67
71,528;-0,78;0,59;2,73
71,530;-0,91;0,74;2,78
71,533;-1,01;0,91;2,82
71,534;-1,09;1,06;2,84
71,535;-1,15;1,19;2,86
71,537;-1,19;1,30;2,87
71,538;-1,18;1,39;2,86
71,539;-1,09;1,58;2,87
71,540;-1,03;1,62;2,87
71,542;-0,95;1,68;2,89
71,543;-0,86;1,72;2,90
71,544;-0,75;1,75;2,93
71,545;-0,65;1,80;2,97
71,546;-0,54;1,81;3,03
71,604;-0,40;1,84;3,09
71,605;-0,16;1,87;3,24
71,607;-0,04;1,90;3,32
71,608;0,05;1,91;3,38
71,609;0,14;1,92;3,46
71,623;0,21;1,94;3,53
71,629;0,27;1,97;3,60
71,630;0,32;1,98;3,67
71,631;0,43;2,06;3,79
71,632;0,48;2,10;3,84
71,633;0,51;2,15;3,88
71,635;0,52;2,20;3,92
71,636;0,54;2,23;3,97
71,638;0,55;2,27;4,01
71,640;0,55;2,31;4,05
71,641;0,54;2,33;4,09
71,642;0,54;2,35;4,15
71,644;0,54;2,37;4,19
71,645;0,54;2,36;4,22
71,646;0,54;2,35;4,25
71,715;0,53;2,33;4,26
71,717;0,52;2,30;4,26
71,718;0,49;2,27;4,26
71,720;0,44;2,23;4,25
71,721;0,32;2,16;4,19
71,723;0,24;2,11;4,15
71,726;0,16;2,09;4,11
71,727;0,08;2,07;4,09
71,728;0,01;2,05;4,04
71,729;-0,08;2,01;4,01
71,730;-0,16;1,99;3,96
71,732;-0,25;1,97;3,91
71,733;-0,44;1,93;3,80
71,735;-0,55;1,92;3,76
71,737;-0,66;1,89;3,71
71,738;-0,74;1,87;3,66
71,739;-0,84;1,84;3,59
71,741;-0,93;1,82;3,52
71,743;-1,01;1,77;3,45
71,745;-1,06;1,74;3,36
71,795;-1,18;1,65;3,19
71,797;-1,23;1,60;3,11
71,798;-1,28;1,54;3,01
71,799;-1,30;1,49;2,91
71,801;-1,32;1,44;2,82
71,802;-1,33;1,38;2,73
71,804;-1,33;1,33;2,62
71,805;-1,33;1,28;2,52
71,807;-1,34;1,15;2,30
71,808;-1,33;1,10;2,20
71,809;-1,31;1,07;2,09
71,810;-1,30;1,04;1,98
71,811;-1,30;1,00;1,85
71,876;-1,29;0,98;1,75
71,877;-1,27;0,95;1,62
71,878;-1,24;0,93;1,50
71,879;-1,18;0,87;1,27
71,881;-1,15;0,83;1,14
71,883;-1,09;0,80;1,02
71,884;-1,04;0,76;0,91
71,885;-0,97;0,72;0,79
71,886;-0,90;0,68;0,68
71,889;-0,81;0,64;0,58
71,891;-0,72;0,61;0,47
71,892;-0,54;0,51;0,29
71,893;-0,43;0,44;0,22
71,894;-0,35;0,40;0,16
71,895;-0,28;0,34;0,09
71,896;-0,22;0,29;0,04
71,897;-0,17;0,25;-0,04
71,948;-0,13;0,20;-0,12
71,949;-0,09;0,14;-0,21
71,951;-0,09;0,01;-0,44
71,953;-0,08;-0,07;-0,59
71,953;-0,05;-0,15;-0,76
71,955;-0,04;-0,25;-0,93
71,956;-0,00;-0,36;-1,11
71,956;0,04;-0,47;-1,29
71,957;0,09;-0,57;-1,46
71,958;0,17;-0,69;-1,63
71,959;0,31;-0,94;-1,92
71,960;0,40;-1,03;-2,05
71,961;0,48;-1,13;-2,14
72,010;0,56;-1,22;-2,23
72,012;0,63;-1,29;-2,28
72,013;0,71;-1,36;-2,33
72,015;0,77;-1,43;-2,36
72,016;0,82;-1,49;-2,39
72,017;0,87;-1,58;-2,39
72,017;0,86;-1,59;-2,38
72,018;0,84;-1,61;-2,38
72,019;0,80;-1,62;-2,37
72,021;0,73;-1,62;-2,39
72,022;0,66;-1,63;-2,38
72,023;0,58;-1,61;-2,42
72,074;0,41;-1,59;-2,49
72,075;0,33;-1,58;-2,57
72,082;0,26;-1,57;-2,65
72,083;0,21;-1,60;-2,76
72,084;0,17;-1,61;-2,87
72,085;0,16;-1,65;-3,03
72,085;0,17;-1,70;-3,18
72,086;0,18;-1,73;-3,36
72,087;0,25;-1,83;-3,68
72,088;0,28;-1,89;-3,84
72,095;0,31;-1,94;-3,99
72,096;0,38;-2,00;-4,11
72,097;0,40;-2,01;-4,21
72,098;0,44;-2,04;-4,30
72,099;0,48;-2,04;-4,35
72,101;0,52;-2,05;-4,40
72,140;0,57;-2,00;-4,44
72,141;0,62;-1,99;-4,43
72,142;0,63;-1,97;-4,40
72,143;0,66;-1,94;-4,38
72,144;0,68;-1,90;-4,33
72,145;0,71;-1,86;-4,29
72,146;0,74;-1,82;-4,22
72,147;0,78;-1,78;-4,17
72,148;0,84;-1,70;-4,03
72,150;0,87;-1,65;-3,96
72,196;0,92;-1,61;-3,90
72,197;0,95;-1,57;-3,85
72,198;0,99;-1,54;-3,80
72,199;1,02;-1,52;-3,75
72,200;1,05;-1,48;-3,70
72,201;1,06;-1,46;-3,67
72,202;1,10;-1,43;-3,58
72,203;1,08;-1,45;-3,55
72,203;1,08;-1,46;-3,52
72,204;1,07;-1,46;-3,48
72,205;1,03;-1,47;-3,42
72,244;0,99;-1,50;-3,38
72,246;0,92;-1,49;-3,33
72,246;0,85;-1,50;-3,26
72,247;0,68;-1,46;-3,11
72,248;0,58;-1,42;-3,03
72,249;0,48;-1,38;-2,93
72,250;0,37;-1,34;-2,83
72,250;0,27;-1,30;-2,71
72,252;0,16;-1,24;-2,62
72,256;0,06;-1,18;-2,53
72,329;-0,05;-1,11;-2,46
72,330;-0,22;-0,99;-2,30
72,331;-0,28;-0,92;-2,25
72,332;-0,31;-0,86;-2,20
72,333;-0,33;-0,83;-2,15
72,335;-0,31;-0,80;-2,11
72,337;-0,28;-0,79;-2,09
72,343;-0,24;-0,81;-2,04
72,346;-0,19;-0,82;-2,02
72,347;-0,05;-0,86;-1,96
72,349;-0,02;-0,88;-1,93
72,351;0,03;-0,88;-1,88
72,353;0,04;-0,89;-1,84
72,354;0,07;-0,90;-1,79
72,355;0,05;-0,91;-1,74
72,356;0,04;-0,91;-1,68
72,357;0,02;-0,92;-1,64
72,358;-0,04;-0,94;-1,54
72,360;-0,05;-0,94;-1,49
72,361;-0,07;-0,95;-1,45
72,362;-0,08;-0,93;-1,42
72,415;-0,09;-0,90;-1,39
72,416;-0,09;-0,85;-1,35
72,417;-0,09;-0,79;-1,33
72,418;-0,07;-0,72;-1,29
72,419;0,01;-0,59;-1,20
72,419;0,07;-0,52;-1,14
72,420;0,12;-0,45;-1,07
72,421;0,20;-0,37;-0,99
72,422;0,26;-0,31;-0,90
72,423;0,35;-0,24;-0,79
72,424;0,40;-0,18;-0,66
72,425;0,43;-0,04;-0,41
72,426;0,40;0,03;-0,25
72,465;0,33;0,10;-0,12
72,466;0,25;0,19;0,01
72,467;0,17;0,26;0,12
72,468;0,10;0,33;0,21
72,468;0,04;0,39;0,29
72,469;-0,01;0,43;0,36
72,470;-0,04;0,47;0,46
72,471;-0,03;0,46;0,52
72,471;-0,01;0,46;0,57
72,555;0,03;0,46;0,63
72,557;0,08;0,44;0,69
72,558;0,14;0,43;0,79
72,560;0,20;0,43;0,91
72,562;0,27;0,44;1,04
72,563;0,35;0,48;1,35
72,564;0,40;0,51;1,50
72,565;0,40;0,54;1,66
72,566;0,39;0,58;1,82
72,568;0,39;0,63;1,98
72,569;0,35;0,68;2,10
72,570;0,30;0,74;2,24
72,572;0,23;0,82;2,37
72,575;0,05;0,98;2,59
72,576;-0,07;1,09;2,67
72,577;-0,20;1,19;2,76
72,578;-0,35;1,29;2,83
72,582;-0,48;1,40;2,89
72,583;-0,60;1,50;2,93
72,584;-0,72;1,61;2,95
72,591;-0,82;1,70;2,97
72,592;-0,95;1,86;2,98
72,593;-0,96;1,90;2,97
72,594;-0,96;1,94;2,96
72,596;-0,93;1,98;2,95
72,658;-0,91;1,99;2,94
72,659;-0,85;2,02;2,95
72,660;-0,77;2,02;2,95
72,662;-0,71;2,02;2,96
72,663;-0,56;2,05;3,00
72,664;-0,48;2,07;3,04
72,665;-0,42;2,07;3,08
72,666;-0,35;2,11;3,10
72,667;-0,30;2,15;3,15
72,668;-0,24;2,18;3,19
72,669;-0,22;2,20;3,24
72,671;-0,19;2,21;3,31
72,672;-0,13;2,22;3,46
72,673;-0,08;2,23;3,52
72,674;-0,04;2,23;3,59
72,676;0,00;2,20;3,66
72,730;0,03;2,18;3,70
72,732;0,07;2,16;3,75
72,733;0,08;2,15;3,80
72,734;0,11;2,12;3,84
72,735;0,12;2,06;3,90
72,736;0,13;2,03;3,92
72,737;0,14;2,02;3,93
72,738;0,11;1,99;3,95
72,739;0,11;1,97;3,94
72,740;0,09;1,97;3,96
72,741;0,08;1,97;3,95
72,742;0,06;1,96;3,95
72,743;-0,01;1,93;3,90
72,812;-0,08;1,92;3,88
72,813;-0,12;1,92;3,86
72,814;-0,20;1,91;3,84
72,815;-0,25;1,91;3,81
72,817;-0,31;1,91;3,78
72,817;-0,37;1,90;3,77
72,818;-0,42;1,91;3,76
72,819;-0,53;1,87;3,73
72,820;-0,59;1,86;3,71
72,822;-0,66;1,86;3,68
72,823;-0,71;1,84;3,67
72,823;-0,76;1,83;3,64
72,824;-0,81;1,80;3,60
72,826;-0,86;1,79;3,56
72,826;-0,92;1,70;3,44
72,827;-0,96;1,65;3,37
72,828;-0,97;1,59;3,27
72,925;-1,00;1,52;3,19
72,929;-1,01;1,46;3,10
72,931;-1,02;1,39;3,00
72,934;-1,01;1,33;2,90
72,936;-1,04;1,27;2,80
72,942;-1,07;1,17;2,58
72,944;-1,07;1,10;2,46
72,947;-1,10;1,07;2,35
72,948;-1,11;1,02;2,22
72,951;-1,13;0,99;2,12
72,953;-1,15;0,94;2,00
72,955;-1,17;0,92;1,87
72,957;-1,20;0,89;1,76
72,959;-1,26;0,82;1,52
72,962;-1,27;0,80;1,40
72,964;-1,31;0,77;1,28
72,965;-1,34;0,75;1,16
72,967;-1,37;0,71;1,02
72,969;-1,40;0,68;0,90
72,971;-1,41;0,65;0,77
72,972;-1,42;0,60;0,65
72,973;-1,37;0,52;0,40
72,974;-1,35;0,45;0,28
72,976;-1,32;0,40;0,16
72,977;-1,26;0,35;0,07
72,978;-1,22;0,30;-0,03
72,980;-1,18;0,24;-0,13
72,982;-1,14;0,21;-0,24
72,983;-1,10;0,15;-0,34
72,984;-1,00;0,02;-0,60
72,986;-0,96;-0,03;-0,74
72,987;-0,91;-0,12;-0,88
73,047;-0,86;-0,19;-1,02
73,048;-0,81;-0,27;-1,17
73,049;-0,74;-0,35;-1,34
73,051;-0,69;-0,43;-1,49
73,055;-0,61;-0,53;-1,66
73,056;-0,41;-0,71;-2,01
73,057;-0,30;-0,80;-2,17
73,058;-0,18;-0,91;-2,33
73,060;-0,06;-0,98;-2,47
73,062;0,06;-1,07;-2,59
73,063;0,18;-1,14;-2,70
73,064;0,32;-1,22;-2,80
73,065;0,45;-1,28;-2,88
73,066;0,68;-1,37;-3,01
73,068;0,80;-1,40;-3,04
73,069;0,89;-1,41;-3,07
73,153;0,99;-1,42;-3,07
73,162;1,06;-1,43;-3,08
73,163;1,12;-1,40;-3,06
73,164;1,18;-1,38;-3,05
73,165;1,22;-1,35;-3,03
73,166;1,30;-1,27;-3,02
73,168;1,36;-1,23;-3,03
73,169;1,39;-1,21;-3,05
73,170;1,44;-1,20;-3,04
73,171;1,51;-1,20;-3,06
73,172;1,59;-1,21;-3,10
73,173;1,69;-1,24;-3,14
73,174;1,79;-1,29;-3,19
73,175;2,02;-1,43;-3,33
73,176;2,14;-1,48;-3,40
73,177;2,24;-1,56;-3,48
73,178;2,34;-1,63;-3,52
73,179;2,41;-1,67;-3,57
73,180;2,46;-1,71;-3,59
73,181;2,50;-1,74;-3,62
73,182;2,52;-1,72;-3,60
73,183;2,53;-1,73;-3,55
73,184;2,53;-1,71;-3,53
73,187;2,53;-1,68;-3,48
73,233;2,49;-1,64;-3,43
73,235;2,47;-1,61;-3,38
73,236;2,43;-1,58;-3,30
73,238;2,38;-1,55;-3,24
73,239;2,24;-1,50;-3,12
73,240;2,16;-1,49;-3,06
73,241;2,09;-1,48;-3,01
73,242;2,00;-1,49;-2,95
73,243;1,90;-1,50;-2,92
73,244;1,83;-1,51;-2,88
73,245;1,74;-1,55;-2,86
73,246;1,66;-1,60;-2,83
73,340;1,50;-1,68;-2,77
73,349;1,42;-1,72;-2,74
73,354;1,35;-1,78;-2,70
73,359;1,27;-1,84;-2,68
73,365;1,18;-1,91;-2,65
73,368;1,13;-1,95;-2,62
73,369;1,01;-2,03;-2,60
73,372;0,92;-2,09;-2,58
73,374;0,71;-2,20;-2,57
73,376;0,59;-2,23;-2,53
73,378;0,46;-2,28;-2,53
73,380;0,31;-2,30;-2,53
73,382;0,16;-2,31;-2,51
73,383;0,00;-2,33;-2,51
73,385;-0,16;-2,32;-2,50
73,386;-0,31;-2,30;-2,51
73,388;-0,59;-2,27;-2,51
73,389;-0,73;-2,25;-2,51
73,390;-0,84;-2,24;-2,53
73,392;-0,94;-2,23;-2,53
73,394;-1,05;-2,24;-2,55
73,395;-1,13;-2,22;-2,57
73,396;-1,20;-2,23;-2,58
73,398;-1,26;-2,21;-2,60
73,399;-1,35;-2,16;-2,62
73,400;-1,40;-2,13;-2,63
73,402;-1,43;-2,11;-2,64
73,403;-1,46;-2,08;-2,63
73,405;-1,48;-2,04;-2,65
73,406;-1,49;-2,00;-2,64
73,408;-1,47;-1,96;-2,65
73,409;-1,45;-1,90;-2,63
73,476;-1,37;-1,85;-2,64
73,477;-1,33;-1,84;-2,62
73,478;-1,27;-1,79;-2,62
73,479;-1,22;-1,77;-2,61
73,480;-1,16;-1,73;-2,58
73,481;-1,12;-1,66;-2,55
73,482;-1,06;-1,60;-2,53
73,483;-0,99;-1,50;-2,46
73,484;-0,87;-1,25;-2,34
73,485;-0,80;-1,06;-2,30
73,486;-0,71;-0,82;-2,25
73,487;-0,62;-0,59;-2,20
73,488;-0,51;-0,39;-2,09
73,488;-0,40;-0,18;-1,98
73,489;-0,31;-0,02;-1,83
73,490;-0,24;0,13;-1,64
73,491;-0,07;0,34;-1,19
73,589;-0,01;0,42;-0,91
73,591;0,03;0,49;-0,61
73,593;0,04;0,52;-0,30
73,594;0,03;0,54;0,00
73,596;0,01;0,53;0,26
73,598;-0,03;0,51;0,50
73,599;-0,08;0,45;0,72
73,600;-0,20;0,30;1,00
73,603;-0,27;0,19;1,10
73,604;-0,33;0,10;1,16
73,605;-0,40;-0,00;1,20
73,606;-0,45;-0,09;1,23
73,608;-0,52;-0,19;1,24
73,609;-0,56;-0,23;1,27
73,610;-0,59;-0,30;1,32
73,611;-0,65;-0,36;1,48
73,619;-0,70;-0,37;1,59
73,620;-0,74;-0,38;1,71
73,623;-0,79;-0,37;1,85
73,624;-0,84;-0,34;1,99
73,625;-0,87;-0,30;2,13
73,626;-0,92;-0,25;2,28
73,627;-1,01;-0,13;2,56
73,628;-1,04;-0,07;2,70
73,629;-1,07;0,02;2,84
73,630;-1,11;0,09;2,97
73,632;-1,14;0,18;3,09
73,633;-1,18;0,26;3,20
73,693;-1,20;0,34;3,29
73,694;-1,22;0,42;3,38
73,695;-1,25;0,59;3,54
73,696;-1,25;0,67;3,59
73,697;-1,24;0,75;3,64
73,699;-1,21;0,81;3,67
73,700;-1,17;0,89;3,70
73,701;-1,15;0,93;3,70
73,703;-1,12;0,97;3,72
73,704;-1,08;1,04;3,71
73,705;-0,98;1,14;3,71
73,706;-0,95;1,18;3,72
73,707;-0,90;1,23;3,71
73,708;-0,86;1,26;3,72
73,709;-0,81;1,30;3,72
73,815;-0,78;1,33;3,74
73,816;-0,72;1,36;3,76
73,817;-0,67;1,40;3,75
73,819;-0,57;1,46;3,80
73,820;-0,53;1,49;3,83
73,821;-0,48;1,51;3,87
73,822;-0,40;1,52;3,91
73,823;-0,33;1,53;3,96
73,824;-0,21;1,54;4,00
73,825;-0,11;1,52;4,04
73,826;0,00;1,50;4,07
73,827;0,24;1,47;4,12
73,828;0,35;1,45;4,16
73,829;0,45;1,44;4,18
73,830;0,56;1,43;4,20
73,831;0,64;1,42;4,22
73,832;0,75;1,41;4,22
73,833;0,82;1,43;4,22
73,833;0,89;1,44;4,22
73,834;1,00;1,48;4,20
73,835;1,05;1,51;4,19
73,836;1,07;1,56;4,16
73,837;1,09;1,56;4,14
73,839;1,10;1,59;4,11
73,840;1,09;1,61;4,06
73,841;1,08;1,64;4,02
73,842;1,07;1,67;4,00
73,918;1,05;1,76;3,97
73,919;1,03;1,80;3,96
73,920;1,00;1,82;3,93
73,922;0,97;1,85;3,91
73,923;0,94;1,87;3,89
73,924;0,91;1,90;3,86
73,924;0,87;1,91;3,83
73,925;0,83;1,94;3,78
73,926;0,76;1,95;3,68
73,927;0,71;1,95;3,62
73,928;0,68;1,95;3,55
73,929;0,64;1,93;3,45
73,930;0,61;1,91;3,38
73,931;0,58;1,90;3,29
73,932;0,54;1,86;3,18
73,933;0,50;1,83;3,07
73,934;0,43;1,74;2,83
73,935;0,38;1,70;2,72
74,033;0,33;1,66;2,59
74,038;0,30;1,61;2,45
74,043;0,25;1,57;2,31
74,044;0,20;1,54;2,17
74,046;0,15;1,49;2,02
74,047;0,10;1,44;1,87
74,048;-0,00;1,32;1,56
74,049;-0,05;1,28;1,42
74,050;-0,11;1,22;1,26
74,052;-0,18;1,17;1,11
74,053;-0,25;1,12;0,97
74,054;-0,33;1,07;0,85
74,055;-0,40;1,02;0,74
74,056;-0,55;0,91;0,50
74,058;-0,61;0,87;0,38
74,059;-0,67;0,81;0,28
74,060;-0,71;0,74;0,17
74,061;-0,74;0,68;0,06
74,063;-0,75;0,61;-0,03
74,064;-0,77;0,52;-0,13
74,065;-0,76;0,42;-0,22
74,066;-0,75;0,22;-0,37
74,067;-0,74;0,13;-0,44
74,069;-0,72;0,04;-0,53
74,070;-0,70;-0,04;-0,60
74,071;-0,68;-0,14;-0,70
74,072;-0,67;-0,24;-0,79
74,073;-0,66;-0,33;-0,90
74,079;-0,65;-0,42;-1,00
74,128;-0,64;-0,59;-1,26
74,130;-0,64;-0,68;-1,40
74,131;-0,62;-0,77;-1,53
74,133;-0,60;-0,85;-1,69
74,134;-0,53;-0,94;-1,84
74,135;-0,48;-1,03;-2,00
74,136;-0,45;-1,10;-2,13
74,137;-0,37;-1,19;-2,26
74,138;-0,25;-1,34;-2,47
74,139;-0,19;-1,41;-2,54
74,140;-0,14;-1,46;-2,62
74,141;-0,09;-1,48;-2,67
74,143;-0,03;-1,54;-2,71
74,206;0,01;-1,55;-2,73
74,208;0,07;-1,59;-2,75
74,209;0,10;-1,59;-2,75
74,210;0,17;-1,58;-2,73
74,211;0,19;-1,56;-2,73
74,213;0,20;-1,55;-2,71
74,214;0,20;-1,52;-2,73
74,215;0,19;-1,51;-2,73
74,216;0,16;-1,48;-2,74
74,217;0,14;-1,47;-2,78
74,218;0,13;-1,44;-2,82
74,219;0,09;-1,41;-2,93
74,220;0,10;-1,41;-3,03
74,221;0,11;-1,41;-3,12
74,222;0,13;-1,43;-3,26
74,223;0,17;-1,46;-3,39
74,281;0,23;-1,48;-3,52
74,282;0,28;-1,51;-3,65
74,283;0,34;-1,55;-3,79
74,284;0,50;-1,60;-4,00
74,285;0,57;-1,63;-4,07
74,286;0,63;-1,65;-4,14
74,287;0,71;-1,66;-4,19
74,287;0,78;-1,68;-4,23
74,288;0,84;-1,68;-4,26
74,289;0,90;-1,68;-4,26
74,290;0,96;-1,69;-4,26
74,290;1,07;-1,69;-4,20
74,291;1,12;-1,67;-4,18
74,292;1,18;-1,66;-4,14
74,336;1,23;-1,67;-4,10
74,337;1,27;-1,64;-4,07
74,338;1,34;-1,64;-4,03
74,339;1,38;-1,60;-3,99
74,339;1,43;-1,57;-3,95
74,340;1,49;-1,49;-3,87
74,341;1,51;-1,45;-3,82
74,341;1,50;-1,41;-3,78
74,342;1,52;-1,37;-3,74
74,343;1,52;-1,33;-3,71
74,347;1,52;-1,30;-3,67
74,405;1,52;-1,26;-3,65
74,406;1,52;-1,21;-3,63
74,408;1,53;-1,13;-3,57
74,409;1,54;-1,12;-3,55
74,412;1,54;-1,08;-3,54
74,412;1,55;-1,07;-3,52
74,413;1,55;-1,04;-3,50
74,414;1,55;-1,02;-3,48
74,415;1,55;-0,99;-3,46
74,415;1,55;-0,91;-3,42
74,416;1,54;-0,87;-3,38
74,417;1,51;-0,81;-3,36
74,417;1,48;-0,76;-3,30
74,418;1,44;-0,71;-3,26
74,463;1,39;-0,66;-3,18
74,464;1,35;-0,60;-3,11
74,465;1,30;-0,56;-3,04
74,466;1,18;-0,52;-2,88
74,467;1,11;-0,52;-2,82
74,468;1,02;-0,53;-2,74
74,469;0,91;-0,58;-2,67
74,470;0,80;-0,63;-2,61
74,470;0,69;-0,73;-2,57
74,471;0,57;-0,83;-2,53
74,472;0,43;-0,94;-2,49
74,539;0,12;-1,16;-2,45
74,542;-0,04;-1,28;-2,41
74,543;-0,21;-1,40;-2,38
74,545;-0,38;-1,50;-2,35
74,546;-0,53;-1,58;-2,31
74,549;-0,65;-1,67;-2,29
74,550;-0,75;-1,72;-2,23
74,552;-0,84;-1,78;-2,18
74,553;-0,89;-1,84;-2,08
74,554;-0,91;-1,86;-2,02
74,555;-0,91;-1,86;-1,95
74,556;-0,91;-1,84;-1,86
74,557;-0,90;-1,78;-1,77
74,558;-0,88;-1,73;-1,68
74,559;-0,85;-1,66;-1,57
74,560;-0,82;-1,59;-1,46
74,561;-0,72;-1,36;-1,23
74,605;-0,68;-1,23;-1,12
74,606;-0,60;-1,11;-0,99
74,608;-0,53;-0,98;-0,85
74,613;-0,48;-0,84;-0,70
74,615;-0,45;-0,71;-0,56
74,616;-0,43;-0,57;-0,39
74,617;-0,44;-0,44;-0,21
74,618;-0,53;-0,16;0,15
74,618;-0,58;-0,03;0,32
74,619;-0,68;0,08;0,49
74,620;-0,76;0,18;0,64
74,621;-0,84;0,26;0,79
74,739;-0,92;0,33;0,90
74,743;-0,98;0,38;1,00
74,745;-1,04;0,41;1,08
74,748;-1,04;0,42;1,21
74,751;-1,02;0,40;1,26
74,753;-0,98;0,37;1,30
74,754;-0,93;0,34;1,37
74,755;-0,85;0,30;1,44
74,757;-0,79;0,26;1,52
74,758;-0,74;0,22;1,62
74,759;-0,69;0,19;1,75
74,760;-0,65;0,14;2,06
74,762;-0,65;0,15;2,22
74,764;-0,67;0,12;2,38
74,767;-0,70;0,13;2,54
74,768;-0,73;0,16;2,68
74,769;-0,78;0,18;2,82
74,771;-0,84;0,21;2,96
74,773;-0,88;0,25;3,07
74,774;-1,07;0,36;3,31
74,775;-1,17;0,40;3,43
74,776;-1,27;0,46;3,54
74,777;-1,36;0,52;3,63
74,778;-1,45;0,57;3,71
74,779;-1,51;0,63;3,76
74,780;-1,57;0,69;3,80
74,784;-1,61;0,72;3,83
74,785;-1,65;0,81;3,87
74,786;-1,65;0,84;3,88
74,787;-1,62;0,87;3,88
74,788;-1,60;0,90;3,87
74,789;-1,55;0,91;3,87
74,790;-1,50;0,95;3,87
74,791;-1,42;0,99;3,86
74,793;-1,29;1,05;3,85
74,856;-1,22;1,06;3,87
74,870;-1,16;1,09;3,88
74,871;-1,09;1,10;3,90
74,872;-1,03;1,13;3,93
74,873;-0,92;1,12;3,96
74,873;-0,81;1,13;3,99
74,874;-0,67;1,11;4,02
74,875;-0,37;1,09;4,07
74,876;-0,21;1,08;4,11
74,877;-0,05;1,07;4,14
74,878;0,13;1,07;4,16
74,879;0,32;1,05;4,20
74,880;0,49;1,05;4,20
74,880;0,65;1,03;4,20
74,885;0,83;1,02;4,20
74,886;1,12;1,02;4,20
74,886;1,25;1,08;4,21
74,887;1,38;1,10;4,21
74,888;1,49;1,15;4,22
74,934;1,62;1,20;4,23
74,935;1,70;1,24;4,23
74,937;1,77;1,31;4,21
74,938;1,84;1,37;4,21
74,939;1,90;1,47;4,18
74,940;1,90;1,53;4,16
74,942;1,90;1,59;4,12
74,943;1,88;1,64;4,11
74,948;1,85;1,70;4,10
74,950;1,82;1,77;4,07
74,951;1,81;1,83;4,05
74,952;1,77;1,88;4,03
74,953;1,70;1,98;3,98
75,014;1,66;2,03;3,95
75,015;1,61;2,07;3,93
75,017;1,56;2,11;3,89
75,018;1,48;2,13;3,86
75,019;1,43;2,16;3,81
75,020;1,36;2,18;3,77
75,021;1,30;2,19;3,71
75,023;1,15;2,18;3,59
75,024;1,07;2,17;3,51
75,026;1,01;2,15;3,43
75,027;0,92;2,11;3,37
75,028;0,86;2,08;3,27
75,029;0,79;2,04;3,20
75,035;0,73;1,99;3,11
75,037;0,65;1,93;3,01
75,039;0,53;1,83;2,84
75,040;0,47;1,77;2,75
75,099;0,40;1,73;2,66
75,100;0,35;1,66;2,54
75,101;0,27;1,59;2,43
75,107;0,18;1,54;2,33
75,109;0,10;1,46;2,22
75,110;-0,01;1,41;2,13
75,110;-0,19;1,29;1,89
75,116;-0,28;1,22;1,78
75,117;-0,38;1,17;1,68
75,118;-0,48;1,10;1,55
75,119;-0,58;1,04;1,43
75,120;-0,66;0,98;1,32
75,121;-0,73;0,92;1,20
75,122;-0,80;0,86;1,10
75,123;-0,89;0,72;0,85
75,124;-0,91;0,61;0,73
75,125;-0,91;0,53;0,61
75,187;-0,91;0,44;0,50
75,188;-0,88;0,35;0,37
75,188;-0,84;0,24;0,24
75,189;-0,81;0,14;0,12
75,190;-0,78;0,04;0,01
75,191;-0,70;-0,15;-0,24
75,192;-0,69;-0,24;-0,35
75,193;-0,68;-0,30;-0,48
75,194;-0,67;-0,35;-0,59
75,194;-0,67;-0,42;-0,71
75,195;-0,67;-0,47;-0,83
75,196;-0,66;-0,52;-0,94
75,196;-0,66;-0,63;-1,20
75,197;-0,63;-0,68;-1,35
75,198;-0,60;-0,74;-1,50
75,285;-0,55;-0,81;-1,67
75,287;-0,47;-0,87;-1,83
75,288;-0,38;-0,96;-1,98
75,290;-0,25;-1,06;-2,13
75,292;-0,13;-1,14;-2,26
75,293;0,16;-1,32;-2,48
75,294;0,29;-1,38;-2,55
75,295;0,43;-1,43;-2,62
75,296;0,56;-1,47;-2,65
75,297;0,67;-1,51;-2,67
75,298;0,79;-1,54;-2,67
75,299;0,89;-1,56;-2,65
75,302;0,95;-1,56;-2,61
75,308;1,04;-1,54;-2,51
75,309;1,05;-1,51;-2,47
75,310;1,04;-1,46;-2,42
75,317;0,97;-1,43;-2,38
75,318;0,89;-1,40;-2,33
75,319;0,78;-1,36;-2,31
75,320;0,67;-1,32;-2,30
75,322;0,54;-1,26;-2,30
75,324;0,30;-1,21;-2,41
75,326;0,18;-1,20;-2,50
75,327;0,09;-1,19;-2,62
75,328;-0,00;-1,19;-2,78
75,329;-0,06;-1,20;-2,95
75,386;-0,10;-1,22;-3,17
75,387;-0,14;-1,25;-3,39
75,389;-0,16;-1,26;-3,61
75,390;-0,16;-1,34;-4,08
75,391;-0,12;-1,40;-4,31
75,392;-0,11;-1,44;-4,48
75,393;-0,07;-1,47;-4,66
75,394;-0,04;-1,51;-4,79
75,395;-0,03;-1,54;-4,92
75,396;-0,02;-1,55;-5,01
75,397;-0,01;-1,56;-5,08
75,398;0,05;-1,59;-5,15
75,399;0,08;-1,62;-5,16
75,400;0,13;-1,63;-5,15
75,467;0,16;-1,64;-5,10
75,468;0,20;-1,66;-5,05
75,469;0,26;-1,68;-5,00
75,473;0,32;-1,69;-4,91
75,474;0,37;-1,72;-4,83
75,475;0,51;-1,75;-4,64
75,476;0,58;-1,81;-4,54
75,477;0,66;-1,84;-4,44
75,478;0,74;-1,88;-4,35
75,479;0,80;-1,90;-4,26
75,480;0,87;-1,94;-4,15
75,481;0,94;-1,97;-4,08
75,482;1,00;-2,00;-4,01
75,483;1,18;-2,02;-3,87
75,484;1,26;-1,99;-3,81
75,485;1,33;-1,96;-3,75
75,486;1,40;-1,92;-3,70
75,556;1,41;-1,79;-3,65
75,557;1,45;-1,67;-3,61
75,558;1,44;-1,50;-3,55
75,559;1,47;-1,30;-3,52
75,560;1,51;-0,95;-3,39
75,562;1,53;-0,78;-3,29
75,564;1,54;-0,67;-3,17
75,565;1,53;-0,56;-3,02
75,566;1,51;-0,47;-2,86
75,567;1,46;-0,42;-2,65
75,570;1,38;-0,35;-2,44
75,571;1,30;-0,33;-2,25
75,572;1,05;-0,31;-1,86
75,574;0,89;-0,31;-1,70
75,575;0,73;-0,35;-1,58
75,576;0,54;-0,41;-1,47
75,577;0,36;-0,48;-1,38
75,578;0,17;-0,58;-1,35
75,602;-0,03;-0,68;-1,33
75,604;-0,44;-0,87;-1,34
75,605;-0,63;-0,98;-1,39
75,606;-0,79;-1,09;-1,45
75,608;-0,95;-1,22;-1,52
75,609;-1,08;-1,35;-1,60
75,610;-1,16;-1,48;-1,72
75,659;-1,21;-1,61;-1,83
75,660;-1,23;-1,73;-1,95
75,661;-1,18;-1,88;-2,15
75,669;-1,12;-1,91;-2,21
75,670;-1,06;-1,92;-2,26
75,671;-0,99;-1,90;-2,27
75,672;-0,89;-1,83;-2,26
75,673;-0,79;-1,74;-2,24
75,674;-0,71;-1,63;-2,19
75,675;-0,60;-1,50;-2,12
75,676;-0,39;-1,18;-1,89
75,677;-0,28;-0,99;-1,73
75,678;-0,22;-0,79;-1,53
75,679;-0,16;-0,55;-1,30
75,742;-0,15;-0,31;-1,04
75,744;-0,17;-0,06;-0,77
75,745;-0,21;0,22;-0,50
75,746;-0,26;0,44;-0,23
75,747;-0,31;0,78;0,26
75,748;-0,30;0,84;0,48
75,749;-0,27;0,84;0,67
75,750;-0,26;0,79;0,85
75,751;-0,26;0,68;1,01
75,752;-0,31;0,56;1,21
75,753;-0,36;0,42;1,38
75,754;-0,47;0,29;1,57
75,755;-0,77;0,00;1,99
75,756;-0,96;-0,13;2,21
75,757;-1,16;-0,26;2,44
75,759;-1,37;-0,38;2,66
75,808;-1,58;-0,51;2,88
75,809;-1,79;-0,61;3,07
75,811;-1,96;-0,70;3,25
75,812;-2,13;-0,79;3,43
75,813;-2,45;-0,90;3,70
75,814;-2,58;-0,95;3,80
75,815;-2,69;-0,99;3,89
75,816;-2,78;-1,00;3,96
75,817;-2,85;-1,00;4,00
75,818;-2,88;-0,99;4,04
75,819;-2,90;-0,96;4,05
75,820;-2,87;-0,91;4,07
75,899;-2,71;-0,76;4,07
75,900;-2,59;-0,65;4,08
75,901;-2,44;-0,54;4,08
75,908;-2,28;-0,38;4,09
75,909;-2,11;-0,22;4,09
75,910;-1,92;-0,04;4,09
75,911;-1,72;0,15;4,10
75,912;-1,50;0,31;4,10
75,913;-1,11;0,67;4,07
75,914;-0,90;0,82;4,04
75,915;-0,72;0,97;4,01
75,916;-0,56;1,07;3,96
75,917;-0,37;1,17;3,91
75,918;-0,22;1,24;3,85
75,919;-0,07;1,29;3,78
75,920;0,07;1,32;3,73
75,921;0,32;1,36;3,59
75,922;0,42;1,36;3,54
75,923;0,53;1,35;3,49
75,925;0,61;1,33;3,43
75,926;0,69;1,32;3,39
75,981;0,77;1,30;3,38
75,983;0,83;1,32;3,38
75,986;0,91;1,33;3,39
75,989;1,05;1,40;3,46
75,990;1,10;1,44;3,50
75,990;1,13;1,50;3,56
75,991;1,17;1,53;3,59
75,993;1,18;1,57;3,64
75,994;1,18;1,61;3,71
75,995;1,19;1,65;3,77
75,996;1,18;1,69;3,91
75,997;1,17;1,71;3,96
75,998;1,16;1,72;4,01
75,999;1,14;1,73;4,04
76,000;1,13;1,74;4,08
76,093;1,12;1,73;4,09
76,095;1,10;1,73;4,09
76,096;1,09;1,72;4,05
76,096;1,02;1,67;4,02
76,097;0,99;1,64;3,97
76,098;0,97;1,58;3,92
76,099;0,94;1,54;3,89
76,100;0,92;1,49;3,85
76,101;0,88;1,43;3,81
76,103;0,87;1,36;3,77
76,104;0,85;1,29;3,70
76,105;0,79;1,17;3,57
76,106;0,74;1,12;3,49
76,106;0,69;1,06;3,42
76,107;0,63;1,02;3,34
76,114;0,55;0,96;3,27
76,119;0,45;0,91;3,20
76,120;0,35;0,88;3,14
76,126;0,24;0,83;3,09
76,127;-0,02;0,71;2,94
76,132;-0,10;0,66;2,85
76,134;-0,19;0,59;2,72
76,136;-0,26;0,53;2,59
76,137;-0,32;0,45;2,48
76,138;-0,35;0,36;2,33
76,140;-0,38;0,30;2,18
76,141;-0,40;0,22;2,03
76,142;-0,40;0,09;1,69
76,145;-0,39;0,03;1,54
76,195;-0,39;-0,02;1,40
76,196;-0,38;-0,09;1,26
76,197;-0,38;-0,11;1,13
76,200;-0,39;-0,14;1,00
76,202;-0,41;-0,16;0,87
76,203;-0,42;-0,15;0,76
76,204;-0,53;-0,15;0,54
76,205;-0,58;-0,11;0,43
76,206;-0,63;-0,12;0,32
76,207;-0,67;-0,11;0,23
76,208;-0,70;-0,13;0,12
76,209;-0,72;-0,16;0,02
76,210;-0,73;-0,17;-0,09
76,285;-0,75;-0,21;-0,19
76,286;-0,81;-0,27;-0,36
76,287;-0,85;-0,30;-0,47
76,292;-0,90;-0,30;-0,58
76,293;-0,96;-0,33;-0,69
76,294;-1,00;-0,36;-0,83
76,295;-1,04;-0,39;-0,94
76,296;-1,05;-0,45;-1,06
76,297;-1,06;-0,51;-1,19
76,298;-1,05;-0,64;-1,49
76,299;-1,01;-0,73;-1,64
76,300;-0,95;-0,80;-1,80
76,301;-0,87;-0,89;-1,95
76,302;-0,81;-0,97;-2,11
76,303;-0,70;-1,05;-2,26
76,305;-0,63;-1,12;-2,40
76,305;-0,54;-1,19;-2,52
76,307;-0,42;-1,26;-2,75
76,308;-0,39;-1,25;-2,83
76,310;-0,38;-1,25;-2,91
76,373;-0,39;-1,22;-2,99
76,375;-0,42;-1,16;-3,05
76,376;-0,46;-1,12;-3,11
76,377;-0,53;-1,05;-3,18
76,379;-0,59;-0,97;-3,24
76,380;-0,74;-0,81;-3,37
76,381;-0,82;-0,71;-3,43
76,382;-0,89;-0,63;-3,50
76,383;-0,95;-0,54;-3,58
76,385;-1,00;-0,48;-3,67
76,386;-1,03;-0,45;-3,78
76,387;-1,03;-0,42;-3,88
76,388;-1,03;-0,41;-4,15
76,392;-1,01;-0,43;-4,28
76,393;-1,00;-0,45;-4,41
76,394;-0,98;-0,47;-4,53
76,395;-0,97;-0,49;-4,63
76,454;-0,95;-0,52;-4,74
76,456;-0,93;-0,54;-4,81
76,458;-0,92;-0,56;-4,88
76,459;-0,88;-0,61;-4,96
76,461;-0,88;-0,64;-4,99
76,462;-0,88;-0,64;-4,97
76,463;-0,89;-0,66;-4,94
76,465;-0,92;-0,68;-4,90
76,466;-0,93;-0,70;-4,84
76,467;-0,94;-0,72;-4,77
76,468;-0,95;-0,78;-4,69
76,469;-0,96;-0,91;-4,54
76,470;-0,95;-0,99;-4,44
76,472;-0,93;-1,07;-4,38
76,473;-0,92;-1,20;-4,30
76,474;-0,91;-1,29;-4,22
76,555;-0,92;-1,40;-4,16
76,561;-0,93;-1,51;-4,08
76,562;-0,94;-1,60;-4,04
76,564;-0,94;-1,79;-3,98
76,566;-0,96;-1,87;-3,96
76,567;-0,98;-1,93;-3,96
76,569;-1,00;-1,97;-3,94
76,571;-1,04;-1,97;-3,90
76,572;-1,07;-1,98;-3,86
76,573;-1,09;-1,94;-3,80
76,575;-1,13;-1,91;-3,74
76,576;-1,13;-1,77;-3,60
76,577;-1,11;-1,69;-3,54
76,578;-1,08;-1,60;-3,46
76,580;-1,01;-1,53;-3,38
76,581;-0,94;-1,45;-3,32
76,584;-0,84;-1,38;-3,23
76,592;-0,75;-1,29;-3,13
76,593;-0,65;-1,22;-3,06
76,594;-0,43;-1,07;-2,87
76,599;-0,34;-1,00;-2,78
76,600;-0,23;-0,95;-2,70
76,601;-0,12;-0,90;-2,62
76,602;0,01;-0,86;-2,56
76,603;0,12;-0,78;-2,49
76,605;0,24;-0,72;-2,45
76,676;0,33;-0,63;-2,42
76,678;0,43;-0,43;-2,42
76,679;0,43;-0,32;-2,41
76,680;0,38;-0,21;-2,42
76,681;0,29;-0,09;-2,43
76,682;0,18;0,01;-2,43
76,683;0,06;0,12;-2,46
76,685;-0,09;0,21;-2,48
76,686;-0,25;0,29;-2,49
76,687;-0,50;0,43;-2,54
76,688;-0,60;0,47;-2,54
76,690;-0,68;0,51;-2,57
76,691;-0,73;0,52;-2,60
76,693;-0,76;0,54;-2,62
76,695;-0,77;0,54;-2,64
76,696;-0,75;0,56;-2,65
76,698;-0,72;0,55;-2,69
76,699;-0,56;0,60;-2,74
76,700;-0,46;0,62;-2,76
76,754;-0,34;0,66;-2,78
76,756;-0,21;0,69;-2,78
76,757;-0,07;0,73;-2,75
76,758;0,08;0,78;-2,72
76,760;0,22;0,83;-2,69
76,761;0,35;0,90;-2,59
76,762;0,63;1,00;-2,35
76,763;0,75;1,02;-2,20
76,765;0,86;1,03;-2,01
76,766;0,95;1,01;-1,79
76,767;1,01;0,96;-1,53
76,768;1,02;0,93;-1,27
76,769;0,99;0,88;-0,99
76,770;0,85;0,77;-0,45
76,848;0,73;0,72;-0,21
76,850;0,65;0,61;0,01
76,852;0,56;0,50;0,18
76,853;0,49;0,36;0,32
76,855;0,44;0,22;0,43
76,857;0,41;0,04;0,50
76,859;0,40;-0,11;0,57
76,862;0,45;-0,43;0,64
76,866;0,51;-0,57;0,68
76,867;0,59;-0,71;0,74
76,868;0,66;-0,83;0,79
76,870;0,75;-0,94;0,90
76,871;0,82;-1,01;1,03
76,873;0,88;-1,05;1,15
76,874;0,91;-1,04;1,32
76,875;0,87;-0,92;1,70
76,876;0,81;-0,79;1,90
76,878;0,75;-0,65;2,11
76,879;0,67;-0,51;2,30
76,880;0,59;-0,34;2,48
76,882;0,49;-0,15;2,66
76,883;0,39;0,05;2,82
76,885;0,26;0,24;2,95
76,952;0,02;0,67;3,17
76,954;-0,11;0,89;3,24
76,956;-0,26;1,13;3,32
76,957;-0,39;1,34;3,36
76,958;-0,52;1,54;3,39
76,959;-0,66;1,71;3,43
76,960;-0,77;1,87;3,45
76,961;-0,86;2,00;3,47
76,963;-1,00;2,15;3,52
76,964;-1,05;2,20;3,55
76,965;-1,08;2,22;3,59
76,966;-1,11;2,22;3,62
76,967;-1,10;2,18;3,66
76,968;-1,08;2,14;3,73
76,970;-1,05;2,08;3,76
76,971;-1,00;2,01;3,84
76,972;-0,82;1,85;3,99
77,055;-0,72;1,77;4,07
77,058;-0,60;1,69;4,15
77,060;-0,46;1,62;4,23
77,061;-0,32;1,56;4,30
77,063;-0,18;1,50;4,38
77,064;-0,04;1,45;4,45
77,065;0,10;1,45;4,51
77,066;0,31;1,40;4,58
77,067;0,38;1,38;4,61
77,068;0,45;1,38;4,64
77,069;0,50;1,36;4,66
77,070;0,53;1,36;4,67
77,071;0,58;1,35;4,66
77,072;0,62;1,34;4,65
77,073;0,65;1,33;4,62
77,074;0,71;1,35;4,57
77,075;0,73;1,36;4,53
77,076;0,74;1,38;4,52
77,077;0,76;1,39;4,49
77,078;0,79;1,42;4,47
77,079;0,83;1,44;4,45
77,084;0,87;1,48;4,42
77,085;0,91;1,50;4,40
77,131;0,99;1,57;4,41
77,132;1,01;1,61;4,42
77,134;1,04;1,65;4,41
77,135;1,05;1,72;4,43
77,136;1,07;1,79;4,44
77,137;1,07;1,84;4,44
77,138;1,04;1,92;4,46
77,142;1,03;2,00;4,47
77,143;0,97;2,14;4,49
77,144;0,92;2,24;4,48
77,145;0,88;2,30;4,47
77,146;0,84;2,36;4,46
77,235;0,80;2,42;4,44
77,241;0,74;2,48;4,42
77,247;0,66;2,52;4,38
77,251;0,53;2,60;4,27
77,254;0,46;2,64;4,22
77,258;0,37;2,66;4,15
77,262;0,30;2,68;4,06
77,265;0,19;2,71;3,97
77,266;0,09;2,71;3,87
77,267;-0,00;2,73;3,75
77,268;-0,10;2,72;3,62
77,270;-0,24;2,68;3,33
77,271;-0,31;2,65;3,15
77,272;-0,36;2,62;2,98
77,273;-0,40;2,55;2,79
77,275;-0,42;2,50;2,59
77,276;-0,46;2,42;2,39
77,277;-0,47;2,33;2,20
77,278;-0,47;2,25;2,01
77,279;-0,49;2,05;1,67
77,280;-0,48;1,94;1,50
77,281;-0,47;1,82;1,35
77,282;-0,47;1,69;1,22
77,283;-0,46;1,57;1,08
77,284;-0,45;1,46;0,96
77,285;-0,46;1,33;0,85
77,286;-0,45;1,22;0,74
77,287;-0,45;1,00;0,53
77,333;-0,46;0,89;0,43
77,338;-0,45;0,78;0,30
77,339;-0,47;0,65;0,20
77,342;-0,45;0,53;0,09
77,343;-0,45;0,41;-0,03
77,344;-0,42;0,27;-0,16
77,345;-0,38;0,14;-0,28
77,346;-0,26;-0,12;-0,55
77,347;-0,17;-0,23;-0,68
77,348;-0,06;-0,35;-0,81
77,349;0,06;-0,48;-0,91
77,350;0,18;-0,58;-1,02
77,350;0,33;-0,69;-1,09
77,406;0,44;-0,78;-1,14
77,407;0,56;-0,87;-1,18
77,408;0,77;-1,04;-1,20
77,409;0,85;-1,10;-1,18
77,410;0,94;-1,16;-1,16
77,411;0,99;-1,20;-1,11
77,412;1,05;-1,25;-1,06
77,412;1,09;-1,28;-1,01
77,413;1,12;-1,31;-0,96
77,414;1,13;-1,34;-0,89
77,415;1,13;-1,41;-0,80
77,416;1,13;-1,44;-0,75
77,417;1,12;-1,50;-0,73
77,480;1,12;-1,54;-0,73
77,481;1,13;-1,60;-0,76
77,482;1,15;-1,65;-0,78
77,483;1,17;-1,69;-0,84
77,483;1,19;-1,76;-0,91
77,484;1,24;-1,84;-1,09
77,485;1,23;-1,86;-1,21
77,486;1,22;-1,90;-1,34
77,487;1,19;-1,88;-1,49
77,488;1,15;-1,89;-1,65
77,489;1,11;-1,87;-1,80
77,489;1,07;-1,87;-1,98
77,490;1,03;-1,85;-2,15
77,491;0,95;-1,83;-2,47
77,492;0,93;-1,82;-2,60
77,535;0,90;-1,80;-2,72
77,536;0,88;-1,79;-2,80
77,537;0,86;-1,79;-2,85
77,538;0,86;-1,78;-2,88
77,539;0,86;-1,79;-2,90
77,540;0,87;-1,79;-2,89
77,541;0,91;-1,79;-2,85
77,544;0,93;-1,79;-2,80
77,545;0,96;-1,78;-2,77
77,546;0,99;-1,79;-2,72
77,546;1,01;-1,78;-2,66
77,592;1,02;-1,74;-2,61
77,593;1,02;-1,75;-2,56
77,595;1,07;-1,76;-2,46
77,596;1,08;-1,76;-2,41
77,596;1,09;-1,78;-2,36
77,597;1,11;-1,78;-2,31
77,616;1,12;-1,77;-2,28
77,617;1,12;-1,76;-2,23
77,618;1,10;-1,75;-2,20
77,619;1,07;-1,74;-2,16
77,620;0,98;-1,66;-2,11
77,621;0,90;-1,61;-2,09
77,622;0,83;-1,57;-2,07
77,623;0,75;-1,53;-2,05
77,624;0,67;-1,49;-2,06
77,626;0,60;-1,43;-2,05
77,675;0,52;-1,39;-2,05
77,676;0,47;-1,35;-2,05
77,677;0,33;-1,26;-2,07
77,678;0,27;-1,20;-2,06
77,679;0,21;-1,15;-2,06
77,681;0,15;-1,09;-2,06
77,682;0,10;-1,03;-2,05
77,683;0,03;-0,95;-2,05
77,684;-0,03;-0,91;-2,05
77,686;-0,10;-0,84;-2,04
77,687;-0,19;-0,76;-2,05
77,688;-0,23;-0,72;-2,05
77,691;-0,27;-0,69;-2,06
77,796;-0,30;-0,65;-2,08
77,797;-0,31;-0,63;-2,08
77,798;-0,33;-0,61;-2,09
77,800;-0,36;-0,57;-2,11
77,802;-0,37;-0,54;-2,12
77,804;-0,40;-0,49;-2,17
77,806;-0,40;-0,48;-2,20
77,807;-0,39;-0,47;-2,24
77,808;-0,38;-0,45;-2,28
77,809;-0,34;-0,45;-2,33
77,811;-0,28;-0,42;-2,36
77,812;-0,22;-0,39;-2,39
77,813;-0,15;-0,37;-2,43
77,814;0,03;-0,29;-2,48
77,815;0,14;-0,25;-2,48
77,816;0,26;-0,20;-2,47
77,817;0,37;-0,16;-2,45
77,818;0,49;-0,13;-2,41
77,819;0,61;-0,07;-2,37
77,820;0,73;-0,03;-2,30
77,821;0,81;0,02;-2,23
77,822;0,93;0,15;-2,07
77,823;0,96;0,24;-1,97
77,824;0,97;0,32;-1,85
77,826;0,94;0,40;-1,74
77,827;0,91;0,49;-1,64
77,828;0,86;0,56;-1,55
77,907;0,82;0,61;-1,45
77,909;0,80;0,66;-1,37
77,914;0,78;0,66;-1,19
77,916;0,81;0,65;-1,13
77,918;0,85;0,59;-1,05
77,920;0,91;0,51;-0,97
77,922;0,98;0,47;-0,88
77,923;1,03;0,41;-0,77
77,925;1,08;0,37;-0,62
77,926;1,11;0,35;-0,47
77,928;1,04;0,39;-0,05
77,929;0,96;0,46;0,19
77,930;0,83;0,55;0,43
77,932;0,69;0,65;0,68
77,933;0,50;0,78;0,90
77,934;0,30;0,90;1,12
77,935;0,09;1,04;1,33
77,937;-0,12;1,15;1,48
77,938;-0,48;1,34;1,72
77,939;-0,63;1,43;1,79
77,941;-0,74;1,49;1,84
77,942;-0,83;1,53;1,85
77,943;-0,89;1,56;1,85
77,995;-0,92;1,56;1,82
77,997;-0,93;1,56;1,75
77,998;-0,89;1,51;1,62
77,999;-0,83;1,47;1,54
78,000;-0,79;1,45;1,49
78,002;-0,73;1,41;1,43
78,004;-0,67;1,38;1,40
78,005;-0,61;1,36;1,38
78,007;-0,55;1,35;1,36
78,008;-0,48;1,33;1,39
78,009;-0,34;1,31;1,48
78,010;-0,28;1,30;1,54
78,011;-0,21;1,29;1,63
78,012;-0,15;1,26;1,72
78,071;-0,10;1,25;1,84
78,073;-0,06;1,24;1,95
78,074;-0,04;1,22;2,08
78,074;-0,01;1,20;2,20
78,076;-0,01;1,20;2,47
78,077;-0,01;1,18;2,59
78,079;-0,01;1,15;2,70
78,079;0,01;1,12;2,81
78,081;0,03;1,07;2,90
78,082;0,06;1,00;2,96
78,083;0,09;0,95;3,03
78,084;0,14;0,88;3,06
78,086;0,20;0,75;3,15
78,093;0,24;0,69;3,19
78,093;0,25;0,64;3,21
78,094;0,26;0,59;3,24
78,154;0,25;0,57;3,28
78,155;0,25;0,56;3,33
78,156;0,21;0,56;3,37
78,157;0,18;0,58;3,44
78,158;0,10;0,63;3,55
78,158;0,05;0,67;3,60
78,159;0,01;0,71;3,65
78,160;-0,04;0,75;3,70
78,161;-0,09;0,80;3,74
78,166;-0,13;0,84;3,77
78,167;-0,18;0,88;3,78
78,168;-0,24;0,91;3,80
78,169;-0,31;0,95;3,77
78,170;-0,35;0,95;3,74
78,172;-0,37;0,93;3,70
78,173;-0,41;0,91;3,65
78,290;-0,41;0,89;3,60
78,305;-0,42;0,85;3,54
78,308;-0,42;0,81;3,46
78,313;-0,41;0,78;3,40
78,316;-0,42;0,71;3,26
78,317;-0,43;0,68;3,21
78,319;-0,45;0,66;3,15
78,321;-0,47;0,63;3,09
78,323;-0,50;0,63;3,03
78,325;-0,51;0,63;2,98
78,327;-0,55;0,60;2,92
78,329;-0,59;0,59;2,85
78,331;-0,64;0,59;2,72
78,333;-0,67;0,59;2,66
78,334;-0,71;0,59;2,58
78,335;-0,74;0,60;2,49
78,337;-0,78;0,59;2,41
78,338;-0,81;0,59;2,31
78,339;-0,84;0,59;2,20
78,341;-0,88;0,59;2,10
78,343;-0,94;0,58;1,86
78,344;-0,96;0,57;1,73
78,345;-0,99;0,54;1,60
78,346;-1,02;0,51;1,46
78,347;-1,04;0,48;1,30
78,349;-1,06;0,44;1,16
78,350;-1,07;0,41;1,01
78,351;-1,10;0,36;0,86
78,353;-1,13;0,29;0,55
78,354;-1,16;0,25;0,39
78,355;-1,17;0,22;0,22
78,356;-1,19;0,18;0,04
78,357;-1,20;0,14;-0,12
78,358;-1,23;0,11;-0,30
78,359;-1,25;0,07;-0,48
78,360;-1,23;-0,00;-0,83
78,361;-1,21;-0,04;-0,99
78,364;-1,17;-0,09;-1,16
78,367;-1,11;-0,14;-1,30
78,425;-1,02;-0,20;-1,43
78,428;-0,92;-0,25;-1,53
78,429;-0,80;-0,29;-1,61
78,430;-0,65;-0,35;-1,67
78,432;-0,37;-0,45;-1,70
78,433;-0,22;-0,49;-1,68
78,434;-0,09;-0,54;-1,63
78,435;0,04;-0,59;-1,55
78,437;0,15;-0,63;-1,46
78,438;0,25;-0,65;-1,35
78,439;0,33;-0,67;-1,23
78,440;0,38;-0,68;-1,10
78,441;0,41;-0,69;-0,91
78,442;0,37;-0,68;-0,85
78,443;0,35;-0,69;-0,82
78,447;0,31;-0,70;-0,81
78,525;0,30;-0,73;-0,83
78,527;0,28;-0,73;-0,90
78,528;0,26;-0,73;-1,00
78,529;0,26;-0,75;-1,11
78,531;0,29;-0,78;-1,43
78,532;0,32;-0,78;-1,60
78,533;0,34;-0,79;-1,80
78,534;0,35;-0,80;-1,98
78,535;0,37;-0,81;-2,16
78,536;0,36;-0,81;-2,32
78,537;0,35;-0,84;-2,48
78,538;0,34;-0,87;-2,59
78,539;0,31;-0,91;-2,80
78,540;0,30;-0,94;-2,86
78,541;0,30;-0,99;-2,94
78,542;0,27;-1,04;-2,99
78,543;0,27;-1,09;-3,02
78,544;0,27;-1,16;-3,06
78,545;0,27;-1,22;-3,08
78,547;0,30;-1,28;-3,08
78,605;0,31;-1,40;-3,08
78,606;0,33;-1,47;-3,08
78,607;0,35;-1,53;-3,07
78,609;0,40;-1,59;-3,05
78,610;0,43;-1,64;-3,04
78,611;0,46;-1,70;-3,01
78,623;0,51;-1,75;-2,99
78,623;0,53;-1,80;-2,95
78,624;0,55;-1,84;-2,88
78,625;0,55;-1,87;-2,83
78,626;0,53;-1,86;-2,78
78,627;0,52;-1,87;-2,72
78,628;0,49;-1,85;-2,68
78,628;0,45;-1,84;-2,61
78,629;0,39;-1,82;-2,55
78,630;0,32;-1,76;-2,50
78,632;0,14;-1,67;-2,40
78,697;0,03;-1,61;-2,38
78,699;-0,09;-1,56;-2,34
78,700;-0,20;-1,49;-2,33
78,701;-0,31;-1,41;-2,32
78,702;-0,42;-1,32;-2,33
78,703;-0,54;-1,25;-2,35
78,704;-0,62;-1,17;-2,38
78,706;-0,79;-1,04;-2,44
78,707;-0,87;-0,98;-2,47
78,708;-0,94;-0,91;-2,53
78,709;-0,99;-0,86;-2,56
78,710;-1,05;-0,81;-2,60
78,711;-1,10;-0,79;-2,66
78,713;-1,14;-0,76;-2,69
78,714;-1,17;-0,74;-2,74
78,715;-1,23;-0,71;-2,80
78,717;-1,27;-0,70;-2,83
78,797;-1,29;-0,67;-2,84
78,798;-1,31;-0,63;-2,84
78,799;-1,33;-0,59;-2,85
78,801;-1,32;-0,54;-2,86
78,802;-1,30;-0,53;-2,86
78,803;-1,18;-0,52;-2,89
78,804;-1,11;-0,54;-2,90
78,805;-1,00;-0,54;-2,91
78,806;-0,90;-0,54;-2,91
78,807;-0,76;-0,56;-2,91
78,808;-0,63;-0,56;-2,88
78,809;-0,47;-0,56;-2,86
78,810;-0,31;-0,57;-2,84
78,811;0,04;-0,51;-2,78
78,812;0,21;-0,48;-2,72
78,813;0,38;-0,42;-2,67
78,814;0,53;-0,35;-2,60
78,815;0,69;-0,29;-2,52
78,816;0,83;-0,20;-2,44
78,817;0,96;-0,10;-2,34
78,879;1,04;-0,00;-2,23
78,883;1,11;0,23;-1,97
78,884;1,09;0,37;-1,85
78,885;1,03;0,51;-1,72
78,886;0,95;0,63;-1,61
78,888;0,85;0,73;-1,49
78,889;0,73;0,81;-1,38
78,889;0,60;0,85;-1,28
78,890;0,49;0,87;-1,19
78,892;0,26;0,84;-1,05
78,893;0,16;0,76;-0,99
78,894;0,10;0,67;-0,92
78,895;0,04;0,55;-0,84
78,896;0,01;0,41;-0,76
78,897;-0,00;0,27;-0,67
78,898;-0,02;0,12;-0,52
78,986;-0,02;-0,03;-0,35
78,988;0,01;-0,22;0,10
78,989;0,05;-0,27;0,38
78,990;0,08;-0,30;0,67
78,992;0,09;-0,29;0,98
78,993;0,10;-0,25;1,30
78,994;0,09;-0,18;1,60
78,995;0,05;-0,09;1,89
78,997;-0,01;0,03;2,18
78,998;-0,19;0,32;2,68
78,999;-0,31;0,46;2,88
79,000;-0,45;0,62;3,06
79,002;-0,57;0,77;3,20
79,003;-0,67;0,92;3,33
79,005;-0,77;1,04;3,40
79,006;-0,85;1,15;3,46
79,006;-0,92;1,24;3,51
79,007;-1,01;1,33;3,52
79,008;-1,03;1,35;3,52
79,010;-1,02;1,33;3,49
79,011;-0,99;1,30;3,48
79,012;-0,97;1,24;3,46
79,013;-0,93;1,19;3,44
79,096;-0,88;1,11;3,41
79,100;-0,81;1,03;3,41
79,101;-0,70;0,85;3,40
79,102;-0,63;0,77;3,39
79,103;-0,56;0,69;3,41
79,105;-0,52;0,62;3,42
79,106;-0,48;0,56;3,42
79,107;-0,44;0,48;3,42
79,108;-0,40;0,42;3,41
79,109;-0,40;0,35;3,42
79,110;-0,38;0,23;3,45
79,111;-0,37;0,18;3,44
79,112;-0,38;0,12;3,45
79,135;-0,36;0,06;3,43
79,136;-0,35;0,02;3,45
79,138;-0,32;-0,02;3,43
79,139;-0,30;-0,05;3,43
79,140;-0,26;-0,09;3,43
79,142;-0,21;-0,12;3,41
79,143;-0,17;-0,14;3,39
79,144;-0,13;-0,15;3,40
79,145;-0,09;-0,17;3,39
79,146;-0,05;-0,18;3,38
79,147;-0,02;-0,17;3,38
79,148;0,04;-0,17;3,38
79,152;0,12;-0,15;3,38
79,153;0,17;-0,13;3,39
79,154;0,23;-0,08;3,39
79,208;0,26;-0,04;3,39
79,209;0,28;0,03;3,43
79,211;0,31;0,08;3,46
79,213;0,35;0,15;3,46
79,214;0,38;0,22;3,48
79,215;0,45;0,36;3,52
79,217;0,47;0,43;3,52
79,218;0,49;0,49;3,53
79,219;0,52;0,57;3,53
79,220;0,54;0,64;3,53
79,221;0,56;0,69;3,52
79,222;0,58;0,75;3,50
79,223;0,63;0,79;3,48
79,224;0,67;0,88;3,42
79,289;0,73;0,92;3,40
79,291;0,78;0,97;3,36
79,293;0,81;1,03;3,33
79,293;0,86;1,08;3,30
79,294;0,91;1,13;3,26
79,295;0,93;1,18;3,22
79,297;0,97;1,22;3,17
79,300;0,99;1,30;3,08
79,301;1,00;1,35;3,01
79,302;1,00;1,38;2,93
79,303;0,98;1,42;2,84
79,304;0,96;1,44;2,75
79,305;0,93;1,47;2,65
79,305;0,90;1,49;2,52
79,306;0,82;1,50;2,39
79,309;0,66;1,49;2,07
79,310;0,54;1,47;1,90
79,312;0,44;1,43;1,71
79,368;0,29;1,42;1,52
79,370;0,14;1,39;1,31
79,371;-0,02;1,34;1,09
79,372;-0,16;1,28;0,85
79,373;-0,32;1,21;0,62
79,374;-0,60;1,02;0,15
79,375;-0,71;0,91;-0,10
79,376;-0,79;0,77;-0,34
79,377;-0,87;0,65;-0,58
79,378;-0,94;0,50;-0,80
79,379;-1,01;0,38;-1,00
79,380;-1,07;0,25;-1,20
79,381;-1,10;0,12;-1,38
79,382;-1,13;-0,13;-1,73
79,461;-1,12;-0,26;-1,91
79,463;-1,09;-0,39;-2,07
79,465;-1,03;-0,53;-2,22
79,468;-0,99;-0,63;-2,36
79,469;-0,92;-0,73;-2,48
79,471;-0,84;-0,82;-2,60
79,473;-0,77;-0,90;-2,69
79,474;-0,59;-1,03;-2,83
79,475;-0,47;-1,07;-2,86
79,476;-0,39;-1,11;-2,87
79,477;-0,30;-1,13;-2,84
79,478;-0,22;-1,14;-2,80
79,480;-0,15;-1,14;-2,73
79,481;-0,10;-1,14;-2,64
79,482;-0,08;-1,12;-2,54
79,483;-0,04;-1,05;-2,31
79,484;-0,03;-0,99;-2,21
79,485;-0,05;-0,95;-2,14
79,486;-0,08;-0,90;-2,08
79,487;-0,12;-0,85;-2,03
79,488;-0,16;-0,81;-2,01
79,540;-0,23;-0,78;-2,02
79,542;-0,31;-0,75;-2,04
79,543;-0,41;-0,70;-2,20
79,545;-0,46;-0,69;-2,33
79,546;-0,49;-0,68;-2,47
79,548;-0,50;-0,68;-2,65
79,550;-0,50;-0,70;-2,83
79,551;-0,49;-0,71;-3,03
79,553;-0,47;-0,72;-3,22
79,554;-0,47;-0,75;-3,57
79,555;-0,48;-0,75;-3,71
79,555;-0,49;-0,77;-3,83
79,557;-0,49;-0,76;-3,92
79,558;-0,48;-0,75;-4,00
79,636;-0,50;-0,75;-4,05
79,638;-0,49;-0,75;-4,08
79,639;-0,47;-0,74;-4,12
79,640;-0,44;-0,76;-4,11
79,648;-0,40;-0,78;-4,11
79,649;-0,36;-0,81;-4,07
79,650;-0,31;-0,84;-4,04
79,652;-0,26;-0,88;-3,99
79,653;-0,20;-0,92;-3,94
79,655;-0,12;-0,98;-3,89
79,656;-0,04;-1,03;-3,81
79,657;0,11;-1,14;-3,69
79,658;0,19;-1,21;-3,63
79,659;0,27;-1,27;-3,55
79,660;0,33;-1,32;-3,49
79,661;0,39;-1,38;-3,43
79,663;0,44;-1,43;-3,37
79,664;0,47;-1,46;-3,31
79,665;0,49;-1,50;-3,23
79,666;0,48;-1,55;-3,12
79,667;0,46;-1,57;-3,05
79,669;0,44;-1,60;-2,98
79,728;0,42;-1,61;-2,91
79,732;0,39;-1,61;-2,84
79,734;0,36;-1,61;-2,78
79,735;0,32;-1,60;-2,73
79,736;0,28;-1,57;-2,65
79,737;0,20;-1,49;-2,53
79,738;0,16;-1,46;-2,48
79,739;0,12;-1,38;-2,43
79,740;0,10;-1,33;-2,39
79,740;0,04;-1,22;-2,38
79,741;-0,03;-1,11;-2,34
79,742;-0,10;-0,99;-2,31
79,743;-0,19;-0,85;-2,28
79,744;-0,39;-0,57;-2,22
79,745;-0,51;-0,43;-2,18
79,801;-0,63;-0,30;-2,14
79,803;-0,74;-0,17;-2,11
79,804;-0,84;-0,04;-2,05
79,805;-0,95;0,07;-2,02
79,806;-1,02;0,20;-1,97
79,807;-1,09;0,30;-1,92
79,808;-1,19;0,50;-1,83
79,809;-1,21;0,56;-1,79
79,810;-1,22;0,62;-1,78
79,811;-1,22;0,65;-1,78
79,812;-1,18;0,66;-1,78
79,813;-1,12;0,65;-1,79
79,814;-1,05;0,59;-1,82
79,815;-0,94;0,53;-1,85
79,878;-0,67;0,38;-1,94
79,880;-0,52;0,29;-1,98
79,882;-0,35;0,21;-2,01
79,888;-0,20;0,12;-2,03
79,889;-0,05;0,06;-2,04
79,890;0,08;0,03;-2,04
79,891;0,20;0,02;-2,01
79,893;0,29;0,03;-1,98
79,894;0,54;0,13;-1,88
79,895;0,66;0,21;-1,82
79,896;0,79;0,28;-1,76
79,897;0,97;0,36;-1,67
79,898;1,11;0,44;-1,59
79,900;1,25;0,51;-1,47
79,901;1,37;0,59;-1,34
79,902;1,47;0,68;-1,17
79,904;1,62;0,83;-0,78
79,905;1,66;0,89;-0,58
79,958;1,70;0,93;-0,36
79,959;1,73;0,93;-0,14
79,961;1,75;0,91;0,06
79,963;1,73;0,89;0,28
79,964;1,72;0,84;0,49
79,965;1,58;0,74;0,89
79,966;1,49;0,67;1,09
79,968;1,38;0,61;1,25
79,969;1,28;0,51;1,41
79,970;1,18;0,43;1,55
79,971;1,04;0,34;1,68
79,973;0,90;0,23;1,80
79,973;0,74;0,16;1,93
79,974;0,39;0,04;2,14
80,064;0,19;0,01;2,23
80,065;-0,02;0,04;2,31
80,066;-0,24;0,08;2,40
80,069;-0,46;0,14;2,49
80,076;-0,69;0,23;2,56
80,078;-0,92;0,32;2,63
80,079;-1,15;0,43;2,68
80,080;-1,53;0,69;2,78
80,081;-1,70;0,81;2,80
80,083;-1,86;0,91;2,82
80,084;-1,95;0,99;2,83
80,086;-2,02;1,07;2,79
80,087;-2,05;1,12;2,78
80,089;-2,04;1,15;2,76
80,090;-2,00;1,15;2,75
80,091;-1,84;1,17;2,72
80,093;-1,70;1,17;2,72
80,094;-1,57;1,15;2,73
80,095;-1,41;1,15;2,75
80,096;-1,23;1,14;2,77
80,098;-1,06;1,12;2,83
80,111;-0,87;1,12;2,88
80,113;-0,71;1,10;2,97
80,114;-0,36;1,11;3,11
80,115;-0,22;1,13;3,18
80,116;-0,07;1,14;3,28
80,118;0,03;1,16;3,34
80,119;0,12;1,17;3,43
80,120;0,23;1,21;3,52
80,178;0,33;1,20;3,60
80,179;0,42;1,23;3,68
80,180;0,60;1,23;3,83
80,182;0,70;1,24;3,88
80,183;0,76;1,25;3,94
80,184;0,84;1,28;3,99
80,189;0,92;1,30;4,02
80,190;0,98;1,32;4,06
80,191;1,03;1,34;4,09
80,193;1,05;1,36;4,12
80,194;1,09;1,36;4,17
80,195;1,11;1,37;4,17
80,196;1,12;1,38;4,19
80,197;1,11;1,40;4,20
80,198;1,09;1,41;4,22
80,199;1,07;1,43;4,25
80,296;1,03;1,45;4,28
80,297;0,99;1,49;4,31
80,301;0,86;1,55;4,36
80,302;0,80;1,57;4,39
80,303;0,73;1,61;4,41
80,304;0,66;1,64;4,44
80,305;0,59;1,68;4,46
80,306;0,50;1,71;4,46
80,308;0,41;1,73;4,47
80,309;0,32;1,75;4,48
80,310;0,13;1,77;4,44
80,311;0,04;1,76;4,43
80,312;-0,05;1,76;4,40
80,313;-0,13;1,76;4,37
80,314;-0,19;1,73;4,34
80,315;-0,27;1,73;4,29
80,316;-0,33;1,70;4,25
80,317;-0,37;1,67;4,20
80,319;-0,45;1,60;4,09
80,320;-0,50;1,55;4,02
80,325;-0,52;1,50;3,94
80,326;-0,55;1,43;3,84
80,328;-0,56;1,38;3,73
80,333;-0,58;1,32;3,62
80,334;-0,60;1,27;3,50
80,335;-0,64;1,16;3,23
80,336;-0,66;1,10;3,08
80,338;-0,68;1,04;2,94
80,399;-0,72;0,99;2,77
80,400;-0,78;0,94;2,61
80,401;-0,85;0,90;2,44
80,403;-0,91;0,88;2,26
80,404;-0,98;0,85;2,07
80,405;-1,09;0,77;1,68
80,406;-1,18;0,73;1,47
80,407;-1,23;0,67;1,27
80,409;-1,29;0,62;1,06
80,410;-1,35;0,58;0,86
80,411;-1,40;0,53;0,66
80,412;-1,44;0,48;0,47
80,413;-1,46;0,41;0,28
80,414;-1,43;0,24;-0,03
80,415;-1,44;0,15;-0,17
80,505;-1,39;0,07;-0,29
80,508;-1,37;0,00;-0,43
80,511;-1,34;-0,06;-0,54
80,513;-1,29;-0,11;-0,66
80,515;-1,26;-0,17;-0,79
80,516;-1,21;-0,23;-0,94
80,519;-1,09;-0,37;-1,22
80,521;-1,02;-0,44;-1,38
80,525;-0,93;-0,49;-1,53
80,526;-0,85;-0,54;-1,70
80,528;-0,74;-0,56;-1,86
80,530;-0,64;-0,59;-2,03
80,532;-0,51;-0,61;-2,18
80,533;-0,37;-0,65;-2,33
80,535;-0,07;-0,70;-2,58
80,536;0,08;-0,71;-2,67
80,538;0,22;-0,71;-2,73
80,539;0,33;-0,72;-2,79
80,540;0,44;-0,70;-2,80
80,541;0,53;-0,69;-2,80
80,549;0,60;-0,68;-2,80
80,550;0,64;-0,66;-2,77
80,552;0,69;-0,59;-2,73
80,553;0,70;-0,55;-2,73
80,554;0,70;-0,51;-2,73
80,555;0,69;-0,49;-2,75
80,556;0,70;-0,46;-2,78
80,558;0,71;-0,45;-2,81
80,559;0,71;-0,44;-2,85
80,619;0,73;-0,41;-2,92
80,620;0,78;-0,42;-3,09
80,622;0,80;-0,44;-3,18
80,623;0,83;-0,46;-3,28
80,630;0,85;-0,49;-3,39
80,631;0,86;-0,52;-3,50
80,642;0,85;-0,56;-3,60
80,649;0,84;-0,59;-3,70
80,650;0,80;-0,63;-3,78
80,651;0,67;-0,70;-3,92
80,652;0,61;-0,74;-3,97
80,652;0,55;-0,77;-4,04
80,653;0,47;-0,81;-4,07
80,654;0,40;-0,84;-4,11
80,656;0,31;-0,89;-4,14
80,660;0,25;-0,92;-4,16
80,661;0,17;-0,97;-4,17
80,662;0,05;-1,02;-4,17
80,663;0,00;-1,05;-4,15
80,665;-0,02;-1,09;-4,14
80,666;-0,04;-1,13;-4,13
80,711;-0,04;-1,16;-4,09
80,712;-0,04;-1,20;-4,08
80,712;-0,01;-1,23;-4,04
80,713;-0,01;-1,27;-4,01
80,714;0,05;-1,33;-3,91
80,714;0,07;-1,37;-3,85
80,715;0,10;-1,42;-3,80
80,717;0,14;-1,44;-3,73
80,717;0,18;-1,46;-3,66
80,718;0,21;-1,50;-3,60
80,719;0,25;-1,51;-3,52
80,724;0,32;-1,54;-3,38
80,825;0,36;-1,54;-3,31
80,829;0,40;-1,54;-3,25
80,834;0,41;-1,53;-3,16
80,837;0,42;-1,49;-3,09
80,840;0,43;-1,45;-3,01
80,846;0,43;-1,39;-2,94
80,849;0,42;-1,32;-2,85
80,854;0,42;-1,17;-2,71
80,855;0,43;-1,10;-2,64
80,856;0,44;-1,01;-2,53
80,858;0,45;-0,93;-2,47
80,859;0,47;-0,85;-2,40
80,860;0,50;-0,78;-2,33
80,862;0,53;-0,71;-2,26
80,863;0,56;-0,66;-2,22
80,864;0,62;-0,54;-2,12
80,866;0,65;-0,50;-2,09
80,867;0,68;-0,43;-2,05
80,869;0,71;-0,40;-2,02
80,870;0,74;-0,35;-2,00
80,871;0,78;-0,32;-1,98
80,873;0,82;-0,29;-1,95
80,874;0,89;-0,27;-1,95
80,875;0,99;-0,24;-1,93
80,876;1,05;-0,22;-1,92
80,877;1,07;-0,19;-1,93
80,878;1,10;-0,18;-1,91
80,879;1,12;-0,17;-1,92
80,880;1,13;-0,17;-1,92
80,882;1,15;-0,17;-1,91
80,889;1,17;-0,17;-1,91
80,890;1,20;-0,16;-1,90
80,891;1,19;-0,16;-1,87
80,958;1,19;-0,14;-1,85
80,959;1,18;-0,11;-1,83
80,960;1,15;-0,10;-1,80
80,961;1,12;-0,06;-1,77
80,962;1,08;-0,03;-1,74
80,963;1,03;-0,00;-1,72
80,964;0,94;0,08;-1,67
80,965;0,90;0,10;-1,63
80,966;0,85;0,13;-1,61
80,967;0,77;0,18;-1,56
80,969;0,69;0,22;-1,51
80,970;0,59;0,27;-1,46
80,971;0,49;0,30;-1,38
80,972;0,38;0,32;-1,32
80,974;0,18;0,35;-1,21
80,975;0,10;0,33;-1,17
80,976;0,04;0,32;-1,10
80,979;-0,01;0,33;-1,05
80,984;-0,03;0,32;-0,97
81,039;-0,01;0,34;-0,89
81,040;0,04;0,34;-0,79
81,043;0,16;0,33;-0,66
81,045;0,47;0,29;-0,33
81,046;0,67;0,29;-0,11
81,047;0,82;0,28;0,17
81,048;0,97;0,28;0,50
81,049;1,09;0,28;0,84
81,050;1,18;0,30;1,20
81,056;1,22;0,33;1,57
81,057;1,20;0,40;1,90
81,058;0,98;0,55;2,49
81,059;0,82;0,65;2,72
81,060;0,63;0,77;2,91
81,061;0,41;0,86;3,06
81,069;0,22;0,97;3,19
81,075;-0,00;1,08;3,28
81,076;-0,22;1,19;3,36
81,121;-0,44;1,30;3,39
81,141;-0,82;1,50;3,45
81,142;-0,99;1,59;3,46
81,143;-1,13;1,69;3,45
81,144;-1,27;1,76;3,44
81,145;-1,36;1,80;3,42
81,145;-1,45;1,85;3,40
81,146;-1,53;1,87;3,40
81,147;-1,63;1,87;3,37
81,148;-1,65;1,86;3,35
81,149;-1,66;1,82;3,36
81,151;-1,68;1,78;3,36
81,152;-1,66;1,74;3,36
81,153;-1,65;1,71;3,37
81,154;-1,63;1,66;3,38
81,154;-1,61;1,60;3,41
81,219;-1,56;1,55;3,45
81,221;-1,54;1,51;3,47
81,222;-1,53;1,46;3,51
81,223;-1,54;1,43;3,57
81,224;-1,53;1,38;3,62
81,225;-1,50;1,33;3,67
81,226;-1,48;1,29;3,74
81,227;-1,45;1,20;3,78
81,227;-1,32;1,06;3,87
81,228;-1,23;1,01;3,90
81,229;-1,16;0,93;3,95
81,230;-1,07;0,88;3,97
81,230;-0,99;0,82;3,99
81,231;-0,90;0,77;4,01
81,232;-0,83;0,72;4,05
81,234;-0,74;0,71;4,04
81,297;-0,58;0,67;4,04
81,298;-0,50;0,66;4,04
81,299;-0,43;0,65;4,05
81,300;-0,34;0,64;4,04
81,300;-0,26;0,64;4,04
81,301;-0,19;0,66;4,05
81,302;-0,12;0,68;4,05
81,304;-0,05;0,71;4,06
81,304;0,04;0,79;4,08
81,305;0,07;0,85;4,07
81,306;0,09;0,90;4,09
81,307;0,12;0,96;4,08
81,307;0,14;1,00;4,09
81,308;0,18;1,08;4,10
81,309;0,21;1,13;4,09
81,374;0,24;1,19;4,06
81,375;0,30;1,28;4,00
81,376;0,32;1,33;3,95
81,377;0,35;1,38;3,91
81,378;0,36;1,43;3,85
81,379;0,38;1,46;3,79
81,380;0,40;1,49;3,71
81,381;0,44;1,50;3,63
81,382;0,49;1,53;3,54
81,383;0,57;1,57;3,33
81,383;0,61;1,57;3,22
81,384;0,63;1,59;3,09
81,385;0,67;1,59;2,98
81,386;0,66;1,61;2,87
81,387;0,66;1,62;2,74
81,449;0,66;1,63;2,61
81,450;0,64;1,64;2,50
81,452;0,58;1,61;2,25
81,454;0,53;1,61;2,11
81,455;0,47;1,59;1,97
81,456;0,41;1,57;1,81
81,457;0,34;1,54;1,67
81,458;0,28;1,51;1,52
81,459;0,20;1,49;1,37
81,460;0,12;1,43;1,21
81,461;-0,01;1,33;0,91
81,462;-0,07;1,28;0,78
81,463;-0,13;1,22;0,64
81,464;-0,19;1,13;0,49
81,465;-0,25;1,07;0,35
81,466;-0,33;0,97;0,22
81,517;-0,42;0,89;0,10
81,519;-0,51;0,79;-0,01
81,519;-0,66;0,59;-0,25
81,520;-0,73;0,50;-0,36
81,522;-0,78;0,38;-0,48
81,523;-0,84;0,26;-0,59
81,524;-0,86;0,14;-0,70
81,525;-0,88;0,02;-0,81
81,526;-0,89;-0,10;-0,93
81,527;-0,87;-0,35;-1,14
81,528;-0,84;-0,48;-1,26
81,529;-0,78;-0,60;-1,37
81,530;-0,72;-0,73;-1,47
81,605;-0,63;-0,85;-1,56
81,612;-0,53;-0,98;-1,65
81,613;-0,44;-1,10;-1,72
81,614;-0,31;-1,21;-1,81
81,615;-0,07;-1,42;-1,92
81,616;0,03;-1,51;-1,97
81,617;0,15;-1,59;-1,99
81,618;0,26;-1,66;-2,01
81,619;0,36;-1,71;-2,02
81,620;0,44;-1,74;-2,03
81,635;0,53;-1,77;-2,03
81,637;0,60;-1,80;-2,01
81,638;0,70;-1,82;-1,98
81,639;0,76;-1,83;-1,97
81,640;0,78;-1,82;-1,94
81,641;0,80;-1,81;-1,93
81,643;0,82;-1,79;-1,91
81,644;0,85;-1,78;-1,90
81,645;0,85;-1,75;-1,91
81,646;0,88;-1,73;-1,91
81,647;0,91;-1,64;-1,99
81,648;0,93;-1,62;-2,04
81,649;0,97;-1,58;-2,11
81,650;0,99;-1,54;-2,18
81,697;1,02;-1,50;-2,29
81,698;1,07;-1,48;-2,40
81,699;1,10;-1,44;-2,50
81,700;1,09;-1,42;-2,64
81,701;1,07;-1,36;-2,87
81,702;1,02;-1,34;-2,97
81,703;0,97;-1,31;-3,06
81,704;0,91;-1,30;-3,14
81,706;0,87;-1,29;-3,20
81,707;0,83;-1,28;-3,24
81,708;0,78;-1,26;-3,30
81,710;0,74;-1,27;-3,31
81,770;0,68;-1,27;-3,36
81,772;0,66;-1,26;-3,34
81,773;0,64;-1,28;-3,36
81,774;0,61;-1,28;-3,34
81,775;0,59;-1,29;-3,33
81,776;0,54;-1,33;-3,31
81,777;0,50;-1,35;-3,28
81,778;0,47;-1,38;-3,27
81,778;0,36;-1,48;-3,21
81,779;0,31;-1,54;-3,19
81,780;0,26;-1,60;-3,19
81,781;0,19;-1,68;-3,17
81,782;0,11;-1,74;-3,16
81,783;0,03;-1,81;-3,16
81,784;-0,04;-1,87;-3,15
81,828;-0,11;-1,96;-3,14
81,829;-0,27;-2,08;-3,15
81,830;-0,35;-2,14;-3,15
81,831;-0,41;-2,20;-3,17
81,832;-0,46;-2,24;-3,18
81,833;-0,53;-2,28;-3,19
81,834;-0,61;-2,31;-3,20
81,835;-0,68;-2,32;-3,20
81,836;-0,77;-2,29;-3,19
81,837;-0,87;-2,26;-3,20
81,839;-0,92;-2,22;-3,20
81,912;-0,97;-2,20;-3,20
81,913;-1,00;-2,16;-3,19
81,914;-1,02;-2,11;-3,20
81,915;-1,05;-2,06;-3,20
81,916;-1,05;-2,02;-3,20
81,917;-1,05;-1,96;-3,19
81,918;-1,03;-1,81;-3,19
81,919;-1,01;-1,72;-3,19
81,920;-0,97;-1,62;-3,18
81,921;-0,94;-1,50;-3,18
81,922;-0,87;-1,40;-3,17
81,924;-0,83;-1,26;-3,16
81,926;-0,79;-1,15;-3,17
81,927;-0,68;-0,92;-3,14
81,928;-0,64;-0,79;-3,12
81,929;-0,57;-0,69;-3,12
81,929;-0,51;-0,57;-3,09
81,930;-0,42;-0,46;-3,07
82,009;-0,32;-0,37;-3,06
82,011;-0,22;-0,28;-3,05
82,013;-0,09;-0,22;-3,04
82,015;0,18;-0,10;-3,02
82,017;0,33;-0,02;-3,02
82,019;0,50;0,08;-3,02
82,021;0,68;0,18;-3,03
82,023;0,86;0,30;-3,03
82,025;1,06;0,40;-3,01
82,026;1,27;0,53;-2,95
82,028;1,50;0,65;-2,86
82,029;1,91;0,86;-2,56
82,031;2,10;0,93;-2,33
82,033;2,26;0,96;-2,05
82,034;2,39;0,96;-1,73
82,036;2,49;0,95;-1,39
82,037;2,53;0,94;-1,02
82,039;2,51;0,92;-0,67
82,042;2,44;0,90;-0,32
82,043;2,07;0,91;0,29
82,044;1,82;0,90;0,54
82,046;1,57;0,88;0,73
82,047;1,31;0,84;0,87
82,098;1,04;0,79;0,97
82,100;0,79;0,69;1,01
82,101;0,55;0,59;1,01
82,102;0,34;0,47;0,97
82,103;0,01;0,18;0,81
82,104;-0,11;0,01;0,70
82,105;-0,17;-0,17;0,57
82,110;-0,22;-0,34;0,46
82,111;-0,23;-0,50;0,39
82,112;-0,23;-0,61;0,35
82,113;-0,21;-0,71;0,36
82,114;-0,20;-0,77;0,41
82,115;-0,17;-0,78;0,65
82,116;-0,17;-0,74;0,82
82,190;-0,18;-0,66;1,02
82,193;-0,20;-0,56;1,23
82,194;-0,22;-0,42;1,46
82,195;-0,25;-0,27;1,69
82,196;-0,27;-0,09;1,93
82,197;-0,33;0,08;2,13
82,198;-0,43;0,45;2,50
82,199;-0,49;0,63;2,67
82,200;-0,57;0,83;2,80
82,201;-0,64;1,01;2,90
82,202;-0,70;1,19;2,99
82,203;-0,76;1,36;3,06
82,204;-0,80;1,52;3,09
82,205;-0,84;1,64;3,11
82,205;-0,85;1,84;3,09
82,206;-0,82;1,92;3,07
82,207;-0,78;1,96;3,04
82,208;-0,75;2,01;3,03
82,210;-0,69;2,03;3,01
82,251;-0,64;2,03;3,02
82,253;-0,59;2,05;3,03
82,254;-0,55;2,04;3,06
82,255;-0,46;1,99;3,15
82,256;-0,40;1,96;3,22
82,258;-0,39;1,91;3,29
82,259;-0,35;1,87;3,34
82,260;-0,32;1,83;3,42
82,261;-0,30;1,78;3,50
82,262;-0,28;1,74;3,56
82,319;-0,27;1,70;3,64
82,320;-0,27;1,66;3,78
82,320;-0,27;1,62;3,85
82,321;-0,27;1,63;3,89
82,323;-0,29;1,63;3,94
82,327;-0,30;1,62;3,99
82,329;-0,32;1,62;4,02
82,331;-0,36;1,61;4,05
82,333;-0,40;1,61;4,12
82,334;-0,40;1,60;4,15
82,336;-0,40;1,59;4,18
82,338;-0,41;1,58;4,19
82,339;-0,39;1,56;4,21
82,341;-0,39;1,55;4,23
82,344;-0,40;1,53;4,25
82,345;-0,39;1,52;4,26
82,347;-0,42;1,48;4,27
82,408;-0,44;1,47;4,27
82,410;-0,47;1,46;4,27
82,411;-0,50;1,45;4,25
82,412;-0,52;1,47;4,23
82,413;-0,54;1,46;4,23
82,414;-0,57;1,46;4,21
82,415;-0,59;1,45;4,19
82,416;-0,68;1,47;4,16
82,417;-0,71;1,45;4,14
82,418;-0,73;1,44;4,12
82,419;-0,77;1,44;4,09
82,420;-0,81;1,43;4,06
82,421;-0,82;1,44;4,02
82,422;-0,83;1,42;3,98
82,423;-0,85;1,40;3,92
82,425;-0,87;1,36;3,81
82,513;-0,86;1,34;3,75
82,515;-0,88;1,33;3,68
82,516;-0,89;1,31;3,61
82,518;-0,89;1,30;3,52
82,519;-0,90;1,28;3,42
82,520;-0,93;1,26;3,33
82,522;-0,92;1,23;3,21
82,523;-0,94;1,19;2,98
82,524;-0,96;1,17;2,87
82,526;-0,96;1,15;2,75
82,527;-0,96;1,13;2,62
82,527;-0,94;1,11;2,50
82,528;-0,94;1,09;2,36
82,529;-0,93;1,05;2,22
82,530;-0,91;1,03;2,08
82,531;-0,92;0,98;1,82
82,532;-0,93;0,95;1,70
82,533;-0,95;0,93;1,57
82,534;-0,95;0,91;1,46
82,535;-0,96;0,86;1,35
82,536;-0,95;0,81;1,25
82,537;-0,97;0,78;1,14
82,602;-0,96;0,73;1,05
82,604;-0,94;0,63;0,82
82,605;-0,93;0,57;0,70
82,606;-0,92;0,51;0,59
82,608;-0,91;0,43;0,49
82,609;-0,88;0,39;0,38
82,614;-0,84;0,31;0,26
82,616;-0,81;0,23;0,15
82,618;-0,79;0,16;0,05
82,628;-0,76;0,02;-0,20
82,629;-0,72;-0,03;-0,34
82,630;-0,71;-0,10;-0,48
82,632;-0,71;-0,17;-0,62
82,633;-0,68;-0,22;-0,77
82,634;-0,66;-0,28;-0,92
82,635;-0,62;-0,34;-1,10
82,637;-0,57;-0,42;-1,27
82,638;-0,43;-0,56;-1,63
82,639;-0,35;-0,61;-1,82
82,640;-0,24;-0,70;-2,00
82,642;-0,13;-0,77;-2,18
82,693;-0,01;-0,84;-2,35
82,695;0,13;-0,91;-2,49
82,696;0,24;-0,99;-2,62
82,696;0,35;-1,02;-2,73
82,700;0,56;-1,11;-2,91
82,701;0,65;-1,14;-2,96
82,702;0,73;-1,15;-3,00
82,703;0,80;-1,19;-3,01
82,704;0,88;-1,20;-3,03
82,705;0,94;-1,19;-2,99
82,706;1,00;-1,18;-2,98
82,707;1,08;-1,14;-2,88
82,708;1,11;-1,10;-2,84
82,764;1,12;-1,06;-2,80
82,767;1,12;-1,02;-2,79
82,768;1,12;-0,97;-2,80
82,769;1,14;-0,94;-2,81
82,770;1,12;-0,90;-2,83
82,771;1,13;-0,87;-2,88
82,772;1,18;-0,84;-3,01
82,773;1,21;-0,85;-3,09
82,774;1,26;-0,86;-3,18
82,775;1,29;-0,89;-3,28
82,776;1,35;-0,92;-3,38
82,778;1,38;-0,97;-3,45
82,779;1,41;-1,02;-3,53
82,780;1,43;-1,07;-3,60
82,781;1,45;-1,14;-3,70
82,836;1,44;-1,18;-3,73
82,838;1,43;-1,22;-3,77
82,839;1,42;-1,25;-3,78
82,840;1,39;-1,30;-3,79
82,841;1,38;-1,33;-3,80
82,842;1,36;-1,37;-3,79
82,843;1,32;-1,42;-3,79
82,844;1,24;-1,52;-3,74
82,845;1,21;-1,56;-3,74
82,847;1,19;-1,62;-3,71
82,847;1,15;-1,66;-3,67
82,848;1,13;-1,73;-3,64
82,849;1,10;-1,77;-3,60
82,851;1,08;-1,82;-3,57
82,933;1,06;-1,85;-3,55
82,937;1,02;-1,96;-3,50
82,940;1,01;-2,00;-3,47
82,942;0,99;-2,04;-3,47
82,944;0,98;-2,07;-3,45
82,945;0,97;-2,10;-3,42
82,946;0,94;-2,13;-3,41
82,947;0,95;-2,15;-3,39
82,948;0,93;-2,16;-3,38
82,950;0,91;-2,15;-3,32
82,951;0,88;-2,15;-3,28
82,952;0,87;-2,14;-3,26
82,953;0,82;-2,13;-3,23
82,954;0,78;-2,11;-3,20
82,956;0,73;-2,08;-3,17
82,957;0,66;-2,05;-3,14
82,959;0,61;-2,01;-3,12
82,960;0,48;-1,91;-3,07
82,961;0,44;-1,86;-3,06
82,963;0,36;-1,80;-3,05
82,964;0,31;-1,75;-3,02
82,965;0,26;-1,68;-3,02
82,966;0,20;-1,62;-2,99
83,012;0,16;-1,57;-2,98
83,013;0,11;-1,50;-2,97
83,015;0,04;-1,39;-2,93
83,016;0,02;-1,34;-2,92
83,017;0,00;-1,31;-2,89
83,018;0,00;-1,27;-2,87
83,019;-0,02;-1,23;-2,85
83,020;-0,03;-1,19;-2,83
83,022;-0,05;-1,16;-2,80
83,023;-0,07;-1,12;-2,78
83,024;-0,13;-1,05;-2,72
83,025;-0,14;-1,03;-2,71
83,083;-0,14;-1,00;-2,67
83,086;-0,15;-0,98;-2,65
83,087;-0,13;-0,96;-2,65
83,088;-0,10;-0,97;-2,63
83,089;-0,08;-0,95;-2,63
83,089;-0,02;-0,94;-2,62
83,091;0,09;-0,91;-2,58
83,092;0,14;-0,87;-2,54
83,093;0,20;-0,80;-2,51
83,095;0,27;-0,69;-2,48
83,096;0,32;-0,57;-2,44
83,103;0,39;-0,42;-2,39
83,104;0,49;-0,23;-2,33
83,105;0,73;0,13;-2,16
83,106;0,87;0,29;-2,01
83,107;0,99;0,48;-1,80
83,159;1,07;0,66;-1,54
83,160;1,16;0,80;-1,22
83,161;1,20;0,95;-0,86
83,163;1,23;1,07;-0,46
83,164;1,22;1,19;-0,04
83,165;1,06;1,43;0,75
83,166;0,92;1,55;1,11
83,167;0,73;1,65;1,43
83,168;0,53;1,72;1,71
83,170;0,32;1,74;1,93
83,171;0,11;1,74;2,10
83,172;-0,09;1,71;2,20
83,173;-0,26;1,65;2,26
83,266;-0,59;1,47;2,23
83,267;-0,74;1,35;2,19
83,268;-0,86;1,23;2,12
83,270;-0,97;1,10;2,08
83,271;-1,09;0,99;2,06
83,273;-1,19;0,90;2,06
83,274;-1,28;0,83;2,08
83,275;-1,36;0,79;2,13
83,276;-1,49;0,75;2,31
83,277;-1,55;0,74;2,42
83,278;-1,60;0,76;2,55
83,279;-1,64;0,78;2,67
83,280;-1,66;0,85;2,79
83,281;-1,68;0,91;2,90
83,282;-1,72;0,99;3,00
83,283;-1,72;1,07;3,10
83,284;-1,74;1,25;3,25
83,285;-1,75;1,33;3,31
83,286;-1,76;1,43;3,34
83,287;-1,76;1,51;3,37
83,288;-1,76;1,59;3,38
83,289;-1,74;1,67;3,39
83,291;-1,71;1,74;3,37
83,294;-1,68;1,79;3,35
83,296;-1,59;1,89;3,34
83,342;-1,52;1,92;3,30
83,343;-1,45;1,95;3,30
83,344;-1,38;1,98;3,29
83,346;-1,32;1,98;3,28
83,347;-1,26;2,00;3,29
83,348;-1,21;2,02;3,30
83,349;-1,17;2,03;3,32
83,350;-1,13;2,07;3,35
83,351;-1,11;2,08;3,38
83,352;-1,12;2,07;3,42
83,353;-1,13;2,04;3,45
83,422;-1,13;2,00;3,50
83,423;-1,12;1,97;3,53
83,424;-1,12;1,93;3,57
83,425;-1,08;1,85;3,60
83,426;-1,00;1,70;3,66
83,427;-0,96;1,61;3,68
83,428;-0,94;1,53;3,70
83,429;-0,87;1,46;3,72
83,431;-0,82;1,37;3,73
83,432;-0,78;1,30;3,75
83,433;-0,72;1,22;3,76
83,434;-0,67;1,17;3,79
83,435;-0,60;1,10;3,83
83,436;-0,58;1,09;3,85
83,437;-0,56;1,08;3,86
83,438;-0,55;1,09;3,87
83,439;-0,55;1,09;3,88
83,491;-0,56;1,10;3,87
83,492;-0,58;1,13;3,87
83,494;-0,61;1,14;3,90
83,495;-0,66;1,19;3,91
83,497;-0,69;1,22;3,92
83,498;-0,72;1,24;3,93
83,499;-0,75;1,26;3,93
83,500;-0,79;1,28;3,93
83,501;-0,81;1,30;3,94
83,502;-0,85;1,30;3,91
83,503;-0,89;1,32;3,88
83,504;-0,89;1,31;3,86
83,506;-0,91;1,30;3,82
83,507;-0,92;1,29;3,78
83,593;-0,92;1,29;3,73
83,602;-0,90;1,28;3,66
83,604;-0,87;1,27;3,60
83,605;-0,84;1,25;3,53
83,606;-0,78;1,19;3,37
83,607;-0,76;1,17;3,28
83,608;-0,72;1,14;3,18
83,609;-0,69;1,12;3,09
83,610;-0,66;1,11;2,97
83,611;-0,65;1,09;2,87
83,612;-0,64;1,07;2,76
83,613;-0,64;1,05;2,67
83,617;-0,69;1,02;2,45
83,618;-0,71;1,02;2,34
83,619;-0,74;0,99;2,22
83,625;-0,78;0,99;2,11
83,626;-0,83;0,97;1,99
83,627;-0,86;0,95;1,86
83,628;-0,92;0,93;1,74
83,629;-0,96;0,90;1,60
83,630;-1,07;0,85;1,34
83,631;-1,13;0,80;1,19
83,633;-1,17;0,77;1,07
83,642;-1,20;0,72;0,92
83,643;-1,23;0,65;0,77
83,644;-1,25;0,60;0,66
83,646;-1,26;0,53;0,52
83,647;-1,26;0,45;0,39
83,700;-1,24;0,30;0,17
83,706;-1,24;0,20;0,06
83,707;-1,23;0,12;-0,05
83,708;-1,21;0,03;-0,18
83,709;-1,19;-0,07;-0,31
83,710;-1,17;-0,14;-0,45
83,712;-1,17;-0,22;-0,62
83,713;-1,15;-0,30;-0,76
83,714;-1,13;-0,46;-1,11
83,716;-1,07;-0,54;-1,28
83,717;-1,02;-0,62;-1,48
83,718;-0,94;-0,69;-1,67
83,719;-0,86;-0,76;-1,87
83,720;-0,75;-0,84;-2,06
83,722;-0,63;-0,91;-2,25
83,795;-0,51;-0,99;-2,41
83,798;-0,23;-1,11;-2,71
83,800;-0,08;-1,17;-2,84
83,801;0,07;-1,22;-2,96
83,803;0,21;-1,26;-3,09
83,804;0,35;-1,32;-3,20
83,805;0,49;-1,35;-3,27
83,806;0,63;-1,38;-3,34
83,807;0,75;-1,40;-3,38
83,808;0,97;-1,45;-3,43
83,809;1,06;-1,45;-3,43
83,810;1,15;-1,44;-3,42
83,812;1,23;-1,42;-3,40
83,813;1,29;-1,40;-3,37
83,814;1,35;-1,36;-3,34
83,816;1,40;-1,33;-3,31
83,817;1,42;-1,30;-3,30
83,818;1,49;-1,22;-3,31
83,819;1,54;-1,18;-3,32
83,917;1,58;-1,16;-3,36
83,918;1,63;-1,16;-3,40
83,920;1,66;-1,15;-3,48
83,921;1,72;-1,16;-3,57
83,923;1,76;-1,18;-3,67
83,924;1,83;-1,19;-3,79
83,925;1,92;-1,24;-4,00
83,925;1,95;-1,26;-4,08
83,926;1,97;-1,28;-4,15
83,927;2,00;-1,30;-4,20
83,928;2,01;-1,28;-4,25
83,929;2,03;-1,29;-4,27
83,930;2,05;-1,28;-4,29
83,933;2,05;-1,25;-4,30
83,935;2,07;-1,21;-4,27
83,936;2,07;-1,19;-4,23
83,937;2,06;-1,16;-4,18
83,939;2,04;-1,13;-4,13
83,940;2,01;-1,10;-4,07
83,942;2,00;-1,08;-4,01
83,943;1,99;-1,05;-3,93
83,945;1,94;-1,02;-3,79
83,946;1,90;-1,03;-3,70
83,948;1,86;-1,02;-3,63
83,949;1,85;-1,04;-3,56
83,950;1,81;-1,06;-3,50
83,952;1,77;-1,09;-3,45
84,077;1,71;-1,14;-3,40
84,086;1,66;-1,18;-3,37
84,089;1,52;-1,29;-3,28
84,093;1,43;-1,36;-3,25
84,097;1,36;-1,40;-3,22
84,100;1,25;-1,48;-3,19
84,103;1,16;-1,54;-3,16
84,105;1,05;-1,59;-3,13
84,107;0,92;-1,64;-3,11
84,110;0,80;-1,67;-3,09
84,112;0,52;-1,72;-3,01
84,114;0,38;-1,76;-2,98
84,117;0,24;-1,77;-2,94
84,118;0,09;-1,78;-2,91
84,120;-0,06;-1,77;-2,85
84,123;-0,18;-1,77;-2,80
84,124;-0,30;-1,78;-2,76
84,125;-0,41;-1,78;-2,71
84,126;-0,60;-1,79;-2,63
84,127;-0,66;-1,79;-2,59
84,129;-0,71;-1,80;-2,56
84,130;-0,76;-1,80;-2,52
84,131;-0,79;-1,81;-2,50
84,132;-0,80;-1,82;-2,47
84,134;-0,80;-1,82;-2,45
84,136;-0,80;-1,80;-2,43
84,145;-0,74;-1,79;-2,41
84,147;-0,71;-1,76;-2,41
84,148;-0,67;-1,72;-2,40
84,149;-0,62;-1,67;-2,40
84,150;-0,58;-1,60;-2,38
84,152;-0,52;-1,54;-2,35
84,153;-0,47;-1,44;-2,33
84,154;-0,41;-1,36;-2,29
84,155;-0,26;-1,17;-2,17
84,156;-0,15;-1,09;-2,12
84,157;-0,05;-0,97;-2,06
84,158;0,05;-0,89;-1,98
84,159;0,18;-0,79;-1,90
84,160;0,28;-0,68;-1,82
84,161;0,39;-0,57;-1,71
84,162;0,50;-0,45;-1,62
84,217;0,70;-0,21;-1,41
84,218;0,81;-0,09;-1,28
84,219;0,91;0,03;-1,16
84,220;1,01;0,14;-1,02
84,222;1,10;0,23;-0,87
84,223;1,18;0,29;-0,72
84,224;1,22;0,39;-0,56
84,225;1,26;0,48;-0,38
84,226;1,22;0,64;-0,02
84,227;1,17;0,72;0,13
84,228;1,09;0,79;0,27
84,229;1,02;0,85;0,40
84,230;0,95;0,91;0,51
84,234;0,87;0,94;0,60
84,305;0,80;0,94;0,68
84,311;0,73;0,93;0,75
84,317;0,62;0,87;0,86
84,320;0,57;0,80;0,92
84,323;0,52;0,73;0,97
84,324;0,48;0,66;1,04
84,325;0,42;0,58;1,12
84,327;0,34;0,53;1,22
84,328;0,26;0,50;1,33
84,329;0,19;0,46;1,45
84,330;0,04;0,40;1,69
84,332;-0,05;0,39;1,83
84,334;-0,12;0,40;1,97
84,335;-0,20;0,41;2,09
84,336;-0,28;0,43;2,22
84,337;-0,36;0,47;2,35
84,338;-0,48;0,52;2,45
84,340;-0,72;0,66;2,67
84,341;-0,86;0,77;2,76
84,342;-0,99;0,85;2,83
84,343;-1,14;0,94;2,89
84,344;-1,25;1,05;2,93
84,392;-1,36;1,13;2,97
84,393;-1,45;1,22;3,00
84,395;-1,54;1,30;3,02
84,396;-1,63;1,42;3,03
84,397;-1,67;1,46;3,03
84,398;-1,69;1,50;3,05
84,399;-1,68;1,52;3,07
84,400;-1,66;1,55;3,09
84,401;-1,63;1,55;3,11
84,402;-1,58;1,57;3,15
84,403;-1,54;1,57;3,20
84,404;-1,45;1,57;3,29
84,484;-1,43;1,57;3,35
84,486;-1,39;1,55;3,41
84,487;-1,34;1,55;3,48
84,488;-1,33;1,57;3,54
84,489;-1,29;1,57;3,60
84,490;-1,24;1,56;3,67
84,492;-1,21;1,57;3,74
84,493;-1,14;1,62;3,84
84,494;-1,10;1,66;3,90
84,495;-1,06;1,68;3,95
84,496;-1,04;1,71;4,01
84,497;-1,02;1,74;4,04
84,498;-0,97;1,76;4,08
84,500;-0,95;1,77;4,10
84,501;-0,91;1,78;4,14
84,502;-0,81;1,78;4,17
84,503;-0,76;1,75;4,18
84,504;-0,69;1,75;4,20
84,505;-0,63;1,74;4,21
84,506;-0,55;1,72;4,21
84,507;-0,50;1,71;4,23
84,584;-0,43;1,69;4,22
84,585;-0,37;1,68;4,20
84,586;-0,31;1,65;4,13
84,587;-0,30;1,64;4,08
84,588;-0,31;1,62;4,04
84,590;-0,32;1,59;3,98
84,591;-0,34;1,59;3,94
84,592;-0,34;1,58;3,91
84,594;-0,36;1,57;3,88
84,595;-0,37;1,58;3,85
84,596;-0,42;1,57;3,78
84,597;-0,43;1,57;3,73
84,598;-0,45;1,57;3,70
84,600;-0,47;1,57;3,66
84,601;-0,50;1,57;3,62
84,606;-0,51;1,57;3,58
84,607;-0,55;1,56;3,52
84,608;-0,58;1,56;3,47
84,609;-0,60;1,55;3,34
84,610;-0,62;1,53;3,26
84,659;-0,65;1,53;3,19
84,660;-0,65;1,52;3,10
84,662;-0,67;1,51;3,01
84,663;-0,68;1,50;2,91
84,664;-0,69;1,48;2,82
84,665;-0,71;1,46;2,72
84,667;-0,69;1,42;2,50
84,668;-0,68;1,39;2,40
84,669;-0,68;1,35;2,27
84,670;-0,69;1,32;2,15
84,671;-0,68;1,29;2,03
84,672;-0,68;1,25;1,88
84,673;-0,69;1,20;1,76
84,746;-0,71;1,17;1,63
84,748;-0,73;1,10;1,38
84,750;-0,76;1,07;1,26
84,752;-0,77;1,02;1,13
84,753;-0,79;0,99;1,01
84,755;-0,82;0,94;0,90
84,756;-0,83;0,89;0,77
84,757;-0,84;0,84;0,67
84,758;-0,86;0,72;0,43
84,759;-0,86;0,66;0,32
84,760;-0,84;0,57;0,21
84,762;-0,81;0,49;0,09
84,763;-0,78;0,41;-0,01
84,764;-0,74;0,33;-0,13
84,765;-0,72;0,25;-0,22
84,767;-0,68;0,19;-0,32
84,768;-0,64;0,04;-0,55
84,769;-0,61;-0,03;-0,66
84,770;-0,59;-0,09;-0,78
84,773;-0,58;-0,16;-0,91
84,842;-0,55;-0,22;-1,04
84,844;-0,51;-0,29;-1,18
84,846;-0,48;-0,35;-1,35
84,847;-0,42;-0,41;-1,50
84,848;-0,23;-0,56;-1,86
84,849;-0,10;-0,61;-2,00
84,850;0,03;-0,68;-2,16
84,851;0,17;-0,76;-2,30
84,853;0,31;-0,85;-2,44
84,854;0,45;-0,91;-2,53
84,855;0,59;-0,97;-2,63
84,856;0,70;-1,04;-2,70
84,857;0,94;-1,15;-2,79
84,858;1,06;-1,22;-2,81
84,859;1,15;-1,26;-2,82
84,860;1,26;-1,32;-2,80
84,861;1,36;-1,35;-2,78
84,862;1,41;-1,37;-2,74
84,940;1,48;-1,38;-2,68
84,943;1,52;-1,39;-2,62
84,946;1,59;-1,37;-2,49
84,948;1,59;-1,36;-2,44
84,950;1,57;-1,33;-2,40
84,954;1,56;-1,31;-2,39
84,955;1,54;-1,30;-2,37
84,956;1,51;-1,28;-2,38
84,958;1,49;-1,27;-2,41
84,959;1,48;-1,26;-2,46
84,960;1,49;-1,28;-2,62
84,964;1,49;-1,30;-2,72
84,968;1,51;-1,34;-2,83
84,969;1,53;-1,37;-2,95
84,970;1,56;-1,42;-3,06
84,972;1,58;-1,47;-3,16
84,973;1,58;-1,50;-3,26
84,975;1,58;-1,54;-3,32
84,976;1,57;-1,59;-3,43
84,977;1,56;-1,61;-3,47
84,979;1,54;-1,61;-3,48
84,980;1,55;-1,64;-3,50
84,981;1,52;-1,66;-3,52
84,983;1,50;-1,68;-3,52
85,041;1,47;-1,69;-3,51
85,043;1,46;-1,72;-3,50
85,044;1,41;-1,76;-3,46
85,045;1,38;-1,77;-3,44
85,046;1,35;-1,79;-3,41
85,047;1,34;-1,84;-3,38
85,048;1,32;-1,86;-3,34
85,049;1,31;-1,92;-3,31
85,050;1,28;-1,95;-3,27
85,052;1,26;-2,00;-3,24
85,053;1,23;-2,10;-3,16
85,054;1,19;-2,16;-3,12
85,055;1,18;-2,22;-3,09
85,056;1,15;-2,27;-3,04
85,058;1,11;-2,31;-3,00
85,119;1,07;-2,37;-2,94
85,120;1,01;-2,43;-2,90
85,121;0,93;-2,49;-2,88
85,123;0,76;-2,58;-2,80
85,124;0,66;-2,62;-2,76
85,137;0,55;-2,65;-2,73
85,139;0,43;-2,67;-2,71
85,140;0,29;-2,70;-2,69
85,142;0,16;-2,70;-2,67
85,144;0,01;-2,71;-2,66
85,145;-0,28;-2,71;-2,64
85,146;-0,43;-2,70;-2,65
85,148;-0,57;-2,67;-2,64
85,149;-0,71;-2,65;-2,66
85,150;-0,84;-2,61;-2,67
85,152;-0,97;-2,57;-2,70
85,154;-1,09;-2,52;-2,71
85,155;-1,20;-2,47;-2,72
85,156;-1,34;-2,36;-2,75
85,158;-1,38;-2,33;-2,79
85,205;-1,40;-2,28;-2,82
85,207;-1,40;-2,22;-2,87
85,208;-1,39;-2,17;-2,91
85,209;-1,36;-2,10;-2,94
85,210;-1,32;-2,03;-2,98
85,212;-1,27;-1,97;-3,02
85,214;-1,15;-1,82;-3,09
85,215;-1,06;-1,72;-3,10
85,216;-0,98;-1,62;-3,13
85,217;-0,90;-1,52;-3,15
85,218;-0,81;-1,40;-3,13
85,219;-0,73;-1,29;-3,13
85,277;-0,60;-1,17;-3,11
85,279;-0,46;-1,04;-3,09
85,281;-0,15;-0,75;-3,06
85,283;0,06;-0,58;-3,06
85,284;0,30;-0,41;-3,04
85,285;0,55;-0,25;-3,01
85,286;0,79;-0,11;-2,94
85,288;0,99;0,03;-2,83
85,289;1,17;0,14;-2,68
85,290;1,30;0,23;-2,47
85,292;1,38;0,27;-1,89
85,293;1,31;0,26;-1,53
85,295;1,22;0,23;-1,16
85,296;1,01;0,20;-0,77
85,298;0,75;0,18;-0,38
85,299;0,43;0,18;0,00
85,357;0,08;0,18;0,34
85,359;-0,31;0,16;0,63
85,360;-1,10;0,08;1,09
85,362;-1,45;0,01;1,23
85,364;-1,79;-0,10;1,32
85,365;-2,06;-0,22;1,36
85,366;-2,29;-0,37;1,34
85,368;-2,46;-0,54;1,29
85,370;-2,59;-0,71;1,22
85,371;-2,66;-0,90;1,14
85,372;-2,70;-1,24;0,99
85,373;-2,67;-1,37;0,96
85,374;-2,64;-1,48;0,96
85,375;-2,59;-1,54;1,01
85,376;-2,53;-1,60;1,09
85,378;-2,45;-1,62;1,19
85,451;-2,38;-1,62;1,33
85,456;-2,31;-1,60;1,51
85,459;-2,17;-1,48;1,90
85,462;-2,11;-1,40;2,10
85,464;-2,06;-1,28;2,30
85,466;-1,99;-1,14;2,49
85,468;-1,93;-1,01;2,66
85,471;-1,88;-0,85;2,84
85,473;-1,84;-0,69;3,00
85,475;-1,79;-0,49;3,13
85,476;-1,70;-0,10;3,36
85,478;-1,64;0,12;3,42
85,479;-1,55;0,32;3,45
85,480;-1,45;0,53;3,49
85,483;-1,34;0,72;3,50
85,484;-1,20;0,92;3,52
85,485;-1,07;1,12;3,52
85,486;-0,92;1,30;3,55
85,488;-0,57;1,64;3,59
85,490;-0,36;1,80;3,65
85,491;-0,17;1,92;3,69
85,493;0,01;2,03;3,74
85,495;0,19;2,11;3,79
85,552;0,37;2,19;3,85
85,556;0,52;2,25;3,92
85,557;0,81;2,37;4,09
85,558;0,91;2,41;4,16
85,559;1,03;2,44;4,24
85,560;1,12;2,46;4,32
85,561;1,22;2,46;4,38
85,562;1,29;2,45;4,45
85,563;1,37;2,45;4,51
85,564;1,45;2,44;4,55
85,565;1,57;2,45;4,64
85,567;1,61;2,43;4,65
85,568;1,64;2,43;4,68
85,569;1,64;2,41;4,68
85,570;1,61;2,41;4,68
85,652;1,59;2,38;4,69
85,653;1,57;2,38;4,68
85,654;1,52;2,38;4,68
85,658;1,43;2,31;4,65
85,659;1,37;2,30;4,62
85,660;1,31;2,26;4,61
85,661;1,24;2,23;4,56
85,662;1,13;2,20;4,54
85,663;1,05;2,17;4,49
85,664;0,94;2,14;4,46
85,664;0,84;2,12;4,42
85,665;0,63;2,06;4,36
85,666;0,53;2,04;4,32
85,667;0,43;2,03;4,27
85,670;0,34;2,00;4,25
85,671;0,25;1,98;4,21
85,672;0,16;1,94;4,17
85,673;0,09;1,92;4,12
85,674;0,02;1,89;4,07
85,675;-0,14;1,83;3,97
85,675;-0,21;1,80;3,91
85,726;-0,28;1,75;3,83
85,728;-0,35;1,72;3,76
85,729;-0,39;1,70;3,68
85,731;-0,45;1,66;3,61
85,734;-0,48;1,61;3,52
85,735;-0,52;1,58;3,43
85,735;-0,58;1,50;3,23
85,736;-0,62;1,44;3,13
85,738;-0,65;1,39;3,02
85,739;-0,66;1,34;2,90
85,740;-0,69;1,30;2,78
85,742;-0,72;1,25;2,67
85,743;-0,75;1,22;2,55
85,744;-0,77;1,18;2,43
85,800;-0,82;1,12;2,19
85,803;-0,85;1,07;2,04
85,807;-0,87;1,05;1,93
85,808;-0,90;1,02;1,79
85,809;-0,95;1,00;1,67
85,810;-0,99;0,98;1,53
85,814;-1,04;0,97;1,41
85,815;-1,11;0,96;1,28
85,816;-1,24;0,97;1,04
85,817;-1,28;0,95;0,92
85,818;-1,35;0,95;0,81
85,819;-1,37;0,93;0,68
85,820;-1,39;0,90;0,57
85,821;-1,41;0,86;0,46
85,823;-1,41;0,83;0,33
85,824;-1,37;0,79;0,22
85,877;-1,28;0,65;-0,00
85,878;-1,23;0,57;-0,11
85,879;-1,15;0,50;-0,21
85,880;-1,10;0,43;-0,33
85,881;-1,04;0,35;-0,43
85,883;-0,98;0,29;-0,53
85,884;-0,93;0,21;-0,65
85,884;-0,87;0,14;-0,77
85,885;-0,79;0,00;-1,00
85,886;-0,75;-0,05;-1,12
85,887;-0,71;-0,11;-1,25
85,888;-0,68;-0,18;-1,40
85,889;-0,63;-0,25;-1,56
85,953;-0,57;-0,30;-1,73
85,958;-0,51;-0,36;-1,91
85,959;-0,31;-0,50;-2,30
85,960;-0,18;-0,59;-2,49
85,960;-0,04;-0,67;-2,69
85,961;0,12;-0,76;-2,86
85,962;0,26;-0,83;-3,01
85,963;0,41;-0,91;-3,16
85,964;0,56;-0,95;-3,28
85,964;0,69;-1,01;-3,36
85,965;0,97;-1,10;-3,48
85,966;1,10;-1,16;-3,49
85,966;1,24;-1,20;-3,48
85,967;1,34;-1,23;-3,45
85,968;1,44;-1,26;-3,39
85,969;1,51;-1,29;-3,31
86,013;1,59;-1,31;-3,23
86,014;1,63;-1,34;-3,13
86,015;1,65;-1,35;-2,95
86,016;1,66;-1,33;-2,88
86,016;1,65;-1,34;-2,83
86,017;1,65;-1,35;-2,80
86,018;1,64;-1,36;-2,79
86,018;1,64;-1,37;-2,80
86,020;1,64;-1,38;-2,85
86,020;1,65;-1,40;-2,89
86,023;1,68;-1,44;-3,09
86,075;1,71;-1,46;-3,19
86,076;1,75;-1,50;-3,33
86,076;1,79;-1,53;-3,47
86,078;1,87;-1,56;-3,61
86,079;1,91;-1,60;-3,76
86,079;1,96;-1,62;-3,87
86,080;1,98;-1,66;-3,99
86,081;2,02;-1,68;-4,15
86,087;2,01;-1,67;-4,20
86,088;2,00;-1,67;-4,24
86,089;1,99;-1,65;-4,25
86,090;1,95;-1,64;-4,26
86,101;1,95;-1,63;-4,24
86,102;1,92;-1,63;-4,24
86,103;1,90;-1,63;-4,20
86,106;1,84;-1,61;-4,11
86,161;1,84;-1,61;-4,05
86,162;1,80;-1,60;-3,98
86,163;1,79;-1,59;-3,90
86,164;1,76;-1,59;-3,83
86,165;1,73;-1,59;-3,75
86,165;1,71;-1,59;-3,67
86,166;1,69;-1,60;-3,58
86,167;1,65;-1,64;-3,42
86,168;1,62;-1,64;-3,34
86,169;1,58;-1,68;-3,26
86,169;1,55;-1,71;-3,18
86,170;1,50;-1,74;-3,11
86,171;1,45;-1,77;-3,05
86,237;1,41;-1,80;-2,97
86,238;1,35;-1,83;-2,91
86,239;1,23;-1,92;-2,80
86,240;1,17;-1,94;-2,77
86,240;1,10;-1,98;-2,72
86,241;1,02;-2,01;-2,67
86,243;0,94;-2,04;-2,64
86,245;0,84;-2,07;-2,60
86,246;0,77;-2,10;-2,57
86,248;0,68;-2,12;-2,54
86,249;0,48;-2,15;-2,48
86,250;0,39;-2,16;-2,45
86,251;0,28;-2,16;-2,41
86,252;0,18;-2,15;-2,38
86,253;0,06;-2,13;-2,34
86,255;-0,05;-2,11;-2,30
86,256;-0,16;-2,08;-2,27
86,318;-0,26;-2,05;-2,24
86,319;-0,45;-2,00;-2,18
86,321;-0,52;-1,98;-2,17
86,323;-0,58;-1,97;-2,14
86,326;-0,63;-1,97;-2,14
86,327;-0,67;-1,98;-2,13
86,328;-0,69;-1,98;-2,11
86,329;-0,71;-1,99;-2,10
86,330;-0,71;-1,99;-2,05
86,331;-0,70;-2,00;-2,04
86,332;-0,69;-2,01;-2,00
86,333;-0,65;-2,01;-1,97
86,334;-0,61;-2,01;-1,93
86,335;-0,55;-2,02;-1,88
86,336;-0,50;-2,01;-1,86
86,337;-0,43;-2,01;-1,82
86,339;-0,29;-1,94;-1,75
86,384;-0,19;-1,87;-1,71
86,386;-0,11;-1,79;-1,68
86,387;-0,03;-1,66;-1,62
86,388;0,06;-1,54;-1,59
86,390;0,14;-1,37;-1,55
86,392;0,25;-1,18;-1,49
86,393;0,35;-0,96;-1,44
86,394;0,56;-0,56;-1,28
86,395;0,68;-0,36;-1,16
86,396;0,79;-0,17;-1,04
86,397;0,90;-0,01;-0,88
86,479;1,00;0,14;-0,71
86,480;1,07;0,29;-0,52
86,481;1,12;0,41;-0,30
86,482;1,10;0,51;-0,06
86,483;0,96;0,71;0,41
86,484;0,83;0,77;0,62
86,484;0,68;0,83;0,80
86,485;0,55;0,85;0,96
86,486;0,41;0,85;1,08
86,487;0,28;0,83;1,17
86,488;0,16;0,76;1,23
86,488;0,04;0,69;1,27
86,489;-0,15;0,50;1,30
86,490;-0,23;0,40;1,30
86,491;-0,28;0,32;1,31
86,492;-0,32;0,23;1,32
86,492;-0,34;0,19;1,38
86,493;-0,35;0,14;1,45
86,494;-0,37;0,12;1,55
86,495;-0,40;0,13;1,68
86,559;-0,48;0,21;1,96
86,560;-0,53;0,28;2,11
86,561;-0,61;0,38;2,27
86,564;-0,70;0,49;2,43
86,565;-0,80;0,61;2,58
86,565;-0,90;0,75;2,74
86,566;-0,99;0,89;2,88
86,567;-1,10;1,03;3,01
86,568;-1,31;1,31;3,24
86,569;-1,40;1,45;3,33
86,570;-1,50;1,59;3,41
86,571;-1,57;1,71;3,47
86,572;-1,64;1,82;3,52
86,573;-1,69;1,91;3,54
86,574;-1,74;2,00;3,55
86,575;-1,74;2,04;3,56
86,625;-1,75;2,15;3,56
86,627;-1,72;2,17;3,57
86,635;-1,71;2,18;3,59
86,636;-1,67;2,18;3,62
86,637;-1,65;2,17;3,64
86,638;-1,61;2,17;3,67
86,639;-1,57;2,16;3,72
86,640;-1,53;2,13;3,76
86,641;-1,46;2,10;3,87
86,642;-1,43;2,06;3,93
86,643;-1,38;2,04;3,98
86,644;-1,33;2,01;4,04
86,645;-1,29;1,98;4,10
86,647;-1,23;1,96;4,16
86,651;-1,19;1,95;4,20
86,698;-1,13;1,93;4,22
86,699;-1,05;1,93;4,27
86,700;-1,02;1,92;4,28
86,702;-0,99;1,91;4,28
86,703;-0,97;1,91;4,29
86,705;-0,94;1,91;4,30
86,706;-0,93;1,91;4,32
86,708;-0,89;1,90;4,33
86,709;-0,80;1,88;4,34
86,710;-0,74;1,87;4,34
86,711;-0,68;1,88;4,33
86,712;-0,65;1,86;4,32
86,714;-0,61;1,83;4,28
86,768;-0,58;1,81;4,27
86,770;-0,56;1,78;4,23
86,771;-0,55;1,77;4,22
86,772;-0,53;1,76;4,17
86,773;-0,51;1,76;4,14
86,778;-0,49;1,75;4,12
86,779;-0,48;1,75;4,11
86,780;-0,46;1,75;4,07
86,782;-0,46;1,74;4,06
86,783;-0,46;1,75;4,02
86,784;-0,46;1,76;3,99
86,785;-0,48;1,76;3,93
86,787;-0,49;1,77;3,89
86,789;-0,52;1,78;3,84
86,791;-0,54;1,79;3,80
86,845;-0,54;1,80;3,73
86,847;-0,58;1,80;3,68
86,848;-0,59;1,80;3,61
86,850;-0,61;1,80;3,53
86,851;-0,66;1,79;3,34
86,852;-0,67;1,78;3,24
86,853;-0,68;1,76;3,13
86,855;-0,70;1,74;3,01
86,856;-0,70;1,72;2,90
86,857;-0,71;1,69;2,78
86,859;-0,71;1,66;2,66
86,861;-0,73;1,62;2,52
86,862;-0,75;1,54;2,25
86,863;-0,77;1,51;2,11
86,866;-0,80;1,46;1,97
86,916;-0,83;1,42;1,84
86,918;-0,87;1,38;1,72
86,919;-0,90;1,31;1,60
86,920;-0,92;1,26;1,46
86,921;-0,97;1,20;1,35
86,922;-1,05;1,08;1,13
86,924;-1,08;1,03;1,03
86,926;-1,11;0,96;0,92
86,929;-1,13;0,92;0,81
86,930;-1,17;0,87;0,70
86,931;-1,19;0,80;0,56
86,932;-1,19;0,74;0,42
86,933;-1,21;0,68;0,30
86,934;-1,18;0,54;0,04
86,981;-1,14;0,47;-0,08
86,982;-1,10;0,39;-0,20
86,983;-1,05;0,30;-0,32
86,984;-1,02;0,21;-0,45
86,985;-0,96;0,15;-0,57
86,986;-0,93;0,07;-0,70
86,987;-0,88;-0,00;-0,84
86,988;-0,78;-0,17;-1,15
86,989;-0,72;-0,25;-1,31
86,990;-0,66;-0,33;-1,46
87,076;-0,61;-0,41;-1,64
87,077;-0,53;-0,47;-1,83
87,078;-0,44;-0,52;-2,03
87,080;-0,34;-0,60;-2,21
87,082;-0,21;-0,66;-2,41
87,083;0,09;-0,79;-2,76
87,084;0,28;-0,85;-2,91
87,085;0,46;-0,92;-3,04
87,085;0,63;-0,97;-3,13
87,086;0,81;-1,03;-3,21
87,087;0,99;-1,08;-3,26
87,088;1,16;-1,13;-3,28
87,088;1,33;-1,20;-3,28
87,089;1,62;-1,30;-3,17
87,090;1,73;-1,35;-3,09
87,090;1,86;-1,41;-2,98
87,091;1,93;-1,44;-2,85
87,092;1,99;-1,49;-2,73
87,093;2,03;-1,52;-2,61
87,093;2,03;-1,56;-2,49
87,103;1,96;-1,65;-2,31
87,106;1,89;-1,71;-2,24
87,107;1,82;-1,77;-2,21
87,107;1,74;-1,81;-2,20
87,170;1,65;-1,88;-2,23
87,171;1,56;-1,96;-2,26
87,172;1,44;-2,03;-2,34
87,173;1,37;-2,09;-2,43
87,177;1,19;-2,24;-2,70
87,178;1,11;-2,31;-2,86
87,180;1,04;-2,39;-3,04
87,181;0,96;-2,45;-3,21
87,182;0,89;-2,51;-3,42
87,182;0,80;-2,54;-3,60
87,183;0,71;-2,57;-3,78
87,184;0,62;-2,59;-3,94
87,185;0,40;-2,62;-4,20
87,185;0,32;-2,61;-4,29
87,186;0,22;-2,58;-4,38
87,187;0,14;-2,56;-4,43
87,227;0,05;-2,54;-4,47
87,228;-0,01;-2,51;-4,48
87,229;-0,07;-2,48;-4,49
87,230;-0,14;-2,45;-4,46
87,231;-0,20;-2,39;-4,40
87,232;-0,22;-2,36;-4,34
87,233;-0,22;-2,33;-4,27
87,234;-0,22;-2,28;-4,18
87,235;-0,21;-2,25;-4,11
87,235;-0,21;-2,22;-4,03
87,239;-0,19;-2,20;-3,95
87,287;-0,17;-2,16;-3,85
87,288;-0,13;-2,11;-3,66
87,289;-0,10;-2,10;-3,59
87,290;-0,08;-2,09;-3,52
87,291;-0,02;-2,07;-3,43
87,292;-0,01;-2,07;-3,37
87,293;0,02;-2,06;-3,30
87,294;0,07;-2,03;-3,23
87,295;0,12;-2,00;-3,16
87,296;0,20;-1,96;-3,05
87,297;0,24;-1,94;-3,01
87,396;0,27;-1,91;-2,94
87,398;0,28;-1,87;-2,91
87,400;0,30;-1,83;-2,87
87,402;0,28;-1,79;-2,83
87,403;0,29;-1,75;-2,80
87,405;0,26;-1,70;-2,76
87,406;0,23;-1,62;-2,70
87,407;0,22;-1,58;-2,67
87,408;0,19;-1,54;-2,65
87,410;0,16;-1,52;-2,62
87,411;0,13;-1,50;-2,60
87,412;0,10;-1,46;-2,58
87,413;0,05;-1,46;-2,56
87,415;0,02;-1,44;-2,54
87,417;-0,05;-1,41;-2,49
87,418;-0,08;-1,39;-2,47
87,419;-0,10;-1,38;-2,45
87,421;-0,16;-1,35;-2,42
87,422;-0,21;-1,32;-2,40
87,423;-0,23;-1,30;-2,37
87,425;-0,27;-1,28;-2,35
87,426;-0,32;-1,26;-2,33
87,427;-0,35;-1,24;-2,29
87,428;-0,35;-1,23;-2,28
87,429;-0,36;-1,22;-2,27
87,430;-0,35;-1,21;-2,27
87,432;-0,33;-1,19;-2,27
87,487;-0,31;-1,16;-2,26
87,488;-0,29;-1,10;-2,23
87,490;-0,25;-1,02;-2,22
87,491;-0,10;-0,81;-2,20
87,493;0,01;-0,68;-2,17
87,498;0,13;-0,53;-2,13
87,499;0,27;-0,41;-2,08
87,500;0,40;-0,25;-1,99
87,501;0,55;-0,10;-1,90
87,502;0,72;0,07;-1,77
87,503;0,98;0,35;-1,43
87,504;1,06;0,47;-1,23
87,505;1,14;0,59;-0,99
87,506;1,17;0,69;-0,75
87,507;1,16;0,77;-0,49
87,616;1,13;0,84;-0,22
87,618;1,07;0,88;0,03
87,619;0,99;0,90;0,26
87,620;0,79;0,88;0,65
87,622;0,72;0,83;0,79
87,624;0,59;0,75;0,91
87,625;0,50;0,64;0,99
87,626;0,37;0,52;1,07
87,633;0,22;0,40;1,12
87,634;0,06;0,29;1,17
87,635;-0,10;0,17;1,21
87,636;-0,44;-0,04;1,30
87,637;-0,57;-0,13;1,36
87,638;-0,68;-0,20;1,42
87,639;-0,76;-0,29;1,50
87,640;-0,81;-0,33;1,59
87,648;-0,86;-0,39;1,68
87,649;-0,90;-0,39;1,77
87,650;-0,92;-0,39;1,87
87,651;-0,99;-0,31;2,08
87,652;-1,02;-0,24;2,17
87,653;-1,05;-0,15;2,26
87,655;-1,08;-0,04;2,34
87,656;-1,11;0,10;2,43
87,657;-1,13;0,24;2,49
87,658;-1,17;0,39;2,54
87,659;-1,18;0,57;2,60
87,660;-1,21;0,93;2,68
87,661;-1,21;1,11;2,71
87,666;-1,19;1,30;2,73
87,667;-1,16;1,48;2,75
87,669;-1,12;1,65;2,79
87,670;-1,05;1,82;2,81
87,731;-0,97;1,96;2,86
87,733;-0,89;2,11;2,90
87,734;-0,70;2,35;3,00
87,735;-0,60;2,45;3,05
87,739;-0,50;2,52;3,10
87,740;-0,42;2,59;3,16
87,741;-0,32;2,64;3,22
87,742;-0,23;2,67;3,29
87,743;-0,15;2,72;3,36
87,744;-0,08;2,73;3,43
87,745;0,09;2,76;3,55
87,746;0,14;2,78;3,61
87,747;0,21;2,78;3,67
87,748;0,27;2,79;3,71
87,749;0,33;2,79;3,74
87,750;0,34;2,79;3,79
87,805;0,36;2,80;3,81
87,806;0,36;2,79;3,83
87,807;0,31;2,77;3,84
87,808;0,28;2,77;3,84
87,810;0,25;2,76;3,85
87,811;0,21;2,76;3,85
87,812;0,17;2,75;3,85
87,813;0,10;2,74;3,85
87,814;0,03;2,70;3,85
87,815;-0,02;2,67;3,86
87,816;-0,16;2,59;3,82
87,817;-0,23;2,54;3,80
87,818;-0,31;2,47;3,78
87,899;-0,37;2,41;3,75
87,901;-0,43;2,33;3,71
87,902;-0,50;2,28;3,68
87,904;-0,57;2,21;3,63
87,905;-0,62;2,15;3,61
87,906;-0,71;2,01;3,53
87,908;-0,74;1,96;3,49
87,909;-0,79;1,89;3,45
87,910;-0,85;1,84;3,39
87,912;-0,88;1,78;3,35
87,915;-0,92;1,74;3,32
87,916;-0,97;1,68;3,27
87,917;-1,04;1,61;3,17
87,919;-1,09;1,57;3,11
87,920;-1,13;1,52;3,06
87,921;-1,16;1,48;3,00
87,922;-1,19;1,45;2,93
87,924;-1,21;1,40;2,86
87,925;-1,24;1,36;2,79
87,926;-1,27;1,33;2,72
87,927;-1,27;1,24;2,55
87,929;-1,27;1,19;2,47
87,930;-1,27;1,12;2,38
88,024;-1,24;1,10;2,30
88,028;-1,22;1,05;2,19
88,034;-1,20;1,00;2,09
88,036;-1,18;0,96;2,01
88,038;-1,14;0,92;1,89
88,040;-1,09;0,86;1,69
88,042;-1,06;0,83;1,57
88,044;-1,04;0,80;1,47
88,045;-1,01;0,77;1,36
88,047;-0,98;0,75;1,24
88,048;-0,95;0,74;1,12
88,049;-0,93;0,71;1,00
88,051;-0,91;0,70;0,90
88,052;-0,85;0,62;0,66
88,054;-0,81;0,62;0,55
88,055;-0,78;0,59;0,44
88,056;-0,74;0,56;0,34
88,058;-0,70;0,50;0,25
88,059;-0,66;0,49;0,16
88,061;-0,61;0,44;0,08
88,062;-0,56;0,39;-0,01
88,064;-0,44;0,26;-0,16
88,065;-0,38;0,20;-0,22
88,066;-0,34;0,13;-0,29
88,067;-0,29;0,06;-0,33
88,068;-0,26;-0,03;-0,40
88,069;-0,24;-0,10;-0,46
88,073;-0,21;-0,17;-0,52
88,076;-0,23;-0,23;-0,60
88,127;-0,22;-0,38;-0,76
88,130;-0,23;-0,45;-0,85
88,143;-0,22;-0,54;-0,94
88,144;-0,23;-0,62;-1,04
88,145;-0,20;-0,70;-1,15
88,146;-0,19;-0,78;-1,26
88,147;-0,13;-0,88;-1,39
88,148;-0,09;-0,97;-1,51
88,149;0,06;-1,17;-1,79
88,150;0,14;-1,28;-1,94
88,151;0,25;-1,37;-2,07
88,152;0,33;-1,46;-2,21
88,153;0,42;-1,56;-2,33
88,155;0,48;-1,65;-2,43
88,156;0,55;-1,73;-2,54
88,157;0,62;-1,81;-2,63
88,236;0,74;-1,93;-2,76
88,237;0,81;-1,99;-2,81
88,238;0,88;-2,04;-2,83
88,240;0,94;-2,07;-2,86
88,241;0,98;-2,09;-2,85
88,242;1,03;-2,11;-2,84
88,244;1,06;-2,11;-2,81
88,245;1,06;-2,10;-2,76
88,247;1,04;-2,04;-2,66
88,248;1,02;-1,99;-2,62
88,249;0,98;-1,93;-2,57
88,253;0,93;-1,87;-2,54
88,254;0,88;-1,81;-2,52
88,256;0,83;-1,74;-2,51
88,257;0,78;-1,68;-2,51
88,258;0,73;-1,62;-2,54
88,259;0,68;-1,54;-2,65
88,260;0,70;-1,50;-2,75
88,261;0,71;-1,47;-2,82
88,262;0,71;-1,44;-2,94
88,263;0,73;-1,41;-3,05
88,265;0,76;-1,40;-3,15
88,326;0,78;-1,40;-3,25
88,328;0,79;-1,38;-3,41
88,329;0,79;-1,37;-3,46
88,330;0,78;-1,36;-3,49
88,332;0,79;-1,36;-3,53
88,334;0,79;-1,35;-3,55
88,335;0,80;-1,35;-3,57
88,336;0,79;-1,36;-3,55
88,337;0,80;-1,37;-3,55
88,338;0,79;-1,40;-3,49
88,339;0,79;-1,42;-3,46
88,339;0,78;-1,44;-3,41
88,340;0,77;-1,46;-3,35
88,341;0,77;-1,49;-3,30
88,342;0,78;-1,53;-3,24
88,345;0,78;-1,57;-3,19
88,409;0,77;-1,61;-3,13
88,411;0,77;-1,71;-3,03
88,413;0,75;-1,77;-2,98
88,416;0,73;-1,81;-2,93
88,418;0,70;-1,87;-2,88
88,419;0,66;-1,93;-2,84
88,421;0,63;-1,98;-2,79
88,422;0,60;-2,03;-2,76
88,423;0,54;-2,06;-2,73
88,425;0,46;-2,11;-2,67
88,426;0,42;-2,14;-2,64
88,427;0,37;-2,14;-2,62
88,428;0,32;-2,14;-2,60
88,430;0,26;-2,14;-2,60
88,431;0,20;-2,14;-2,58
88,432;0,14;-2,13;-2,56
88,433;0,06;-2,12;-2,55
88,502;-0,04;-2,08;-2,53
88,504;-0,08;-2,07;-2,53
88,505;-0,12;-2,03;-2,54
88,506;-0,16;-2,00;-2,53
88,507;-0,17;-1,97;-2,51
88,508;-0,20;-1,93;-2,49
88,509;-0,21;-1,89;-2,46
88,510;-0,21;-1,83;-2,46
88,512;-0,20;-1,74;-2,42
88,513;-0,21;-1,70;-2,40
88,514;-0,22;-1,65;-2,37
88,515;-0,23;-1,60;-2,35
88,516;-0,26;-1,57;-2,33
88,517;-0,32;-1,52;-2,30
88,518;-0,39;-1,47;-2,26
88,524;-0,44;-1,44;-2,22
88,524;-0,58;-1,35;-2,14
88,526;-0,63;-1,32;-2,09
88,526;-0,70;-1,28;-2,04
88,603;-0,76;-1,26;-1,97
88,607;-0,79;-1,23;-1,92
88,609;-0,83;-1,22;-1,83
88,612;-0,87;-1,20;-1,75
88,614;-0,89;-1,20;-1,67
88,615;-0,88;-1,19;-1,50
88,617;-0,86;-1,20;-1,42
88,618;-0,83;-1,20;-1,35
88,620;-0,79;-1,18;-1,28
88,621;-0,76;-1,17;-1,20
88,623;-0,72;-1,16;-1,13
88,624;-0,71;-1,12;-1,05
88,632;-0,68;-1,08;-0,99
88,633;-0,62;-0,96;-0,83
88,635;-0,59;-0,91;-0,77
88,636;-0,55;-0,83;-0,69
88,638;-0,50;-0,77;-0,62
88,639;-0,43;-0,71;-0,54
88,641;-0,38;-0,64;-0,45
88,642;-0,31;-0,57;-0,36
88,643;-0,28;-0,50;-0,24
88,644;-0,26;-0,36;0,02
88,652;-0,29;-0,28;0,16
88,653;-0,31;-0,21;0,28
88,654;-0,35;-0,14;0,40
88,656;-0,37;-0,08;0,50
88,705;-0,40;-0,04;0,57
88,707;-0,42;-0,00;0,65
88,708;-0,43;0,01;0,79
88,709;-0,41;-0,01;0,83
88,710;-0,37;-0,02;0,89
88,712;-0,33;-0,05;0,95
88,714;-0,26;-0,06;1,01
88,715;-0,19;-0,08;1,08
88,717;-0,11;-0,09;1,17
88,719;-0,05;-0,09;1,26
88,720;0,03;-0,07;1,51
88,721;0,05;-0,04;1,62
88,722;0,09;-0,06;1,76
88,806;0,09;-0,02;1,89
88,807;0,10;0,00;2,01
88,809;0,10;0,01;2,14
88,811;0,07;0,06;2,26
88,813;0,04;0,12;2,36
88,814;-0,06;0,27;2,56
88,815;-0,14;0,36;2,63
88,825;-0,22;0,46;2,71
88,826;-0,29;0,57;2,77
88,827;-0,38;0,69;2,83
88,828;-0,47;0,81;2,90
88,829;-0,55;0,95;2,95
88,831;-0,62;1,09;3,00
88,832;-0,73;1,36;3,07
88,833;-0,78;1,47;3,09
88,834;-0,79;1,59;3,12
88,835;-0,77;1,69;3,13
88,836;-0,73;1,76;3,13
88,837;-0,66;1,84;3,14
88,838;-0,60;1,90;3,15
88,839;-0,53;1,94;3,17
88,844;-0,38;2,04;3,19
88,851;-0,29;2,08;3,22
88,852;-0,22;2,11;3,24
88,853;-0,13;2,12;3,27
88,854;-0,05;2,14;3,30
88,907;0,01;2,16;3,34
88,912;0,07;2,17;3,37
88,916;0,12;2,20;3,40
88,920;0,20;2,22;3,46
88,924;0,25;2,23;3,49
88,927;0,29;2,26;3,50
88,929;0,31;2,27;3,52
88,933;0,33;2,28;3,53
88,937;0,35;2,29;3,54
88,939;0,36;2,30;3,53
88,942;0,35;2,31;3,53
88,944;0,34;2,35;3,50
88,946;0,35;2,36;3,49
88,948;0,34;2,36;3,49
88,950;0,34;2,37;3,49
88,952;0,32;2,35;3,49
88,953;0,32;2,34;3,48
88,955;0,30;2,32;3,47
88,957;0,28;2,29;3,47
88,959;0,24;2,23;3,43
88,961;0,23;2,18;3,40
88,965;0,20;2,14;3,38
88,966;0,17;2,10;3,35
89,018;0,16;2,05;3,33
89,020;0,12;2,00;3,29
89,022;0,08;1,95;3,26
89,023;0,04;1,93;3,25
89,024;-0,07;1,87;3,19
89,025;-0,09;1,86;3,17
89,026;-0,16;1,82;3,15
89,027;-0,20;1,80;3,13
89,028;-0,27;1,78;3,10
89,029;-0,32;1,76;3,09
89,030;-0,37;1,73;3,05
89,031;-0,42;1,71;3,03
89,032;-0,52;1,67;2,96
89,105;-0,57;1,64;2,91
89,107;-0,61;1,63;2,87
89,108;-0,64;1,60;2,81
89,109;-0,69;1,56;2,77
89,111;-0,72;1,53;2,71
89,112;-0,75;1,50;2,65
89,113;-0,80;1,40;2,52
89,114;-0,83;1,37;2,45
89,116;-0,85;1,33;2,37
89,118;-0,86;1,28;2,30
89,119;-0,87;1,24;2,23
89,125;-0,89;1,19;2,15
89,127;-0,88;1,14;2,07
89,128;-0,90;1,10;1,99
89,129;-0,92;1,02;1,83
89,130;-0,93;0,98;1,75
89,132;-0,95;0,93;1,67
89,142;-0,97;0,89;1,57
89,143;-0,98;0,85;1,48
89,144;-1,00;0,82;1,38
89,145;-1,02;0,78;1,30
89,147;-1,05;0,75;1,21
89,148;-1,09;0,68;1,03
89,211;-1,11;0,64;0,94
89,212;-1,13;0,60;0,84
89,213;-1,14;0,58;0,75
89,221;-1,15;0,53;0,66
89,222;-1,15;0,49;0,56
89,223;-1,13;0,45;0,46
89,224;-1,12;0,38;0,35
89,226;-1,07;0,24;0,15
89,227;-1,04;0,17;0,04
89,228;-1,01;0,10;-0,05
89,229;-0,98;0,02;-0,15
89,230;-0,95;-0,06;-0,26
89,231;-0,95;-0,13;-0,39
89,232;-0,93;-0,22;-0,51
89,233;-0,90;-0,28;-0,63
89,234;-0,88;-0,45;-0,90
89,236;-0,88;-0,53;-1,06
89,237;-0,85;-0,61;-1,22
89,242;-0,82;-0,70;-1,38
89,293;-0,79;-0,77;-1,56
89,294;-0,72;-0,86;-1,74
89,295;-0,67;-0,96;-1,92
89,297;-0,59;-1,04;-2,11
89,298;-0,39;-1,20;-2,49
89,299;-0,27;-1,29;-2,65
89,300;-0,15;-1,36;-2,81
89,303;-0,02;-1,45;-2,95
89,304;0,11;-1,49;-3,06
89,306;0,26;-1,56;-3,19
89,307;0,38;-1,59;-3,28
89,308;0,51;-1,62;-3,36
89,309;0,76;-1,68;-3,47
89,311;0,88;-1,69;-3,49
89,320;0,98;-1,69;-3,50
89,362;1,07;-1,70;-3,47
89,364;1,15;-1,67;-3,44
89,365;1,22;-1,64;-3,38
89,367;1,25;-1,61;-3,32
89,368;1,29;-1,57;-3,25
89,370;1,35;-1,46;-3,10
89,382;1,36;-1,40;-3,05
89,383;1,35;-1,35;-2,99
89,385;1,33;-1,31;-2,96
89,386;1,30;-1,26;-2,93
89,387;1,26;-1,23;-2,93
89,388;1,21;-1,17;-2,94
89,390;1,19;-1,15;-2,97
89,391;1,14;-1,09;-3,09
89,392;1,14;-1,08;-3,18
89,452;1,14;-1,06;-3,28
89,453;1,15;-1,06;-3,40
89,455;1,19;-1,07;-3,51
89,456;1,20;-1,08;-3,64
89,457;1,25;-1,10;-3,75
89,458;1,30;-1,13;-3,86
89,459;1,36;-1,17;-3,99
89,461;1,38;-1,17;-4,02
89,462;1,41;-1,18;-4,05
89,463;1,42;-1,17;-4,06
89,464;1,44;-1,18;-4,06
89,465;1,45;-1,19;-4,04
89,466;1,48;-1,18;-4,01
89,467;1,52;-1,22;-3,91
89,468;1,52;-1,24;-3,86
89,474;1,55;-1,25;-3,79
89,523;1,55;-1,30;-3,71
89,524;1,57;-1,33;-3,64
89,525;1,56;-1,37;-3,56
89,527;1,54;-1,41;-3,45
89,528;1,53;-1,46;-3,38
89,529;1,47;-1,58;-3,19
89,530;1,44;-1,64;-3,10
89,531;1,38;-1,71;-3,01
89,532;1,32;-1,78;-2,94
89,533;1,24;-1,84;-2,87
89,534;1,18;-1,91;-2,79
89,537;1,09;-1,95;-2,71
89,538;0,98;-2,02;-2,66
89,594;0,76;-2,11;-2,52
89,595;0,63;-2,13;-2,46
89,595;0,53;-2,16;-2,42
89,596;0,40;-2,18;-2,36
89,597;0,29;-2,20;-2,30
89,598;0,18;-2,21;-2,26
89,599;0,06;-2,22;-2,21
89,599;-0,03;-2,21;-2,17
89,600;-0,19;-2,20;-2,07
89,601;-0,26;-2,18;-2,04
89,609;-0,31;-2,16;-2,01
89,609;-0,35;-2,13;-1,98
89,610;-0,38;-2,11;-1,97
89,611;-0,40;-2,08;-1,94
89,612;-0,41;-2,03;-1,92
89,670;-0,43;-1,99;-1,91
89,673;-0,42;-1,88;-1,86
89,674;-0,40;-1,81;-1,85
89,675;-0,37;-1,74;-1,82
89,675;-0,35;-1,66;-1,81
89,676;-0,32;-1,57;-1,79
89,677;-0,28;-1,48;-1,77
89,678;-0,20;-1,38;-1,74
89,678;-0,16;-1,27;-1,71
89,679;-0,05;-1,07;-1,62
89,680;0,01;-0,94;-1,58
89,681;0,07;-0,84;-1,53
89,681;0,11;-0,75;-1,47
89,682;0,18;-0,64;-1,39
89,769;0,23;-0,54;-1,35
89,772;0,30;-0,44;-1,28
89,773;0,35;-0,34;-1,22
89,775;0,49;-0,16;-1,07
89,777;0,55;-0,06;-0,98
89,779;0,60;0,03;-0,90
89,780;0,64;0,12;-0,82
89,782;0,67;0,22;-0,72
89,784;0,70;0,32;-0,63
89,785;0,73;0,41;-0,52
89,786;0,74;0,53;-0,42
89,787;0,71;0,74;-0,20
89,788;0,68;0,85;-0,07
89,789;0,62;0,95;0,05
89,790;0,56;1,06;0,17
89,791;0,49;1,15;0,30
89,792;0,38;1,26;0,43
89,793;0,29;1,37;0,55
89,794;0,19;1,43;0,66
89,795;0,02;1,53;0,86
89,796;-0,03;1,55;0,96
89,798;-0,10;1,54;1,05
89,799;-0,14;1,51;1,13
89,868;-0,17;1,47;1,21
89,871;-0,19;1,42;1,29
89,872;-0,20;1,31;1,36
89,873;-0,20;1,22;1,45
89,874;-0,19;1,02;1,62
89,875;-0,20;0,93;1,72
89,877;-0,21;0,82;1,83
89,878;-0,22;0,73;1,93
89,879;-0,24;0,64;2,04
89,880;-0,28;0,55;2,13
89,881;-0,31;0,45;2,22
89,882;-0,40;0,27;2,41
89,883;-0,47;0,18;2,48
89,884;-0,53;0,10;2,57
89,885;-0,61;0,06;2,63
89,887;-0,67;0,02;2,68
89,888;-0,79;0,02;2,74
89,889;-0,90;0,01;2,80
89,981;-1,03;0,04;2,86
89,984;-1,33;0,15;2,98
89,990;-1,48;0,26;3,04
89,995;-1,65;0,35;3,09
89,996;-1,80;0,45;3,14
89,997;-1,95;0,56;3,20
89,999;-2,08;0,66;3,25
90,000;-2,18;0,77;3,29
90,001;-2,27;0,90;3,33
90,002;-2,37;1,09;3,39
90,004;-2,39;1,17;3,42
90,005;-2,36;1,24;3,44
90,006;-2,31;1,29;3,45
90,007;-2,24;1,35;3,46
90,008;-2,16;1,38;3,47
90,009;-2,06;1,44;3,49
90,017;-1,96;1,47;3,49
90,018;-1,72;1,52;3,49
90,019;-1,59;1,56;3,49
90,020;-1,46;1,59;3,50
90,022;-1,33;1,62;3,51
90,023;-1,21;1,64;3,53
90,024;-1,08;1,68;3,54
90,025;-0,94;1,70;3,56
90,026;-0,84;1,74;3,56
90,027;-0,62;1,82;3,60
90,028;-0,53;1,86;3,61
90,029;-0,43;1,91;3,63
90,084;-0,35;1,94;3,66
90,085;-0,31;1,98;3,69
90,086;-0,24;2,00;3,68
90,087;-0,19;2,02;3,70
90,088;-0,14;2,03;3,72
90,089;-0,07;1,99;3,70
90,090;-0,04;1,98;3,70
90,092;-0,02;1,95;3,68
90,093;0,00;1,92;3,65
90,094;0,02;1,89;3,63
90,095;0,03;1,85;3,62
90,096;0,04;1,82;3,58
90,103;0,03;1,78;3,55
90,104;0,02;1,72;3,52
90,105;0,01;1,69;3,49
90,217;-0,02;1,67;3,47
90,219;-0,06;1,64;3,45
90,220;-0,08;1,64;3,42
90,222;-0,10;1,61;3,40
90,223;-0,14;1,58;3,36
90,227;-0,18;1,57;3,34
90,229;-0,27;1,54;3,27
90,230;-0,30;1,52;3,23
90,232;-0,36;1,51;3,20
90,233;-0,40;1,50;3,16
90,234;-0,44;1,48;3,11
90,235;-0,48;1,46;3,08
90,236;-0,54;1,44;3,03
90,238;-0,58;1,43;2,98
90,239;-0,64;1,40;2,87
90,240;-0,70;1,37;2,81
90,241;-0,71;1,35;2,73
90,242;-0,75;1,30;2,66
90,243;-0,78;1,27;2,58
90,244;-0,81;1,22;2,49
90,245;-0,82;1,18;2,40
90,246;-0,84;1,11;2,29
90,247;-0,88;0,98;2,05
90,248;-0,89;0,92;1,92
90,249;-0,90;0,84;1,77
90,250;-0,91;0,78;1,63
90,252;-0,89;0,71;1,46
90,253;-0,91;0,62;1,29
90,254;-0,91;0,57;1,13
90,255;-0,91;0,43;0,79
90,258;-0,91;0,37;0,63
90,313;-0,90;0,30;0,46
90,315;-0,88;0,24;0,31
90,315;-0,85;0,18;0,15
90,316;-0,80;0,13;0,00
90,318;-0,79;0,08;-0,13
90,319;-0,75;0,04;-0,25
90,320;-0,68;-0,05;-0,46
90,323;-0,65;-0,06;-0,54
90,324;-0,62;-0,11;-0,63
90,325;-0,57;-0,13;-0,72
90,326;-0,55;-0,16;-0,80
90,327;-0,50;-0,19;-0,89
90,328;-0,48;-0,22;-0,95
90,328;-0,42;-0,25;-1,04
90,390;-0,39;-0,33;-1,22
90,391;-0,38;-0,37;-1,33
90,393;-0,38;-0,43;-1,44
90,395;-0,39;-0,47;-1,58
90,397;-0,40;-0,52;-1,72
90,398;-0,42;-0,55;-1,87
90,399;-0,45;-0,61;-2,02
90,401;-0,44;-0,65;-2,18
90,403;-0,46;-0,74;-2,56
90,409;-0,46;-0,78;-2,75
90,411;-0,44;-0,81;-2,96
90,412;-0,43;-0,83;-3,16
90,414;-0,42;-0,86;-3,36
90,415;-0,38;-0,88;-3,55
90,416;-0,34;-0,92;-3,72
90,418;-0,30;-0,94;-3,88
90,419;-0,17;-1,02;-4,15
90,421;-0,09;-1,06;-4,25
90,423;0,01;-1,09;-4,35
90,489;0,10;-1,16;-4,45
90,491;0,19;-1,19;-4,51
90,493;0,28;-1,23;-4,55
90,494;0,37;-1,27;-4,58
90,495;0,43;-1,31;-4,60
90,496;0,60;-1,36;-4,58
90,497;0,66;-1,36;-4,56
90,500;0,74;-1,37;-4,54
90,502;0,81;-1,34;-4,50
90,503;0,88;-1,30;-4,47
90,504;0,95;-1,26;-4,43
90,505;1,00;-1,21;-4,41
90,506;1,06;-1,17;-4,39
90,508;1,17;-1,03;-4,36
90,509;1,24;-0,97;-4,34
90,510;1,30;-0,92;-4,34
90,511;1,38;-0,87;-4,33
90,512;1,42;-0,83;-4,34
90,603;1,48;-0,80;-4,33
90,605;1,56;-0,76;-4,33
90,607;1,61;-0,74;-4,31
90,609;1,70;-0,71;-4,25
90,610;1,74;-0,68;-4,19
90,612;1,78;-0,67;-4,14
90,613;1,79;-0,66;-4,07
90,615;1,81;-0,65;-3,98
90,616;1,82;-0,65;-3,89
90,618;1,82;-0,67;-3,80
90,619;1,83;-0,68;-3,69
90,620;1,84;-0,74;-3,44
90,621;1,84;-0,77;-3,32
90,623;1,82;-0,83;-3,18
90,624;1,80;-0,87;-3,04
90,630;1,77;-0,93;-2,90
90,631;1,74;-0,99;-2,76
90,633;1,71;-1,05;-2,64
90,634;1,67;-1,12;-2,49
90,635;1,60;-1,25;-2,27
90,636;1,56;-1,33;-2,18
90,651;1,51;-1,38;-2,08
90,653;1,45;-1,46;-2,01
90,654;1,39;-1,52;-1,94
90,655;1,32;-1,57;-1,88
90,656;1,23;-1,63;-1,84
90,657;1,05;-1,71;-1,77
90,658;0,95;-1,73;-1,75
90,659;0,85;-1,78;-1,74
90,713;0,72;-1,80;-1,73
90,714;0,62;-1,83;-1,72
90,715;0,51;-1,84;-1,71
90,715;0,39;-1,85;-1,73
90,716;0,28;-1,87;-1,74
90,717;0,06;-1,88;-1,74
90,719;-0,04;-1,87;-1,74
90,720;-0,16;-1,87;-1,76
90,721;-0,26;-1,87;-1,76
90,722;-0,36;-1,86;-1,77
90,723;-0,46;-1,86;-1,78
90,723;-0,51;-1,86;-1,77
90,724;-0,61;-1,84;-1,79
90,825;-0,73;-1,82;-1,79
90,826;-0,78;-1,81;-1,81
90,828;-0,82;-1,81;-1,83
90,830;-0,87;-1,78;-1,85
90,832;-0,90;-1,77;-1,87
90,834;-0,92;-1,73;-1,89
90,835;-0,94;-1,72;-1,90
90,836;-0,96;-1,68;-1,93
90,837;-0,99;-1,60;-1,95
90,842;-1,00;-1,56;-1,95
90,844;-1,00;-1,52;-1,96
90,845;-1,00;-1,47;-1,96
90,846;-0,98;-1,41;-1,96
90,848;-0,99;-1,33;-1,95
90,849;-0,98;-1,24;-1,95
90,850;-0,99;-1,15;-1,92
90,852;-0,95;-0,98;-1,87
90,854;-0,92;-0,89;-1,84
90,855;-0,89;-0,80;-1,80
90,856;-0,83;-0,71;-1,77
90,857;-0,76;-0,61;-1,75
90,858;-0,68;-0,52;-1,71
90,859;-0,59;-0,41;-1,66
90,860;-0,48;-0,28;-1,63
90,861;-0,22;-0,03;-1,58
90,862;-0,05;0,10;-1,55
90,863;0,13;0,26;-1,49
90,864;0,32;0,40;-1,43
90,922;0,52;0,57;-1,34
90,925;0,73;0,74;-1,25
90,926;0,92;0,89;-1,10
90,927;1,12;1,02;-0,94
90,928;1,48;1,23;-0,52
90,929;1,60;1,31;-0,27
90,930;1,68;1,39;0,01
90,932;1,72;1,44;0,31
90,933;1,73;1,51;0,60
90,934;1,68;1,56;0,86
90,935;1,61;1,59;1,10
90,936;1,51;1,62;1,31
90,937;1,27;1,59;1,64
90,938;1,16;1,56;1,76
90,939;1,03;1,49;1,85
90,984;0,90;1,40;1,91
90,986;0,80;1,30;1,94
90,987;0,68;1,18;1,98
90,988;0,56;1,05;1,99
90,993;0,46;0,90;1,99
90,994;0,28;0,67;2,06
90,995;0,19;0,55;2,10
90,996;0,10;0,48;2,16
90,997;-0,00;0,42;2,24
90,997;-0,13;0,40;2,31
90,998;-0,27;0,41;2,43
90,999;-0,43;0,43;2,51
91,064;-0,58;0,47;2,63
91,065;-0,91;0,59;2,86
91,077;-1,06;0,68;2,95
91,078;-1,21;0,75;3,03
91,079;-1,35;0,83;3,10
91,080;-1,46;0,90;3,16
91,081;-1,57;0,95;3,21
91,082;-1,65;1,00;3,22
91,083;-1,72;1,08;3,22
91,084;-1,74;1,09;3,22
91,085;-1,73;1,12;3,20
91,086;-1,72;1,15;3,19
91,087;-1,69;1,15;3,18
91,088;-1,66;1,17;3,18
91,089;-1,63;1,19;3,19
91,090;-1,58;1,22;3,20
91,092;-1,47;1,26;3,29
91,095;-1,41;1,28;3,34
91,100;-1,33;1,30;3,40
91,102;-1,26;1,32;3,46
91,104;-1,18;1,33;3,52
91,178;-1,11;1,36;3,59
91,180;-1,04;1,37;3,67
91,181;-0,95;1,40;3,74
91,188;-0,78;1,46;3,89
91,190;-0,70;1,48;3,94
91,191;-0,62;1,52;4,02
91,192;-0,53;1,57;4,07
91,199;-0,44;1,60;4,12
91,200;-0,35;1,63;4,19
91,205;-0,29;1,68;4,22
91,206;-0,19;1,72;4,27
91,207;-0,04;1,79;4,35
91,208;0,04;1,81;4,38
91,209;0,13;1,84;4,40
91,210;0,20;1,87;4,43
91,211;0,27;1,89;4,45
91,214;0,36;1,93;4,46
91,215;0,41;1,95;4,46
91,216;0,46;1,99;4,46
91,217;0,52;2,03;4,42
91,219;0,51;2,03;4,39
91,219;0,50;2,02;4,34
91,220;0,48;2,02;4,29
91,271;0,46;2,00;4,25
91,283;0,42;2,00;4,19
91,284;0,39;2,00;4,15
91,285;0,36;1,99;4,10
91,285;0,28;1,97;4,01
91,286;0,23;1,96;3,96
91,287;0,19;1,95;3,92
91,288;0,14;1,94;3,88
91,289;0,10;1,92;3,84
91,290;0,05;1,92;3,78
91,291;0,00;1,89;3,73
91,300;-0,03;1,87;3,68
91,301;-0,12;1,84;3,55
91,302;-0,17;1,83;3,48
91,303;-0,21;1,81;3,42
91,304;-0,25;1,78;3,35
91,305;-0,28;1,75;3,27
91,354;-0,32;1,73;3,18
91,355;-0,35;1,70;3,09
91,356;-0,38;1,68;3,00
91,357;-0,45;1,61;2,80
91,360;-0,49;1,57;2,68
91,361;-0,50;1,53;2,57
91,362;-0,53;1,49;2,44
91,363;-0,57;1,44;2,32
91,364;-0,61;1,41;2,18
91,365;-0,65;1,35;2,07
91,366;-0,69;1,30;1,92
91,367;-0,81;1,21;1,64
91,369;-0,86;1,18;1,50
91,424;-0,95;1,14;1,37
91,426;-1,01;1,11;1,23
91,427;-1,07;1,07;1,10
91,428;-1,14;1,03;0,97
91,429;-1,18;0,97;0,84
91,430;-1,24;0,94;0,71
91,431;-1,27;0,84;0,44
91,432;-1,27;0,79;0,32
91,433;-1,25;0,72;0,19
91,434;-1,23;0,64;0,07
91,434;-1,18;0,56;-0,06
91,435;-1,13;0,48;-0,16
91,436;-1,07;0,40;-0,28
91,485;-0,96;0,25;-0,51
91,486;-0,93;0,19;-0,60
91,487;-0,90;0,13;-0,71
91,488;-0,86;0,07;-0,82
91,490;-0,82;0,02;-0,95
91,490;-0,79;-0,04;-1,08
91,492;-0,77;-0,09;-1,21
91,493;-0,74;-0,15;-1,35
91,494;-0,69;-0,24;-1,64
91,495;-0,64;-0,29;-1,79
91,496;-0,57;-0,35;-1,95
91,497;-0,50;-0,41;-2,13
91,499;-0,37;-0,46;-2,30
91,581;-0,24;-0,53;-2,47
91,586;-0,10;-0,60;-2,64
91,591;0,07;-0,68;-2,79
91,596;0,46;-0,84;-3,05
91,597;0,66;-0,92;-3,16
91,598;0,87;-1,00;-3,23
91,599;1,08;-1,09;-3,28
91,600;1,29;-1,17;-3,30
91,602;1,48;-1,26;-3,30
91,603;1,67;-1,34;-3,25
91,604;1,84;-1,41;-3,21
91,605;2,13;-1,56;-3,04
91,606;2,23;-1,64;-2,95
91,607;2,32;-1,71;-2,84
91,609;2,41;-1,76;-2,73
91,610;2,46;-1,81;-2,65
91,610;2,50;-1,85;-2,55
91,611;2,52;-1,90;-2,48
91,628;2,52;-1,95;-2,43
91,629;2,49;-2,03;-2,41
91,630;2,46;-2,07;-2,42
91,631;2,44;-2,13;-2,47
91,632;2,41;-2,18;-2,54
91,633;2,37;-2,22;-2,64
91,634;2,34;-2,25;-2,75
91,635;2,29;-2,31;-2,88
91,636;2,25;-2,32;-3,03
91,688;2,15;-2,36;-3,35
91,690;2,11;-2,38;-3,52
91,692;2,05;-2,37;-3,68
91,693;2,00;-2,38;-3,83
91,694;1,93;-2,38;-3,96
91,695;1,87;-2,36;-4,07
91,696;1,79;-2,36;-4,18
91,697;1,72;-2,33;-4,27
91,699;1,56;-2,29;-4,40
91,700;1,51;-2,26;-4,44
91,701;1,43;-2,23;-4,45
91,703;1,38;-2,19;-4,45
91,704;1,31;-2,17;-4,44
91,705;1,26;-2,13;-4,42
91,789;1,21;-2,12;-4,38
91,790;1,17;-2,10;-4,33
91,792;1,07;-2,09;-4,22
91,793;1,03;-2,10;-4,17
91,794;1,00;-2,10;-4,10
91,795;0,97;-2,14;-4,04
91,796;0,94;-2,18;-3,96
91,797;0,92;-2,23;-3,90
91,798;0,87;-2,28;-3,84
91,800;0,85;-2,35;-3,78
91,801;0,74;-2,46;-3,70
91,802;0,69;-2,53;-3,65
91,803;0,62;-2,58;-3,61
91,804;0,55;-2,65;-3,59
91,805;0,48;-2,69;-3,57
91,806;0,41;-2,72;-3,55
91,807;0,31;-2,74;-3,52
91,809;0,24;-2,75;-3,49
91,810;0,05;-2,72;-3,41
91,811;-0,04;-2,69;-3,37
91,812;-0,12;-2,63;-3,31
91,814;-0,19;-2,58;-3,24
91,865;-0,23;-2,49;-3,18
91,866;-0,25;-2,43;-3,09
91,866;-0,25;-2,34;-3,02
91,867;-0,19;-2,20;-2,81
91,868;-0,14;-2,14;-2,70
91,869;-0,09;-2,08;-2,57
91,870;-0,04;-2,04;-2,44
91,871;0,01;-2,01;-2,28
91,872;0,04;-1,96;-2,11
91,872;0,08;-1,93;-1,96
91,873;0,08;-1,91;-1,79
91,874;0,02;-1,85;-1,54
91,942;-0,04;-1,84;-1,43
91,944;-0,11;-1,81;-1,34
91,945;-0,19;-1,80;-1,25
91,946;-0,27;-1,78;-1,20
91,947;-0,34;-1,79;-1,16
91,949;-0,41;-1,79;-1,13
91,951;-0,46;-1,79;-1,12
91,952;-0,51;-1,78;-1,11
91,953;-0,51;-1,78;-1,14
91,954;-0,50;-1,75;-1,15
91,955;-0,45;-1,72;-1,19
91,957;-0,40;-1,68;-1,24
91,958;-0,35;-1,63;-1,27
91,959;-0,27;-1,55;-1,30
91,960;-0,19;-1,47;-1,32
91,961;-0,03;-1,24;-1,34
91,962;0,07;-1,08;-1,32
91,964;0,15;-0,91;-1,28
92,039;0,25;-0,74;-1,25
92,041;0,36;-0,56;-1,18
92,042;0,47;-0,37;-1,11
92,044;0,57;-0,18;-1,01
92,045;0,68;-0,00;-0,90
92,046;0,82;0,35;-0,63
92,047;0,87;0,48;-0,47
92,049;0,88;0,62;-0,30
92,050;0,88;0,75;-0,12
92,050;0,79;0,88;0,09
92,052;0,70;1,01;0,30
92,053;0,56;1,15;0,49
92,054;0,40;1,27;0,68
92,055;0,09;1,46;0,98
92,056;-0,05;1,51;1,09
92,057;-0,14;1,53;1,20
92,058;-0,23;1,52;1,26
92,059;-0,27;1,49;1,31
92,061;-0,29;1,44;1,36
92,145;-0,27;1,38;1,39
92,146;-0,22;1,29;1,43
92,147;-0,06;1,09;1,50
92,150;0,04;1,00;1,59
92,151;0,12;0,91;1,67
92,152;0,17;0,87;1,79
92,159;0,18;0,85;1,94
92,160;0,17;0,84;2,09
92,161;0,10;0,86;2,25
92,162;0,01;0,88;2,43
92,164;-0,25;1,00;2,73
92,165;-0,41;1,08;2,88
92,166;-0,54;1,14;3,02
92,167;-0,72;1,22;3,15
92,168;-0,90;1,32;3,27
92,170;-1,06;1,41;3,40
92,171;-1,25;1,49;3,50
92,172;-1,41;1,60;3,60
92,173;-1,75;1,76;3,74
92,174;-1,89;1,83;3,77
92,175;-2,01;1,88;3,78
92,178;-2,10;1,92;3,78
92,180;-2,17;1,94;3,77
92,181;-2,21;1,94;3,74
92,248;-2,23;1,98;3,72
92,251;-2,21;1,97;3,69
92,254;-2,15;1,95;3,61
92,256;-2,09;1,95;3,58
92,258;-2,03;1,93;3,56
92,261;-1,94;1,90;3,54
92,262;-1,86;1,88;3,53
92,264;-1,76;1,87;3,54
92,265;-1,69;1,84;3,54
92,266;-1,51;1,80;3,57
92,267;-1,43;1,79;3,59
92,268;-1,36;1,79;3,61
92,270;-1,30;1,79;3,64
92,271;-1,23;1,79;3,68
92,272;-1,14;1,79;3,73
92,274;-1,10;1,78;3,78
92,275;-1,02;1,79;3,83
92,276;-0,88;1,81;3,94
92,278;-0,81;1,80;3,99
92,281;-0,72;1,80;4,05
92,334;-0,65;1,79;4,09
92,336;-0,57;1,79;4,14
92,338;-0,47;1,77;4,17
92,339;-0,39;1,77;4,21
92,340;-0,30;1,77;4,23
92,341;-0,15;1,78;4,27
92,342;-0,09;1,77;4,26
92,344;-0,03;1,78;4,27
92,347;0,00;1,79;4,26
92,348;0,03;1,77;4,23
92,349;0,04;1,75;4,21
92,350;0,05;1,75;4,16
92,352;0,04;1,76;4,12
92,352;0,03;1,77;4,05
92,354;0,01;1,78;4,00
92,402;-0,01;1,79;3,95
92,404;-0,04;1,79;3,92
92,405;-0,06;1,79;3,88
92,406;-0,09;1,79;3,84
92,407;-0,10;1,80;3,80
92,407;-0,10;1,79;3,76
92,408;-0,15;1,80;3,69
92,409;-0,15;1,79;3,66
92,410;-0,19;1,80;3,62
92,411;-0,20;1,79;3,58
92,413;-0,24;1,78;3,53
92,414;-0,26;1,76;3,47
92,464;-0,28;1,75;3,41
92,465;-0,32;1,72;3,36
92,466;-0,39;1,69;3,21
92,468;-0,43;1,67;3,14
92,469;-0,49;1,62;3,03
92,470;-0,52;1,60;2,93
92,472;-0,56;1,56;2,83
92,473;-0,63;1,53;2,73
92,474;-0,66;1,48;2,61
92,474;-0,71;1,43;2,48
92,475;-0,81;1,35;2,21
92,476;-0,85;1,29;2,07
92,574;-0,91;1,24;1,90
92,576;-0,94;1,18;1,74
92,577;-0,97;1,11;1,60
92,579;-1,01;1,05;1,41
92,583;-1,04;0,99;1,26
92,584;-1,08;0,93;1,11
92,586;-1,14;0,81;0,83
92,587;-1,16;0,74;0,71
92,588;-1,18;0,69;0,59
92,590;-1,20;0,62;0,47
92,591;-1,21;0,56;0,37
92,593;-1,20;0,49;0,25
92,594;-1,19;0,41;0,15
92,595;-1,17;0,32;0,07
92,596;-1,14;0,19;-0,12
92,598;-1,13;0,12;-0,23
92,599;-1,13;0,05;-0,31
92,600;-1,12;-0,02;-0,43
92,602;-1,12;-0,08;-0,55
92,603;-1,09;-0,17;-0,65
92,605;-1,07;-0,24;-0,79
92,606;-1,07;-0,31;-0,92
92,607;-1,02;-0,46;-1,25
92,623;-0,97;-0,56;-1,43
92,624;-0,92;-0,64;-1,64
92,626;-0,84;-0,73;-1,84
92,627;-0,76;-0,80;-2,05
92,630;-0,66;-0,89;-2,27
92,632;-0,57;-0,99;-2,47
92,633;-0,31;-1,16;-2,84
92,634;-0,17;-1,24;-3,00
92,636;-0,05;-1,32;-3,14
92,688;0,08;-1,39;-3,26
92,690;0,19;-1,44;-3,37
92,691;0,31;-1,49;-3,43
92,696;0,43;-1,54;-3,49
92,697;0,56;-1,58;-3,54
92,698;0,78;-1,64;-3,56
92,699;0,89;-1,68;-3,55
92,700;1,00;-1,70;-3,53
92,701;1,09;-1,71;-3,49
92,702;1,15;-1,72;-3,44
92,703;1,21;-1,72;-3,41
92,704;1,26;-1,71;-3,37
92,705;1,28;-1,70;-3,33
92,706;1,33;-1,68;-3,32
92,771;1,35;-1,68;-3,34
92,773;1,35;-1,67;-3,37
92,774;1,37;-1,66;-3,42
92,775;1,38;-1,67;-3,49
92,776;1,38;-1,67;-3,57
92,777;1,40;-1,68;-3,67
92,778;1,42;-1,69;-3,77
92,780;1,45;-1,71;-3,99
92,782;1,46;-1,71;-4,08
92,783;1,48;-1,73;-4,17
92,784;1,50;-1,74;-4,24
92,785;1,50;-1,74;-4,30
92,786;1,51;-1,74;-4,36
92,787;1,50;-1,72;-4,39
92,788;1,49;-1,73;-4,42
92,789;1,47;-1,71;-4,45
92,790;1,45;-1,69;-4,45
92,868;1,41;-1,68;-4,44
92,874;1,39;-1,67;-4,41
92,877;1,36;-1,65;-4,37
92,883;1,31;-1,63;-4,31
92,885;1,28;-1,61;-4,25
92,886;1,24;-1,59;-4,18
92,887;1,15;-1,58;-4,04
92,888;1,12;-1,57;-3,96
92,890;1,09;-1,56;-3,88
92,891;1,08;-1,57;-3,81
92,892;1,03;-1,57;-3,73
92,893;0,99;-1,60;-3,68
92,895;0,94;-1,61;-3,60
92,897;0,90;-1,65;-3,54
92,898;0,79;-1,69;-3,41
92,900;0,72;-1,72;-3,35
92,901;0,66;-1,75;-3,29
92,902;0,59;-1,78;-3,22
92,903;0,53;-1,80;-3,17
92,905;0,48;-1,83;-3,12
92,906;0,41;-1,84;-3,07
92,907;0,34;-1,86;-3,02
92,908;0,21;-1,88;-2,90
92,910;0,13;-1,87;-2,85
92,958;0,05;-1,88;-2,80
92,961;0,01;-1,86;-2,75
92,962;-0,05;-1,84;-2,70
92,963;-0,09;-1,83;-2,65
92,964;-0,14;-1,82;-2,59
92,965;-0,18;-1,82;-2,57
92,966;-0,26;-1,78;-2,52
92,967;-0,30;-1,75;-2,47
92,968;-0,33;-1,75;-2,46
92,970;-0,35;-1,73;-2,43
92,971;-0,39;-1,71;-2,43
92,972;-0,40;-1,68;-2,40
93,055;-0,39;-1,66;-2,39
93,059;-0,41;-1,64;-2,37
93,062;-0,39;-1,59;-2,33
93,064;-0,37;-1,56;-2,30
93,069;-0,34;-1,55;-2,30
93,071;-0,31;-1,53;-2,28
93,072;-0,28;-1,51;-2,27
93,073;-0,24;-1,48;-2,24
93,075;-0,19;-1,47;-2,23
93,076;-0,06;-1,44;-2,16
93,077;-0,01;-1,43;-2,11
93,078;0,04;-1,39;-2,08
93,079;0,09;-1,38;-2,03
93,081;0,14;-1,31;-1,95
93,083;0,18;-1,26;-1,88
93,084;0,22;-1,19;-1,79
93,085;0,27;-1,13;-1,69
93,086;0,33;-0,95;-1,48
93,087;0,35;-0,85;-1,37
93,088;0,39;-0,74;-1,26
93,089;0,40;-0,64;-1,13
93,090;0,42;-0,54;-0,99
93,091;0,43;-0,44;-0,86
93,092;0,42;-0,34;-0,72
93,098;0,41;-0,23;-0,58
93,146;0,34;-0,06;-0,29
93,147;0,31;0,02;-0,15
93,148;0,28;0,06;-0,03
93,149;0,24;0,12;0,08
93,150;0,21;0,14;0,20
93,152;0,18;0,14;0,31
93,153;0,16;0,12;0,40
93,154;0,14;0,08;0,50
93,155;0,10;-0,05;0,67
93,156;0,07;-0,11;0,75
93,157;0,08;-0,18;0,85
93,157;0,04;-0,22;0,96
93,214;0,01;-0,26;1,08
93,219;-0,02;-0,29;1,20
93,222;-0,06;-0,31;1,33
93,224;-0,10;-0,32;1,46
93,226;-0,14;-0,33;1,72
93,227;-0,16;-0,32;1,85
93,229;-0,17;-0,32;1,98
93,232;-0,19;-0,31;2,09
93,233;-0,20;-0,28;2,20
93,234;-0,22;-0,24;2,30
93,236;-0,25;-0,20;2,38
93,237;-0,31;-0,14;2,46
93,238;-0,41;0,04;2,60
93,239;-0,49;0,15;2,65
93,241;-0,59;0,27;2,70
93,242;-0,68;0,43;2,76
93,243;-0,78;0,58;2,80
93,245;-0,89;0,74;2,87
93,311;-0,98;0,88;2,92
93,312;-1,07;1,06;2,98
93,317;-1,20;1,36;3,10
93,318;-1,25;1,51;3,16
93,319;-1,28;1,66;3,23
93,320;-1,31;1,78;3,29
93,321;-1,31;1,90;3,35
93,322;-1,30;2,02;3,40
93,323;-1,28;2,10;3,44
93,324;-1,25;2,18;3,48
93,325;-1,15;2,27;3,55
93,326;-1,08;2,30;3,58
93,327;-1,02;2,33;3,62
93,328;-0,96;2,34;3,63
93,329;-0,90;2,34;3,66
93,330;-0,84;2,33;3,68
93,331;-0,78;2,32;3,69
93,409;-0,70;2,31;3,70
93,411;-0,56;2,28;3,73
93,413;-0,50;2,26;3,75
93,415;-0,45;2,26;3,76
93,416;-0,40;2,23;3,78
93,418;-0,37;2,23;3,79
93,419;-0,32;2,21;3,81
93,421;-0,30;2,26;3,82
93,423;-0,27;2,27;3,82
93,424;-0,22;2,27;3,86
93,426;-0,23;2,27;3,86
93,427;-0,25;2,27;3,86
93,428;-0,25;2,25;3,86
93,430;-0,27;2,22;3,87
93,431;-0,28;2,19;3,88
93,433;-0,31;2,18;3,86
93,434;-0,36;2,10;3,85
93,436;-0,37;2,07;3,83
93,437;-0,38;2,03;3,83
93,438;-0,41;1,99;3,81
93,439;-0,43;1,97;3,79
93,442;-0,46;1,93;3,77
93,491;-0,48;1,89;3,74
93,493;-0,51;1,87;3,71
93,494;-0,57;1,79;3,65
93,496;-0,60;1,77;3,62
93,497;-0,62;1,75;3,59
93,498;-0,66;1,73;3,57
93,499;-0,69;1,72;3,53
93,500;-0,73;1,68;3,50
93,502;-0,76;1,68;3,46
93,503;-0,80;1,65;3,42
93,504;-0,88;1,64;3,36
93,505;-0,92;1,63;3,31
93,506;-0,96;1,61;3,26
93,568;-1,00;1,60;3,20
93,569;-1,03;1,58;3,15
93,573;-1,05;1,56;3,09
93,574;-1,07;1,54;3,02
93,575;-1,10;1,53;2,95
93,576;-1,13;1,49;2,80
93,577;-1,15;1,47;2,72
93,577;-1,18;1,43;2,63
93,578;-1,21;1,40;2,52
93,579;-1,22;1,38;2,43
93,580;-1,25;1,35;2,34
93,582;-1,28;1,32;2,22
93,582;-1,30;1,30;2,11
93,588;-1,37;1,24;1,90
93,589;-1,40;1,20;1,80
93,590;-1,43;1,18;1,68
93,591;-1,45;1,15;1,57
93,596;-1,46;1,12;1,45
93,638;-1,49;1,09;1,33
93,639;-1,48;1,06;1,21
93,640;-1,46;1,03;1,09
93,641;-1,37;0,93;0,82
93,642;-1,32;0,87;0,69
93,642;-1,24;0,81;0,58
93,643;-1,16;0,74;0,45
93,644;-1,08;0,66;0,35
93,645;-1,00;0,59;0,24
93,646;-0,94;0,52;0,15
93,710;-0,87;0,46;0,08
93,711;-0,81;0,34;-0,11
93,712;-0,77;0,26;-0,20
93,713;-0,74;0,20;-0,32
93,714;-0,72;0,13;-0,43
93,714;-0,68;0,05;-0,57
93,715;-0,66;-0,04;-0,70
93,716;-0,64;-0,11;-0,84
93,717;-0,61;-0,19;-1,00
93,718;-0,54;-0,37;-1,33
93,719;-0,48;-0,45;-1,50
93,720;-0,40;-0,56;-1,70
93,720;-0,34;-0,65;-1,88
93,722;-0,26;-0,73;-2,06
93,722;-0,16;-0,83;-2,25
93,804;-0,05;-0,91;-2,44
93,806;0,05;-0,99;-2,62
93,809;0,28;-1,15;-2,93
93,810;0,39;-1,23;-3,07
93,812;0,51;-1,30;-3,21
93,814;0,60;-1,36;-3,32
93,815;0,70;-1,41;-3,43
93,818;0,79;-1,46;-3,52
93,819;0,88;-1,50;-3,60
93,820;0,97;-1,53;-3,66
93,822;1,11;-1,57;-3,74
93,823;1,15;-1,58;-3,76
93,824;1,22;-1,58;-3,76
93,825;1,25;-1,58;-3,75
93,827;1,29;-1,55;-3,75
93,828;1,32;-1,52;-3,76
93,829;1,33;-1,51;-3,73
93,830;1,35;-1,46;-3,73
93,832;1,36;-1,46;-3,73
93,833;1,38;-1,45;-3,77
93,834;1,39;-1,43;-3,80
93,835;1,40;-1,46;-3,85
93,836;1,43;-1,45;-3,89
93,905;1,45;-1,46;-3,95
93,906;1,48;-1,47;-4,01
93,908;1,52;-1,48;-4,13
93,910;1,54;-1,49;-4,19
93,911;1,56;-1,51;-4,21
93,912;1,56;-1,52;-4,26
93,913;1,57;-1,52;-4,28
93,914;1,59;-1,53;-4,29
93,915;1,59;-1,53;-4,28
93,919;1,61;-1,51;-4,28
93,920;1,60;-1,50;-4,22
93,921;1,60;-1,49;-4,16
93,922;1,61;-1,46;-4,08
93,923;1,60;-1,44;-4,01
93,924;1,61;-1,42;-3,93
93,925;1,60;-1,41;-3,84
93,926;1,62;-1,38;-3,73
93,927;1,62;-1,35;-3,61
93,974;1,62;-1,30;-3,39
93,975;1,61;-1,29;-3,29
93,976;1,59;-1,29;-3,17
93,977;1,56;-1,28;-3,07
93,978;1,53;-1,29;-2,96
93,980;1,49;-1,30;-2,87
93,982;1,43;-1,33;-2,79
93,983;1,38;-1,37;-2,71
93,986;1,23;-1,44;-2,58
93,987;1,12;-1,48;-2,53
93,988;1,02;-1,52;-2,47
93,989;0,90;-1,56;-2,44
94,073;0,77;-1,61;-2,38
94,075;0,64;-1,64;-2,36
94,077;0,51;-1,67;-2,32
94,078;0,38;-1,69;-2,29
94,079;0,09;-1,72;-2,24
94,081;-0,06;-1,71;-2,23
94,082;-0,19;-1,73;-2,20
94,085;-0,35;-1,73;-2,18
94,086;-0,50;-1,74;-2,16
94,087;-0,62;-1,75;-2,15
94,088;-0,74;-1,77;-2,13
94,089;-0,84;-1,78;-2,11
94,091;-1,03;-1,80;-2,07
94,092;-1,11;-1,82;-2,06
94,093;-1,17;-1,83;-2,04
94,094;-1,23;-1,83;-2,00
94,095;-1,28;-1,87;-1,99
94,097;-1,31;-1,88;-1,97
94,099;-1,32;-1,91;-1,97
94,101;-1,34;-1,93;-1,95
94,102;-1,32;-2,01;-1,96
94,108;-1,28;-2,03;-1,96
94,109;-1,24;-2,06;-1,96
94,110;-1,20;-2,09;-1,96
94,111;-1,13;-2,11;-1,96
94,162;-1,06;-2,13;-1,96
94,164;-0,98;-2,14;-1,96
94,165;-0,89;-2,15;-1,95
94,166;-0,72;-2,11;-1,88
94,168;-0,64;-2,08;-1,85
94,169;-0,57;-2,02;-1,79
94,170;-0,49;-1,96;-1,74
94,171;-0,42;-1,89;-1,67
94,172;-0,32;-1,81;-1,60
94,173;-0,24;-1,74;-1,53
94,174;-0,15;-1,63;-1,45
94,176;0,04;-1,41;-1,29
94,177;0,13;-1,30;-1,23
94,257;0,21;-1,19;-1,14
94,259;0,29;-1,05;-1,06
94,260;0,36;-0,93;-0,98
94,261;0,44;-0,81;-0,92
94,262;0,50;-0,68;-0,84
94,263;0,55;-0,55;-0,77
94,265;0,60;-0,28;-0,62
94,266;0,59;-0,15;-0,54
94,267;0,54;-0,03;-0,45
94,271;0,50;0,10;-0,37
94,272;0,42;0,22;-0,27
94,273;0,37;0,32;-0,18
94,274;0,32;0,41;-0,11
94,276;0,32;0,49;0,01
94,277;0,39;0,49;0,05
94,278;0,45;0,46;0,09
94,279;0,55;0,42;0,12
94,281;0,64;0,36;0,14
94,292;0,75;0,32;0,18
94,293;0,86;0,24;0,20
94,294;0,97;0,17;0,22
94,296;1,17;0,07;0,33
94,297;1,26;0,05;0,40
94,298;1,34;0,01;0,51
94,376;1,38;0,04;0,64
94,378;1,38;0,11;0,79
94,380;1,33;0,20;0,95
94,382;1,27;0,33;1,14
94,383;1,17;0,52;1,34
94,385;0,88;0,96;1,72
94,386;0,73;1,17;1,89
94,387;0,53;1,41;2,05
94,388;0,33;1,67;2,20
94,389;0,13;1,92;2,31
94,390;-0,07;2,17;2,43
94,390;-0,26;2,41;2,52
94,392;-0,44;2,63;2,59
94,393;-0,75;2,99;2,69
94,393;-0,85;3,10;2,71
94,394;-0,93;3,20;2,72
94,395;-0,98;3,25;2,72
94,396;-0,99;3,27;2,72
94,397;-0,98;3,26;2,71
94,398;-0,92;3,24;2,71
94,484;-0,89;3,19;2,71
94,500;-0,73;3,05;2,78
94,503;-0,65;2,96;2,83
94,504;-0,58;2,86;2,92
94,505;-0,52;2,77;2,99
94,506;-0,46;2,68;3,09
94,508;-0,42;2,58;3,20
94,509;-0,40;2,48;3,31
94,510;-0,41;2,40;3,41
94,512;-0,47;2,23;3,62
94,513;-0,51;2,17;3,71
94,514;-0,58;2,10;3,80
94,515;-0,66;2,05;3,86
94,516;-0,74;2,00;3,89
94,518;-0,82;1,95;3,92
94,519;-0,91;1,92;3,96
94,520;-1,00;1,89;3,97
94,522;-1,14;1,82;3,98
94,523;-1,18;1,79;3,99
94,524;-1,22;1,74;4,00
94,525;-1,23;1,70;3,99
94,526;-1,22;1,65;4,00
94,527;-1,22;1,59;4,00
94,528;-1,20;1,55;3,99
94,529;-1,18;1,49;3,99
94,530;-1,10;1,40;3,98
94,532;-1,08;1,33;3,95
94,589;-1,03;1,27;3,94
94,590;-0,98;1,20;3,93
94,591;-0,94;1,15;3,90
94,592;-0,89;1,10;3,87
94,593;-0,87;1,06;3,85
94,594;-0,86;1,04;3,84
94,596;-0,82;1,02;3,79
94,597;-0,84;1,02;3,77
94,600;-0,86;1,04;3,75
94,602;-0,88;1,06;3,70
94,604;-0,90;1,09;3,66
94,605;-0,92;1,12;3,63
94,614;-0,94;1,16;3,57
94,614;-0,94;1,19;3,54
94,615;-0,97;1,28;3,44
94,616;-0,97;1,32;3,39
94,617;-0,96;1,35;3,34
94,658;-0,96;1,38;3,27
94,658;-0,95;1,39;3,22
94,659;-0,92;1,42;3,16
94,660;-0,89;1,44;3,10
94,661;-0,83;1,47;2,96
94,661;-0,79;1,47;2,88
94,662;-0,75;1,47;2,81
94,663;-0,70;1,47;2,74
94,664;-0,66;1,48;2,65
94,666;-0,63;1,47;2,58
94,768;-0,59;1,47;2,49
94,772;-0,56;1,48;2,41
94,774;-0,50;1,50;2,24
94,775;-0,48;1,51;2,17
94,776;-0,45;1,53;2,07
94,777;-0,42;1,54;1,98
94,778;-0,38;1,55;1,88
94,780;-0,34;1,54;1,77
94,781;-0,31;1,55;1,65
94,782;-0,27;1,55;1,54
94,783;-0,19;1,50;1,28
94,784;-0,15;1,47;1,14
94,785;-0,13;1,42;1,01
94,786;-0,07;1,37;0,88
94,787;-0,04;1,31;0,76
94,788;-0,01;1,25;0,62
94,789;0,02;1,18;0,50
94,790;0,03;1,11;0,37
94,791;0,00;0,97;0,15
94,792;-0,04;0,89;0,03
94,793;-0,05;0,81;-0,11
94,794;-0,09;0,72;-0,25
94,795;-0,13;0,63;-0,41
94,796;-0,14;0,52;-0,57
94,797;-0,15;0,44;-0,76
94,798;-0,15;0,33;-0,96
94,879;-0,06;0,12;-1,41
94,881;0,01;0,01;-1,64
94,883;0,13;-0,12;-1,86
94,885;0,25;-0,23;-2,09
94,886;0,39;-0,36;-2,28
94,889;0,54;-0,47;-2,46
94,890;0,70;-0,56;-2,61
94,892;0,86;-0,65;-2,73
94,893;1,16;-0,79;-2,87
94,894;1,30;-0,86;-2,92
94,895;1,44;-0,91;-2,91
94,897;1,58;-0,97;-2,88
94,898;1,70;-1,01;-2,83
94,899;1,81;-1,06;-2,75
94,900;1,90;-1,09;-2,67
94,901;1,98;-1,12;-2,55
94,902;2,06;-1,19;-2,33
94,903;2,08;-1,22;-2,21
94,904;2,06;-1,27;-2,12
94,905;2,02;-1,31;-2,05
94,906;1,96;-1,37;-2,02
94,907;1,89;-1,44;-2,00
94,976;1,83;-1,52;-2,01
94,978;1,75;-1,62;-2,05
94,979;1,59;-1,83;-2,17
94,980;1,53;-1,92;-2,28
94,981;1,46;-2,05;-2,42
94,982;1,39;-2,15;-2,56
94,983;1,36;-2,28;-2,72
94,984;1,30;-2,40;-2,90
94,985;1,26;-2,52;-3,10
94,986;1,20;-2,64;-3,29
94,987;1,10;-2,85;-3,62
94,988;1,06;-2,93;-3,75
94,989;1,00;-3,01;-3,85
94,990;0,95;-3,05;-3,94
94,991;0,91;-3,09;-4,02
94,992;0,87;-3,12;-4,07
94,993;0,85;-3,13;-4,10
95,097;0,80;-3,13;-4,11
95,100;0,76;-3,13;-4,11
95,103;0,75;-3,09;-4,09
95,105;0,72;-3,07;-4,04
95,108;0,71;-3,04;-4,00
95,110;0,68;-3,02;-3,95
95,113;0,68;-2,99;-3,91
95,115;0,66;-2,97;-3,86
95,117;0,66;-2,93;-3,78
95,119;0,65;-2,92;-3,72
95,121;0,66;-2,92;-3,69
95,123;0,65;-2,91;-3,64
95,125;0,66;-2,91;-3,59
95,126;0,66;-2,90;-3,56
95,128;0,65;-2,91;-3,51
95,130;0,65;-2,89;-3,46
95,131;0,63;-2,89;-3,37
95,133;0,62;-2,88;-3,33
95,134;0,60;-2,89;-3,29
95,135;0,56;-2,87;-3,26
95,142;0,52;-2,86;-3,22
95,143;0,47;-2,85;-3,19
95,145;0,42;-2,82;-3,16
95,146;0,37;-2,78;-3,11
95,147;0,28;-2,73;-3,03
95,149;0,25;-2,68;-3,00
95,150;0,22;-2,65;-2,96
95,153;0,19;-2,60;-2,91
95,155;0,16;-2,51;-2,87
95,157;0,12;-2,43;-2,84
95,160;0,09;-2,36;-2,80
95,161;0,04;-2,27;-2,75
95,162;-0,05;-2,10;-2,64
95,164;-0,09;-2,01;-2,58
95,222;-0,15;-1,92;-2,50
95,224;-0,20;-1,81;-2,42
95,225;-0,24;-1,74;-2,34
95,226;-0,27;-1,65;-2,24
95,230;-0,30;-1,58;-2,16
95,231;-0,32;-1,51;-2,07
95,233;-0,36;-1,41;-1,87
95,234;-0,37;-1,37;-1,77
95,235;-0,37;-1,32;-1,68
95,236;-0,37;-1,32;-1,62
95,237;-0,33;-1,30;-1,55
95,238;-0,31;-1,32;-1,50
95,239;-0,27;-1,33;-1,46
95,324;-0,22;-1,34;-1,42
95,325;-0,14;-1,34;-1,37
95,327;-0,10;-1,33;-1,34
95,328;-0,06;-1,30;-1,30
95,330;-0,02;-1,26;-1,26
95,331;0,04;-1,20;-1,21
95,332;0,07;-1,13;-1,18
95,333;0,12;-1,05;-1,13
95,335;0,17;-0,94;-1,08
95,336;0,29;-0,72;-0,99
95,337;0,38;-0,60;-0,95
95,338;0,44;-0,47;-0,87
95,339;0,50;-0,35;-0,82
95,340;0,54;-0,19;-0,73
95,342;0,57;-0,04;-0,61
95,344;0,55;0,14;-0,49
95,345;0,50;0,33;-0,34
95,346;0,41;0,72;-0,06
95,347;0,37;0,88;0,08
95,349;0,34;1,03;0,21
95,350;0,33;1,16;0,34
95,352;0,33;1,26;0,47
95,353;0,32;1,32;0,60
95,354;0,34;1,38;0,71
95,355;0,34;1,41;0,85
95,357;0,37;1,43;1,14
95,403;0,36;1,43;1,30
95,406;0,34;1,47;1,48
95,407;0,31;1,48;1,67
95,408;0,27;1,52;1,86
95,409;0,19;1,55;2,05
95,410;0,10;1,59;2,21
95,411;-0,02;1,62;2,38
95,412;-0,30;1,73;2,70
95,413;-0,45;1,80;2,85
95,414;-0,62;1,88;2,97
95,415;-0,82;1,99;3,09
95,417;-1,02;2,09;3,18
95,501;-1,23;2,20;3,29
95,505;-1,43;2,28;3,38
95,509;-1,80;2,45;3,54
95,512;-1,98;2,52;3,61
95,515;-2,12;2,60;3,67
95,518;-2,26;2,65;3,73
95,522;-2,40;2,72;3,78
95,523;-2,51;2,77;3,85
95,524;-2,61;2,83;3,89
95,525;-2,68;2,87;3,92
95,527;-2,77;2,94;3,98
95,528;-2,77;2,97;4,00
95,530;-2,77;3,00;4,02
95,531;-2,73;2,99;4,03
95,532;-2,66;2,97;4,03
95,533;-2,58;2,93;4,02
95,534;-2,49;2,89;4,00
95,536;-2,38;2,84;3,99
95,537;-2,13;2,70;3,90
95,538;-2,02;2,64;3,88
95,539;-1,88;2,54;3,83
95,540;-1,75;2,47;3,79
95,542;-1,62;2,41;3,75
95,543;-1,48;2,33;3,73
95,544;-1,33;2,28;3,70
95,592;-1,19;2,23;3,70
95,594;-0,91;2,17;3,68
95,595;-0,79;2,15;3,66
95,597;-0,70;2,13;3,66
95,599;-0,59;2,11;3,66
95,600;-0,51;2,12;3,65
95,602;-0,44;2,10;3,66
95,604;-0,39;2,10;3,68
95,605;-0,34;2,09;3,72
95,606;-0,25;2,08;3,78
95,615;-0,20;2,06;3,80
95,617;-0,18;2,05;3,81
95,619;-0,17;2,04;3,82
95,620;-0,15;2,00;3,80
95,621;-0,14;1,96;3,77
95,623;-0,14;1,92;3,74
95,676;-0,14;1,88;3,70
95,677;-0,17;1,82;3,61
95,678;-0,21;1,80;3,57
95,679;-0,24;1,77;3,53
95,680;-0,27;1,76;3,48
95,681;-0,30;1,74;3,45
95,682;-0,32;1,73;3,41
95,684;-0,36;1,73;3,38
95,685;-0,41;1,72;3,35
95,685;-0,50;1,71;3,25
95,686;-0,54;1,71;3,21
95,687;-0,59;1,69;3,18
95,688;-0,62;1,69;3,15
95,757;-0,67;1,68;3,10
95,758;-0,70;1,68;3,05
95,759;-0,74;1,67;2,99
95,760;-0,77;1,64;2,93
95,762;-0,81;1,60;2,79
95,763;-0,84;1,56;2,70
95,764;-0,84;1,52;2,62
95,765;-0,85;1,47;2,52
95,772;-0,86;1,41;2,41
95,773;-0,85;1,36;2,31
95,774;-0,85;1,31;2,21
95,775;-0,86;1,26;2,11
95,776;-0,87;1,14;1,91
95,777;-0,88;1,10;1,82
95,778;-0,90;1,04;1,72
95,779;-0,94;0,98;1,63
95,780;-0,96;0,94;1,54
95,781;-0,99;0,90;1,44
95,830;-1,01;0,85;1,35
95,831;-1,06;0,84;1,27
95,833;-1,12;0,78;1,09
95,834;-1,15;0,73;1,02
95,835;-1,17;0,71;0,94
95,836;-1,18;0,68;0,85
95,837;-1,18;0,64;0,77
95,838;-1,16;0,61;0,71
95,839;-1,13;0,55;0,61
95,839;-1,03;0,43;0,46
95,842;-0,96;0,38;0,37
95,843;-0,90;0,32;0,31
95,844;-0,83;0,26;0,23
95,919;-0,78;0,19;0,16
95,921;-0,72;0,12;0,06
95,923;-0,66;0,05;-0,03
95,926;-0,64;-0,04;-0,12
95,927;-0,55;-0,22;-0,34
95,928;-0,54;-0,30;-0,46
95,929;-0,52;-0,39;-0,60
95,930;-0,51;-0,48;-0,75
95,931;-0,49;-0,57;-0,92
95,932;-0,47;-0,68;-1,08
95,933;-0,43;-0,79;-1,27
95,934;-0,37;-0,90;-1,48
95,935;-0,22;-1,13;-1,91
95,936;-0,14;-1,24;-2,12
95,937;-0,04;-1,36;-2,33
95,938;0,06;-1,48;-2,52
95,939;0,18;-1,59;-2,71
95,941;0,29;-1,68;-2,88
95,942;0,42;-1,79;-3,06
95,943;0,52;-1,89;-3,20
96,017;0,77;-2,06;-3,43
96,019;0,89;-2,12;-3,50
96,022;1,02;-2,19;-3,57
96,026;1,14;-2,23;-3,61
96,027;1,24;-2,28;-3,61
96,028;1,32;-2,30;-3,59
96,029;1,40;-2,32;-3,57
96,030;1,46;-2,32;-3,51
96,031;1,56;-2,33;-3,40
96,032;1,58;-2,33;-3,35
96,033;1,59;-2,33;-3,31
96,034;1,60;-2,31;-3,27
96,035;1,60;-2,31;-3,26
96,036;1,61;-2,30;-3,27
96,037;1,61;-2,29;-3,26
96,038;1,61;-2,29;-3,29
96,039;1,65;-2,27;-3,41
96,040;1,67;-2,25;-3,48
96,042;1,71;-2,26;-3,56
96,043;1,74;-2,25;-3,66
96,145;1,78;-2,24;-3,75
96,147;1,82;-2,23;-3,84
96,149;1,85;-2,21;-3,91
96,150;1,86;-2,20;-3,97
96,152;1,90;-2,14;-4,04
96,154;1,89;-2,10;-4,06
96,155;1,87;-2,03;-4,05
96,156;1,86;-2,00;-4,03
96,158;1,84;-1,95;-4,01
96,159;1,82;-1,90;-3,96
96,173;1,78;-1,84;-3,92
96,174;1,74;-1,81;-3,85
96,175;1,66;-1,74;-3,71
96,176;1,62;-1,72;-3,63
96,179;1,56;-1,70;-3,55
96,180;1,52;-1,71;-3,47
96,182;1,46;-1,71;-3,40
96,183;1,39;-1,74;-3,32
96,186;1,31;-1,77;-3,24
96,192;1,23;-1,83;-3,18
96,193;1,06;-1,90;-3,04
96,194;0,97;-1,97;-2,98
96,195;0,88;-2,02;-2,92
96,196;0,78;-2,09;-2,89
96,202;0,68;-2,14;-2,86
96,204;0,56;-2,21;-2,83
96,205;0,46;-2,28;-2,80
96,206;0,36;-2,34;-2,77
96,207;0,19;-2,44;-2,73
96,209;0,10;-2,47;-2,69
96,210;0,02;-2,48;-2,68
96,212;-0,07;-2,51;-2,64
96,213;-0,14;-2,52;-2,62
96,214;-0,24;-2,52;-2,60
96,269;-0,32;-2,49;-2,56
96,270;-0,48;-2,44;-2,48
96,271;-0,54;-2,42;-2,46
96,272;-0,61;-2,39;-2,44
96,273;-0,65;-2,36;-2,41
96,274;-0,70;-2,28;-2,39
96,276;-0,73;-2,20;-2,38
96,285;-0,76;-2,13;-2,37
96,286;-0,79;-2,02;-2,38
96,287;-0,81;-1,79;-2,40
96,288;-0,81;-1,67;-2,43
96,289;-0,78;-1,55;-2,46
96,290;-0,72;-1,46;-2,47
96,293;-0,63;-1,36;-2,47
96,295;-0,55;-1,27;-2,47
96,295;-0,44;-1,18;-2,44
96,345;-0,32;-1,09;-2,40
96,348;-0,07;-0,94;-2,24
96,349;0,08;-0,88;-2,16
96,350;0,22;-0,82;-2,04
96,351;0,35;-0,78;-1,92
96,352;0,47;-0,75;-1,78
96,353;0,59;-0,72;-1,65
96,354;0,70;-0,70;-1,51
96,355;0,81;-0,68;-1,39
96,355;0,96;-0,62;-1,14
96,356;1,01;-0,58;-1,03
96,357;1,05;-0,53;-0,93
96,358;1,08;-0,50;-0,85
96,420;1,07;-0,41;-0,79
96,422;1,07;-0,35;-0,71
96,424;1,04;-0,27;-0,65
96,427;1,01;-0,16;-0,60
96,428;0,96;0,04;-0,49
96,430;0,94;0,17;-0,44
96,430;0,91;0,30;-0,38
96,431;0,88;0,44;-0,32
96,432;0,85;0,59;-0,23
96,433;0,79;0,75;-0,14
96,434;0,72;0,91;-0,03
96,434;0,66;1,07;0,10
96,435;0,56;1,33;0,34
96,436;0,50;1,42;0,47
96,437;0,48;1,47;0,58
96,438;0,45;1,50;0,69
96,491;0,44;1,49;0,78
96,492;0,43;1,46;0,88
96,493;0,42;1,41;0,96
96,494;0,41;1,35;1,05
96,495;0,41;1,16;1,20
96,496;0,41;1,06;1,29
96,497;0,41;0,96;1,38
96,497;0,41;0,89;1,46
96,498;0,41;0,83;1,55
96,499;0,38;0,77;1,67
96,500;0,36;0,74;1,79
96,501;0,31;0,74;1,92
96,574;0,14;0,79;2,20
96,577;0,04;0,85;2,35
96,578;-0,10;0,93;2,48
96,581;-0,25;1,02;2,59
96,581;-0,42;1,14;2,71
96,583;-0,61;1,28;2,83
96,584;-0,81;1,41;2,94
96,585;-1,01;1,56;3,04
96,586;-1,40;1,83;3,19
96,589;-1,57;1,97;3,23
96,593;-1,73;2,08;3,25
96,595;-1,84;2,18;3,25
96,596;-1,94;2,26;3,25
96,597;-2,00;2,33;3,23
96,599;-2,03;2,39;3,21
96,599;-2,03;2,44;3,19
96,600;-1,98;2,46;3,18
96,602;-1,93;2,47;3,17
96,605;-1,85;2,46;3,19
96,613;-1,78;2,45;3,21
96,614;-1,72;2,44;3,24
96,615;-1,65;2,42;3,27
96,616;-1,59;2,41;3,32
96,663;-1,47;2,35;3,39
96,664;-1,41;2,32;3,43
96,668;-1,35;2,28;3,44
96,677;-1,31;2,23;3,48
96,678;-1,26;2,20;3,50
96,679;-1,22;2,16;3,53
96,680;-1,17;2,13;3,54
96,680;-1,13;2,09;3,57
96,681;-1,12;2,01;3,62
96,682;-1,11;1,96;3,64
96,683;-1,10;1,89;3,67
96,684;-1,10;1,82;3,66
96,685;-1,08;1,73;3,67
96,686;-1,05;1,65;3,66
96,754;-1,01;1,56;3,64
96,755;-0,97;1,46;3,63
96,756;-0,89;1,31;3,60
96,757;-0,84;1,25;3,58
96,769;-0,80;1,18;3,57
96,770;-0,77;1,12;3,57
96,771;-0,75;1,08;3,55
96,772;-0,75;1,05;3,54
96,773;-0,75;1,02;3,52
96,774;-0,74;1,01;3,51
96,775;-0,81;1,01;3,51
96,776;-0,83;1,05;3,50
96,777;-0,87;1,07;3,50
96,778;-0,89;1,10;3,48
96,779;-0,95;1,14;3,48
96,780;-0,98;1,18;3,45
96,782;-1,02;1,21;3,45
96,783;-1,05;1,26;3,43
96,784;-1,10;1,34;3,38
96,785;-1,12;1,38;3,36
96,832;-1,13;1,40;3,32
96,833;-1,16;1,42;3,29
96,834;-1,16;1,45;3,26
96,835;-1,17;1,47;3,21
96,837;-1,15;1,48;3,16
96,838;-1,13;1,48;3,10
96,839;-1,08;1,49;2,97
96,840;-1,05;1,48;2,88
96,841;-1,01;1,47;2,81
96,842;-0,98;1,46;2,71
96,843;-0,93;1,44;2,62
96,844;-0,88;1,41;2,54
96,900;-0,84;1,39;2,44
96,900;-0,80;1,34;2,32
96,901;-0,73;1,27;2,10
96,902;-0,69;1,21;2,00
96,903;-0,66;1,17;1,88
96,904;-0,64;1,13;1,77
96,905;-0,61;1,08;1,65
96,906;-0,62;1,02;1,52
96,907;-0,61;0,97;1,42
96,908;-0,60;0,92;1,30
96,908;-0,60;0,82;1,07
96,909;-0,58;0,77;0,96
96,910;-0,59;0,72;0,85
96,967;-0,58;0,68;0,74
96,968;-0,56;0,63;0,64
96,969;-0,54;0,58;0,53
96,970;-0,52;0,52;0,44
96,970;-0,49;0,45;0,34
96,971;-0,46;0,34;0,15
96,972;-0,45;0,26;0,07
96,973;-0,45;0,19;-0,05
96,974;-0,46;0,12;-0,14
96,975;-0,49;0,04;-0,26
96,976;-0,49;-0,02;-0,39
96,977;-0,51;-0,09;-0,52
96,978;-0,54;-0,17;-0,65
96,979;-0,56;-0,34;-0,97
97,043;-0,57;-0,43;-1,13
97,044;-0,56;-0,53;-1,34
97,045;-0,52;-0,64;-1,54
97,046;-0,47;-0,75;-1,73
97,046;-0,40;-0,87;-1,95
97,047;-0,31;-0,99;-2,15
97,049;-0,08;-1,21;-2,52
97,050;0,04;-1,31;-2,68
97,050;0,16;-1,40;-2,80
97,051;0,28;-1,48;-2,92
97,052;0,40;-1,56;-3,01
97,053;0,52;-1,62;-3,07
97,059;0,62;-1,67;-3,14
97,060;0,72;-1,70;-3,16
97,061;0,89;-1,74;-3,18
97,064;0,95;-1,73;-3,18
97,066;1,00;-1,72;-3,15
97,069;1,02;-1,68;-3,10
97,104;1,03;-1,64;-3,06
97,105;1,02;-1,62;-3,04
97,106;0,99;-1,56;-3,01
97,107;0,95;-1,53;-2,99
97,108;0,87;-1,47;-3,01
97,127;0,83;-1,45;-3,05
97,127;0,80;-1,43;-3,09
97,128;0,78;-1,43;-3,15
97,129;0,80;-1,44;-3,24
97,130;0,83;-1,46;-3,34
97,132;0,86;-1,49;-3,46
97,133;0,92;-1,54;-3,60
97,134;1,06;-1,64;-3,85
97,172;1,14;-1,71;-3,97
97,173;1,19;-1,74;-4,06
97,174;1,24;-1,78;-4,13
97,177;1,26;-1,79;-4,17
97,178;1,29;-1,80;-4,22
97,179;1,30;-1,79;-4,24
97,181;1,32;-1,79;-4,25
97,191;1,32;-1,77;-4,21
97,192;1,32;-1,75;-4,17
97,193;1,31;-1,73;-4,10
97,194;1,32;-1,70;-4,07
97,194;1,31;-1,65;-3,99
97,242;1,29;-1,62;-3,91
97,244;1,31;-1,57;-3,85
97,245;1,30;-1,54;-3,77
97,248;1,27;-1,46;-3,60
97,249;1,25;-1,44;-3,51
97,250;1,24;-1,42;-3,42
97,251;1,22;-1,40;-3,35
97,252;1,21;-1,39;-3,27
97,253;1,21;-1,40;-3,20
97,254;1,19;-1,39;-3,13
97,255;1,18;-1,42;-3,09
97,256;1,13;-1,46;-2,98
97,259;1,10;-1,48;-2,94
97,311;1,06;-1,51;-2,90
97,313;1,02;-1,54;-2,86
97,314;0,98;-1,58;-2,83
97,315;0,95;-1,62;-2,80
97,316;0,92;-1,65;-2,78
97,316;0,90;-1,68;-2,75
97,317;0,79;-1,73;-2,71
97,318;0,74;-1,75;-2,68
97,319;0,68;-1,76;-2,66
97,319;0,61;-1,77;-2,64
97,320;0,54;-1,78;-2,62
97,321;0,45;-1,79;-2,61
97,377;0,36;-1,79;-2,58
97,379;0,28;-1,79;-2,57
97,380;0,13;-1,77;-2,52
97,380;0,06;-1,77;-2,49
97,381;0,02;-1,75;-2,46
97,382;-0,05;-1,76;-2,41
97,384;-0,08;-1,75;-2,37
97,385;-0,12;-1,75;-2,33
97,386;-0,14;-1,75;-2,29
97,386;-0,15;-1,75;-2,26
97,387;-0,15;-1,74;-2,19
97,389;-0,14;-1,72;-2,15
97,390;-0,15;-1,72;-2,10
97,391;-0,14;-1,67;-2,06
97,427;-0,16;-1,62;-2,00
97,428;-0,15;-1,58;-1,95
97,430;-0,16;-1,52;-1,89
97,431;-0,15;-1,41;-1,79
97,436;-0,16;-1,37;-1,74
97,437;-0,13;-1,33;-1,68
97,438;-0,10;-1,27;-1,61
97,439;-0,07;-1,23;-1,56
97,439;-0,03;-1,19;-1,49
97,440;0,02;-1,13;-1,43
97,476;0,09;-1,09;-1,37
97,478;0,21;-0,95;-1,23
97,479;0,29;-0,87;-1,17
97,481;0,37;-0,79;-1,10
97,482;0,45;-0,71;-1,03
97,483;0,53;-0,62;-0,96
97,484;0,62;-0,55;-0,90
97,485;0,72;-0,46;-0,80
97,486;0,81;-0,37;-0,69
97,520;0,92;-0,17;-0,48
97,532;0,97;-0,02;-0,36
97,533;0,99;0,12;-0,25
97,533;1,00;0,28;-0,14
97,534;1,01;0,42;-0,05
97,535;1,01;0,56;0,06
97,535;0,98;0,68;0,14
97,537;0,96;0,80;0,24
97,538;0,93;0,93;0,42
97,539;0,92;0,97;0,50
97,540;0,95;0,99;0,58
97,572;0,98;0,98;0,67
97,574;1,02;0,97;0,76
97,575;1,02;1,00;0,88
97,575;1,04;1,00;1,02
97,576;1,02;1,03;1,15
97,577;0,97;1,08;1,42
97,577;0,91;1,10;1,54
97,579;0,83;1,13;1,66
97,624;0,73;1,17;1,78
97,625;0,63;1,20;1,89
97,626;0,50;1,25;1,99
97,642;0,34;1,31;2,07
97,643;0,19;1,37;2,15
97,644;-0,17;1,53;2,26
97,645;-0,38;1,62;2,31
97,646;-0,60;1,71;2,36
97,647;-0,81;1,82;2,39
97,648;-1,03;1,92;2,44
97,650;-1,24;2,04;2,48
97,650;-1,43;2,16;2,51
97,651;-1,57;2,28;2,56
97,653;-1,79;2,48;2,60
97,654;-1,87;2,56;2,64
97,662;-1,91;2,63;2,66
97,691;-1,92;2,69;2,69
97,692;-1,92;2,76;2,72
97,693;-1,90;2,80;2,74
97,703;-1,88;2,82;2,77
97,704;-1,85;2,83;2,81
97,705;-1,72;2,84;2,88
97,706;-1,65;2,83;2,94
97,707;-1,58;2,83;2,98
97,708;-1,51;2,79;3,06
97,709;-1,45;2,80;3,14
97,766;-1,40;2,79;3,20
97,767;-1,34;2,80;3,29
97,771;-1,31;2,82;3,36
97,775;-1,27;2,89;3,49
97,775;-1,28;2,91;3,55
97,776;-1,28;2,95;3,62
97,777;-1,30;2,96;3,68
97,785;-1,33;2,96;3,76
97,786;-1,35;2,96;3,83
97,787;-1,38;2,96;3,87
97,787;-1,41;2,94;3,93
97,788;-1,39;2,81;3,99
97,789;-1,36;2,72;4,02
97,790;-1,34;2,62;4,03
97,791;-1,29;2,49;4,02
97,792;-1,25;2,38;4,00
97,842;-1,21;2,24;3,97
97,845;-1,19;2,11;3,92
97,846;-1,16;1,88;3,81
97,847;-1,15;1,80;3,75
97,847;-1,18;1,73;3,68
97,848;-1,20;1,69;3,65
97,849;-1,23;1,65;3,61
97,850;-1,27;1,63;3,55
97,850;-1,27;1,60;3,53
97,851;-1,30;1,60;3,50
97,852;-1,33;1,55;3,46
97,853;-1,33;1,54;3,45
97,854;-1,33;1,54;3,42
97,922;-1,34;1,55;3,42
97,923;-1,35;1,55;3,39
97,926;-1,35;1,56;3,38
97,927;-1,34;1,55;3,35
97,928;-1,33;1,55;3,32
97,931;-1,28;1,54;3,25
97,932;-1,24;1,51;3,21
97,933;-1,21;1,50;3,16
97,933;-1,16;1,48;3,11
97,935;-1,12;1,47;3,07
97,935;-1,09;1,43;2,99
97,936;-1,05;1,42;2,93
97,937;-1,02;1,39;2,86
97,938;-0,95;1,36;2,69
97,939;-0,92;1,34;2,59
97,941;-0,90;1,32;2,49
97,942;-0,88;1,29;2,36
97,949;-0,86;1,27;2,24
97,952;-0,86;1,26;2,14
97,993;-0,87;1,25;2,00
97,994;-0,86;1,26;1,89
97,995;-0,89;1,24;1,67
97,996;-0,88;1,24;1,58
97,997;-0,90;1,22;1,48
97,998;-0,91;1,21;1,40
97,999;-0,91;1,18;1,31
97,999;-0,91;1,14;1,23
98,000;-0,91;1,11;1,14
98,001;-0,91;1,05;1,04
98,038;-0,86;0,95;0,84
98,040;-0,83;0,87;0,74
98,040;-0,78;0,78;0,62
98,042;-0,72;0,69;0,52
98,042;-0,67;0,59;0,42
98,043;-0,61;0,48;0,31
98,044;-0,55;0,37;0,23
98,045;-0,49;0,27;0,12
98,046;-0,38;0,06;-0,06
98,082;-0,36;-0,04;-0,14
98,083;-0,33;-0,13;-0,25
98,083;-0,33;-0,23;-0,35
98,084;-0,32;-0,30;-0,46
98,085;-0,34;-0,38;-0,58
98,086;-0,36;-0,46;-0,70
98,087;-0,36;-0,55;-0,82
98,088;-0,35;-0,74;-1,11
98,124;-0,32;-0,84;-1,26
98,126;-0,28;-0,95;-1,44
98,131;-0,20;-1,05;-1,61
98,133;-0,12;-1,16;-1,78
98,133;-0,02;-1,27;-1,98
98,135;0,10;-1,38;-2,15
98,135;0,23;-1,50;-2,31
98,137;0,48;-1,68;-2,58
98,140;0,58;-1,76;-2,69
98,141;0,68;-1,84;-2,77
98,142;0,77;-1,88;-2,83
98,179;0,85;-1,93;-2,89
98,180;0,91;-1,97;-2,91
98,180;0,97;-1,99;-2,91
98,181;1,03;-2,02;-2,91
98,183;1,11;-2,03;-2,84
98,183;1,12;-2,01;-2,80
98,184;1,12;-1,99;-2,77
98,185;1,10;-1,96;-2,72
98,186;1,08;-1,94;-2,70
98,219;1,03;-1,90;-2,67
98,220;1,00;-1,89;-2,67
98,221;0,93;-1,84;-2,69
98,222;0,91;-1,84;-2,75
98,223;0,90;-1,82;-2,81
98,224;0,90;-1,82;-2,91
98,225;0,93;-1,82;-3,02
98,226;0,97;-1,83;-3,15
98,229;1,02;-1,83;-3,27
98,266;1,09;-1,84;-3,42
98,267;1,23;-1,89;-3,71
98,269;1,31;-1,89;-3,83
98,270;1,37;-1,90;-3,93
98,270;1,42;-1,90;-4,01
98,271;1,46;-1,90;-4,05
98,272;1,47;-1,88;-4,10
98,273;1,47;-1,83;-4,10
98,275;1,46;-1,82;-4,10
98,280;1,46;-1,76;-4,06
98,312;1,43;-1,73;-3,99
98,313;1,43;-1,73;-3,92
98,314;1,43;-1,71;-3,85
98,314;1,41;-1,71;-3,76
98,315;1,41;-1,69;-3,66
98,316;1,41;-1,69;-3,58
98,317;1,43;-1,70;-3,49
98,357;1,39;-1,68;-3,30
98,359;1,36;-1,67;-3,21
98,359;1,33;-1,67;-3,14
98,360;1,27;-1,68;-3,05
98,361;1,22;-1,69;-3,00
98,362;1,17;-1,71;-2,94
98,363;1,09;-1,73;-2,89
98,364;1,04;-1,77;-2,84
98,365;0,93;-1,84;-2,78
98,366;0,88;-1,88;-2,76
98,408;0,84;-1,92;-2,76
98,410;0,79;-1,97;-2,73
98,411;0,76;-2,03;-2,74
98,412;0,72;-2,08;-2,70
98,413;0,69;-2,14;-2,70
98,414;0,65;-2,18;-2,67
98,414;0,57;-2,26;-2,66
98,415;0,50;-2,26;-2,63
98,416;0,44;-2,28;-2,62
98,416;0,37;-2,26;-2,60
98,459;0,29;-2,23;-2,58
98,460;0,22;-2,19;-2,55
98,461;0,13;-2,17;-2,54
98,462;0,06;-2,12;-2,52
98,463;-0,08;-2,03;-2,52
98,463;-0,14;-1,98;-2,51
98,464;-0,18;-1,94;-2,49
98,465;-0,21;-1,87;-2,48
98,466;-0,26;-1,82;-2,47
98,468;-0,26;-1,76;-2,46
98,500;-0,26;-1,72;-2,45
98,501;-0,27;-1,67;-2,45
98,502;-0,27;-1,54;-2,43
98,503;-0,27;-1,48;-2,41
98,504;-0,27;-1,41;-2,40
98,505;-0,26;-1,34;-2,39
98,506;-0,27;-1,27;-2,38
98,507;-0,26;-1,20;-2,38
98,510;-0,23;-1,15;-2,36
98,515;-0,21;-1,08;-2,36
98,556;-0,06;-1,00;-2,34
98,557;0,03;-0,95;-2,35
98,558;0,15;-0,89;-2,34
98,559;0,25;-0,83;-2,33
98,559;0,38;-0,75;-2,35
98,560;0,52;-0,66;-2,36
98,561;0,66;-0,56;-2,36
98,561;0,78;-0,44;-2,35
98,562;1,02;-0,16;-2,32
98,565;1,15;-0,03;-2,26
98,601;1,27;0,09;-2,19
98,602;1,38;0,22;-2,09
98,603;1,48;0,33;-1,93
98,603;1,55;0,43;-1,73
98,604;1,58;0,51;-1,49
98,605;1,54;0,75;-0,93
98,611;1,47;0,86;-0,63
98,612;1,38;0,97;-0,33
98,612;1,25;1,06;-0,05
98,616;1,15;1,10;0,22
98,651;1,00;1,13;0,47
98,652;0,89;1,09;0,68
98,653;0,76;1,04;0,85
98,654;0,55;0,86;1,12
98,654;0,45;0,76;1,21
98,656;0,33;0,65;1,29
98,657;0,23;0,54;1,37
98,657;0,11;0,47;1,46
98,660;0,01;0,39;1,53
98,665;-0,09;0,32;1,61
98,702;-0,20;0,25;1,69
98,704;-0,41;0,22;1,89
98,704;-0,52;0,22;2,01
98,705;-0,61;0,24;2,11
98,706;-0,72;0,29;2,24
98,706;-0,83;0,35;2,36
98,707;-0,94;0,41;2,48
98,708;-1,07;0,52;2,59
98,710;-1,19;0,62;2,70
98,715;-1,44;0,85;2,86
98,746;-1,53;0,97;2,93
98,747;-1,64;1,09;2,98
98,748;-1,70;1,20;3,00
98,749;-1,73;1,31;3,02
98,750;-1,75;1,43;3,02
98,751;-1,77;1,52;3,02
98,752;-1,76;1,62;3,03
98,790;-1,69;1,82;3,01
98,791;-1,64;1,90;3,01
98,792;-1,57;1,98;3,02
98,793;-1,49;2,04;3,03
98,794;-1,39;2,11;3,04
98,795;-1,28;2,17;3,07
98,795;-1,19;2,22;3,09
98,796;-1,09;2,28;3,14
98,797;-0,87;2,34;3,25
98,800;-0,78;2,40;3,34
98,837;-0,68;2,46;3,42
98,838;-0,59;2,54;3,52
98,839;-0,50;2,62;3,61
98,840;-0,42;2,72;3,69
98,841;-0,37;2,79;3,77
98,842;-0,33;2,86;3,86
98,843;-0,25;2,99;4,01
98,844;-0,19;3,05;4,08
98,845;-0,13;3,06;4,12
98,850;-0,08;3,07;4,17
98,881;-0,04;3,08;4,21
98,883;0,03;3,07;4,24
98,884;0,06;3,06;4,25
98,886;0,09;3,04;4,27
98,886;0,19;2,98;4,28
98,887;0,25;2,94;4,27
98,888;0,32;2,89;4,23
98,921;0,33;2,83;4,20
98,922;0,36;2,78;4,14
98,923;0,36;2,72;4,08
98,923;0,34;2,67;4,01
98,924;0,30;2,63;3,94
98,925;0,16;2,54;3,86
98,926;0,11;2,52;3,81
98,927;0,03;2,50;3,78
98,930;-0,04;2,46;3,75
98,976;-0,13;2,44;3,71
98,978;-0,19;2,41;3,69
98,980;-0,26;2,38;3,65
98,981;-0,31;2,34;3,62
98,983;-0,46;2,30;3,57
98,984;-0,52;2,27;3,54
98,986;-0,59;2,25;3,49
98,987;-0,66;2,23;3,45
98,989;-0,73;2,20;3,40
98,991;-0,78;2,17;3,33
98,992;-0,84;2,14;3,29
98,993;-0,97;2,06;3,16
99,030;-1,01;2,01;3,09
99,031;-1,05;1,96;3,02
99,031;-1,10;1,91;2,94
99,032;-1,15;1,87;2,86
99,035;-1,19;1,80;2,77
99,036;-1,22;1,74;2,70
99,037;-1,23;1,68;2,60
99,037;-1,30;1,57;2,40
99,038;-1,34;1,51;2,32
99,076;-1,38;1,46;2,23
99,077;-1,39;1,39;2,13
99,078;-1,40;1,34;2,03
99,079;-1,44;1,30;1,93
99,080;-1,46;1,25;1,82
99,081;-1,47;1,20;1,71
99,082;-1,51;1,11;1,51
99,084;-1,51;1,05;1,41
99,085;-1,53;1,02;1,32
99,086;-1,54;0,95;1,22
99,127;-1,54;0,90;1,11
99,128;-1,54;0,83;1,00
99,132;-1,54;0,79;0,92
99,133;-1,50;0,71;0,82
99,134;-1,43;0,60;0,64
99,135;-1,38;0,54;0,56
99,136;-1,33;0,45;0,48
99,137;-1,28;0,40;0,42
99,142;-1,24;0,32;0,36
99,143;-1,21;0,27;0,30
99,143;-1,18;0,21;0,21
99,176;-1,17;0,14;0,13
99,177;-1,13;0,01;-0,08
99,178;-1,13;-0,07;-0,20
99,179;-1,10;-0,15;-0,33
99,181;-1,09;-0,23;-0,46
99,182;-1,06;-0,34;-0,63
99,183;-0,98;-0,43;-0,80
99,183;-0,91;-0,55;-0,99
99,186;-0,81;-0,68;-1,20
99,224;-0,53;-0,95;-1,62
99,225;-0,37;-1,09;-1,81
99,227;-0,19;-1,20;-2,00
99,227;-0,02;-1,31;-2,16
99,228;0,15;-1,41;-2,30
99,229;0,31;-1,48;-2,41
99,229;0,45;-1,57;-2,53
99,231;0,60;-1,63;-2,62
99,231;0,83;-1,75;-2,76
99,236;0,94;-1,80;-2,82
99,278;1,02;-1,84;-2,86
99,279;1,11;-1,86;-2,89
99,280;1,17;-1,88;-2,91
99,281;1,21;-1,88;-2,92
99,281;1,28;-1,88;-2,93
99,282;1,29;-1,87;-2,93
99,283;1,31;-1,84;-2,95
99,283;1,30;-1,81;-2,96
99,284;1,30;-1,80;-2,99
99,332;1,28;-1,77;-3,02
99,334;1,26;-1,77;-3,06
99,335;1,26;-1,76;-3,11
99,336;1,26;-1,78;-3,20
99,337;1,27;-1,78;-3,27
99,338;1,35;-1,85;-3,51
99,338;1,41;-1,90;-3,64
99,339;1,49;-1,93;-3,77
99,340;1,55;-1,99;-3,92
99,342;1,64;-2,03;-4,05
99,343;1,72;-2,08;-4,18
99,344;1,80;-2,12;-4,29
99,379;1,85;-2,12;-4,37
99,380;1,93;-2,12;-4,49
99,381;1,97;-2,12;-4,53
99,381;1,99;-2,08;-4,55
99,382;2,00;-2,06;-4,55
99,383;2,01;-2,00;-4,53
99,384;2,02;-1,93;-4,49
99,385;2,03;-1,90;-4,45
99,389;2,07;-1,75;-4,33
99,436;2,07;-1,66;-4,24
99,442;2,10;-1,58;-4,15
99,443;2,12;-1,49;-4,04
99,444;2,15;-1,39;-3,94
99,444;2,17;-1,30;-3,83
99,445;2,21;-1,24;-3,74
99,446;2,21;-1,16;-3,63
99,446;2,21;-1,06;-3,44
99,447;2,22;-1,02;-3,35
99,448;2,21;-1,02;-3,27
99,448;2,20;-1,02;-3,19
99,449;2,17;-1,02;-3,13
99,476;2,14;-1,04;-3,07
99,477;2,11;-1,07;-2,99
99,477;2,07;-1,10;-2,93
99,478;1,99;-1,19;-2,84
99,479;1,92;-1,26;-2,79
99,480;1,86;-1,33;-2,76
99,481;1,79;-1,40;-2,72
99,486;1,72;-1,46;-2,69
99,523;1,64;-1,52;-2,65
99,524;1,57;-1,57;-2,63
99,525;1,48;-1,63;-2,59
99,526;1,30;-1,75;-2,54
99,526;1,19;-1,79;-2,51
99,527;1,09;-1,84;-2,48
99,528;0,99;-1,89;-2,43
99,528;0,88;-1,94;-2,39
99,531;0,79;-1,97;-2,35
99,536;0,67;-2,01;-2,30
99,573;0,58;-2,05;-2,24
99,575;0,41;-2,11;-2,14
99,575;0,35;-2,15;-2,09
99,576;0,29;-2,18;-2,03
99,577;0,24;-2,22;-1,98
99,577;0,18;-2,24;-1,95
99,578;0,14;-2,26;-1,92
99,579;0,10;-2,29;-1,88
99,581;0,05;-2,31;-1,85
99,586;-0,06;-2,31;-1,78
99,619;-0,08;-2,30;-1,75
99,620;-0,12;-2,27;-1,72
99,624;-0,17;-2,23;-1,68
99,624;-0,20;-2,18;-1,65
99,625;-0,22;-2,15;-1,62
99,626;-0,21;-2,10;-1,60
99,626;-0,21;-2,03;-1,58
99,627;-0,16;-1,85;-1,54
99,665;-0,10;-1,74;-1,52
99,666;-0,05;-1,60;-1,50
99,667;0,03;-1,46;-1,47
99,668;0,12;-1,30;-1,45
99,669;0,22;-1,12;-1,41
99,669;0,33;-0,94;-1,40
99,670;0,45;-0,78;-1,37
99,671;0,76;-0,40;-1,30
99,672;0,89;-0,19;-1,24
99,707;1,05;0,02;-1,18
99,709;1,20;0,21;-1,08
99,709;1,33;0,42;-0,97
99,710;1,46;0,62;-0,84
99,711;1,53;0,83;-0,69
99,711;1,59;1,03;-0,53
99,712;1,67;1,38;-0,19
99,713;1,70;1,51;-0,03
99,716;1,74;1,61;0,13
99,732;1,78;1,68;0,28
99,736;1,80;1,72;0,43
99,739;1,81;1,74;0,56
99,742;1,80;1,74;0,68
99,745;1,75;1,73;0,79
99,749;1,59;1,71;0,99
99,792;1,46;1,68;1,06
99,793;1,32;1,67;1,16
99,794;1,13;1,67;1,24
99,795;0,95;1,69;1,32
99,796;0,75;1,71;1,42
99,797;0,55;1,74;1,50
99,797;0,09;1,88;1,69
99,798;-0,14;1,96;1,80
99,799;-0,38;2,06;1,90
99,800;-0,63;2,17;2,02
99,801;-0,88;2,29;2,13
99,842;-1,11;2,41;2,22
99,843;-1,34;2,54;2,33
99,843;-1,56;2,67;2,42
99,844;-1,98;2,88;2,56
99,845;-2,15;2,95;2,59
99,846;-2,30;3,02;2,60
99,847;-2,40;3,05;2,59
99,848;-2,49;3,06;2,57
99,849;-2,56;3,05;2,54
99,851;-2,62;3,05;2,51
99,892;-2,66;3,02;2,48
99,893;-2,68;2,94;2,44
99,895;-2,66;2,88;2,42
99,896;-2,64;2,83;2,42
99,897;-2,60;2,79;2,43
99,898;-2,56;2,75;2,45
99,899;-2,50;2,73;2,48
99,900;-2,46;2,71;2,51
99,901;-2,43;2,73;2,55
99,902;-2,39;2,75;2,65
99,937;-2,40;2,75;2,70
99,940;-2,41;2,72;2,78
99,941;-2,44;2,71;2,85
99,942;-2,44;2,68;2,93
99,943;-2,43;2,63;3,01
99,943;-2,39;2,57;3,09
99,944;-2,35;2,50;3,15
99,945;-2,23;2,33;3,31
99,981;-2,16;2,23;3,37
99,982;-2,09;2,15;3,42
99,983;-2,00;2,06;3,46
99,983;-1,92;1,99;3,50
99,984;-1,85;1,90;3,53
99,985;-1,77;1,83;3,55
99,985;-1,70;1,76;3,57
99,986;-1,56;1,64;3,58
99,987;-1,50;1,60;3,58
100,033;-1,46;1,55;3,59
100,034;-1,40;1,52;3,57
100,035;-1,35;1,49;3,58
100,036;-1,31;1,49;3,56
100,037;-1,28;1,49;3,55
100,037;-1,24;1,50;3,55
100,038;-1,17;1,52;3,53
100,039;-1,14;1,54;3,52
100,039;-1,10;1,57;3,52
100,040;-1,08;1,61;3,51
100,081;-1,05;1,65;3,51
100,082;-1,03;1,67;3,49
100,083;-1,00;1,71;3,49
100,084;-0,97;1,74;3,48
100,085;-0,88;1,81;3,44
100,086;-0,84;1,85;3,42
100,087;-0,81;1,88;3,40
100,088;-0,78;1,91;3,37
100,091;-0,73;1,95;3,32
100,092;-0,72;1,99;3,29
100,093;-0,70;2,01;3,23
100,132;-0,68;2,04;3,17
100,136;-0,65;2,07;3,03
100,136;-0,64;2,08;2,96
100,137;-0,64;2,10;2,88
100,138;-0,63;2,09;2,80
100,138;-0,62;2,08;2,72
100,142;-0,63;2,06;2,64
100,142;-0,64;2,02;2,56
100,143;-0,64;1,99;2,45
100,144;-0,65;1,87;2,28
100,197;-0,66;1,82;2,21
100,198;-0,68;1,78;2,13
100,199;-0,68;1,72;2,05
100,200;-0,71;1,66;1,98
100,200;-0,71;1,61;1,90
100,201;-0,71;1,54;1,81
100,202;-0,74;1,41;1,66
100,203;-0,75;1,34;1,55
100,203;-0,77;1,26;1,46
100,204;-0,78;1,19;1,36
100,205;-0,78;1,10;1,26
100,205;-0,78;1,00;1,18
100,208;-0,77;0,90;1,08
100,245;-0,79;0,80;0,98
100,247;-0,79;0,62;0,82
100,247;-0,79;0,52;0,73
100,248;-0,79;0,42;0,64
100,249;-0,80;0,32;0,53
100,250;-0,80;0,22;0,44
100,250;-0,82;0,13;0,34
100,251;-0,84;0,04;0,23
100,252;-0,82;-0,07;0,11
100,294;-0,82;-0,31;-0,17
100,302;-0,78;-0,43;-0,31
100,303;-0,75;-0,56;-0,47
100,303;-0,70;-0,69;-0,63
100,304;-0,64;-0,86;-0,79
100,305;-0,56;-1,00;-0,95
100,306;-0,47;-1,16;-1,11
100,307;-0,38;-1,30;-1,27
100,308;-0,20;-1,56;-1,58
100,309;-0,10;-1,68;-1,71
100,310;0,00;-1,82;-1,84
100,347;0,11;-1,92;-1,95
100,347;0,21;-2,05;-2,05
100,348;0,32;-2,15;-2,16
100,349;0,43;-2,26;-2,25
100,349;0,53;-2,33;-2,33
100,351;0,71;-2,46;-2,42
100,351;0,79;-2,50;-2,45
100,352;0,83;-2,52;-2,48
100,353;0,87;-2,54;-2,47
100,356;0,89;-2,55;-2,48
100,395;0,90;-2,54;-2,47
100,396;0,88;-2,54;-2,47
100,397;0,86;-2,52;-2,47
100,398;0,79;-2,50;-2,50
100,399;0,74;-2,50;-2,54
100,399;0,69;-2,47;-2,56
100,400;0,63;-2,46;-2,62
100,401;0,59;-2,44;-2,68
100,402;0,54;-2,43;-2,79
100,436;0,49;-2,43;-2,88
100,437;0,46;-2,41;-2,99
100,438;0,44;-2,39;-3,26
100,439;0,46;-2,39;-3,41
100,440;0,46;-2,38;-3,55
100,440;0,49;-2,40;-3,70
100,441;0,51;-2,38;-3,83
100,485;0,53;-2,39;-3,96
100,487;0,53;-2,39;-4,07
100,488;0,53;-2,38;-4,15
100,488;0,50;-2,34;-4,27
100,489;0,51;-2,30;-4,32
100,490;0,49;-2,26;-4,34
100,490;0,50;-2,22;-4,36
100,491;0,50;-2,17;-4,36
100,492;0,50;-2,13;-4,36
100,493;0,50;-2,06;-4,34
100,493;0,51;-2,00;-4,32
100,530;0,53;-1,87;-4,21
100,532;0,55;-1,81;-4,16
100,533;0,59;-1,75;-4,10
100,534;0,62;-1,69;-4,02
100,534;0,66;-1,64;-3,97
100,535;0,71;-1,60;-3,91
100,536;0,76;-1,58;-3,83
100,536;0,80;-1,56;-3,78
100,537;0,85;-1,59;-3,67
100,573;0,89;-1,60;-3,62
100,574;0,90;-1,62;-3,58
100,575;0,93;-1,65;-3,54
100,576;0,94;-1,67;-3,48
100,576;0,97;-1,71;-3,45
100,577;0,97;-1,73;-3,41
100,578;0,96;-1,79;-3,36
100,578;0,93;-1,84;-3,36
100,628;0,92;-1,86;-3,32
100,629;0,91;-1,90;-3,29
100,630;0,86;-1,91;-3,27
100,631;0,83;-1,93;-3,22
100,635;0,79;-1,94;-3,19
100,636;0,77;-1,94;-3,15
100,636;0,70;-1,90;-3,04
100,637;0,69;-1,88;-2,99
100,638;0,67;-1,84;-2,95
100,638;0,66;-1,77;-2,89
100,639;0,67;-1,70;-2,85
100,640;0,70;-1,64;-2,81
100,676;0,75;-1,55;-2,76
100,677;0,79;-1,48;-2,69
100,678;0,93;-1,30;-2,52
100,679;0,97;-1,19;-2,41
100,679;1,00;-1,09;-2,29
100,680;1,04;-1,01;-2,16
100,681;1,02;-0,91;-2,01
100,682;1,00;-0,84;-1,84
100,682;0,96;-0,76;-1,68
100,687;0,91;-0,71;-1,52
100,721;0,71;-0,63;-1,24
100,722;0,59;-0,61;-1,14
100,723;0,47;-0,61;-1,05
100,723;0,34;-0,63;-0,97
100,725;0,22;-0,64;-0,93
100,726;0,09;-0,68;-0,91
100,726;-0,03;-0,70;-0,89
100,727;-0,16;-0,70;-0,90
100,779;-0,37;-0,70;-0,94
100,780;-0,43;-0,69;-0,98
100,781;-0,49;-0,67;-0,99
100,782;-0,49;-0,66;-1,03
100,783;-0,49;-0,63;-1,04
100,784;-0,43;-0,61;-1,05
100,785;-0,37;-0,59;-1,01
100,786;-0,29;-0,57;-0,99
100,786;-0,11;-0,51;-0,84
100,787;-0,02;-0,45;-0,74
100,788;0,03;-0,38;-0,61
100,789;0,04;-0,29;-0,48
100,840;0,05;-0,20;-0,33
100,841;0,05;-0,09;-0,17
100,842;0,02;0,01;-0,01
100,843;0,03;0,10;0,11
100,844;0,09;0,25;0,35
100,845;0,14;0,30;0,45
100,845;0,18;0,33;0,54
100,846;0,23;0,37;0,62
100,848;0,28;0,38;0,70
100,848;0,33;0,40;0,79
100,849;0,37;0,40;0,86
100,850;0,41;0,40;0,94
100,892;0,45;0,42;1,14
100,893;0,46;0,46;1,25
100,894;0,45;0,49;1,38
100,895;0,41;0,54;1,51
100,896;0,38;0,61;1,61
100,897;0,32;0,69;1,75
100,898;0,25;0,78;1,87
100,899;0,18;0,90;2,00
100,900;-0,03;1,15;2,23
100,901;-0,12;1,30;2,35
100,902;-0,23;1,44;2,45
100,907;-0,33;1,58;2,53
100,956;-0,45;1,74;2,60
100,957;-0,58;1,90;2,66
100,958;-0,67;2,04;2,70
100,959;-0,78;2,19;2,75
100,959;-0,91;2,45;2,78
100,960;-0,94;2,54;2,79
100,961;-0,93;2,62;2,79
100,962;-0,91;2,68;2,78
100,963;-0,87;2,70;2,77
100,964;-0,79;2,75;2,76
100,964;-0,72;2,78;2,76
101,002;-0,62;2,79;2,76
101,003;-0,43;2,83;2,79
101,004;-0,36;2,84;2,82
101,005;-0,29;2,86;2,85
101,006;-0,23;2,88;2,88
101,007;-0,18;2,90;2,94
101,008;-0,15;2,92;2,98
101,010;-0,12;2,95;3,03
101,011;-0,16;3,05;3,14
101,012;-0,18;3,09;3,19
101,052;-0,20;3,13;3,23
101,053;-0,23;3,15;3,29
101,054;-0,24;3,18;3,35
101,055;-0,23;3,18;3,39
101,055;-0,21;3,17;3,44
101,056;-0,19;3,16;3,50
101,057;-0,16;3,12;3,56
101,057;-0,14;3,07;3,58
101,058;-0,10;3,01;3,59
101,103;-0,07;2,96;3,60
101,104;-0,05;2,90;3,61
101,105;-0,04;2,83;3,62
101,106;-0,03;2,75;3,62
101,106;-0,05;2,70;3,60
101,107;-0,11;2,61;3,60
101,108;-0,17;2,58;3,58
101,110;-0,22;2,54;3,56
101,114;-0,31;2,50;3,52
101,115;-0,37;2,47;3,50
101,116;-0,44;2,47;3,47
101,148;-0,52;2,45;3,46
101,149;-0,61;2,43;3,44
101,150;-0,78;2,42;3,42
101,150;-0,87;2,39;3,42
101,152;-0,95;2,39;3,42
101,153;-1,04;2,38;3,41
101,153;-1,11;2,37;3,40
101,154;-1,18;2,35;3,40
101,157;-1,25;2,32;3,37
101,196;-1,30;2,29;3,33
101,197;-1,41;2,21;3,24
101,198;-1,44;2,16;3,18
101,199;-1,48;2,11;3,11
101,199;-1,50;2,04;3,04
101,200;-1,54;1,97;2,96
101,201;-1,55;1,90;2,87
101,201;-1,57;1,81;2,77
101,202;-1,58;1,74;2,67
101,208;-1,61;1,55;2,46
101,248;-1,61;1,47;2,36
101,249;-1,62;1,37;2,25
101,250;-1,63;1,27;2,15
101,251;-1,62;1,20;2,05
101,252;-1,64;1,12;1,94
101,253;-1,64;1,05;1,86
101,254;-1,66;0,98;1,76
101,255;-1,68;0,85;1,57
101,256;-1,68;0,79;1,48
101,257;-1,69;0,75;1,40
101,297;-1,70;0,70;1,30
101,298;-1,70;0,66;1,21
101,299;-1,70;0,61;1,12
101,300;-1,72;0,58;1,03
101,300;-1,73;0,53;0,95
101,301;-1,72;0,45;0,76
101,302;-1,68;0,40;0,67
101,303;-1,65;0,34;0,58
101,303;-1,62;0,28;0,48
101,307;-1,56;0,20;0,39
101,346;-1,49;0,14;0,30
101,348;-1,44;0,06;0,21
101,349;-1,38;-0,01;0,12
101,350;-1,25;-0,14;-0,06
101,350;-1,19;-0,19;-0,16
101,352;-1,13;-0,24;-0,28
101,353;-1,06;-0,32;-0,40
101,353;-1,01;-0,39;-0,53
101,354;-0,95;-0,48;-0,68
101,357;-0,89;-0,55;-0,83
101,390;-0,84;-0,62;-0,99
101,392;-0,70;-0,79;-1,34
101,393;-0,59;-0,89;-1,54
101,396;-0,49;-0,98;-1,72
101,396;-0,36;-1,08;-1,91
101,397;-0,21;-1,18;-2,08
101,398;-0,07;-1,30;-2,23
101,399;0,08;-1,37;-2,38
101,437;0,37;-1,54;-2,59
101,438;0,50;-1,62;-2,68
101,439;0,64;-1,68;-2,75
101,440;0,76;-1,74;-2,82
101,441;0,88;-1,79;-2,86
101,441;1,00;-1,83;-2,91
101,443;1,10;-1,87;-2,92
101,443;1,22;-1,90;-2,93
101,445;1,37;-1,94;-2,91
101,491;1,42;-1,94;-2,91
101,493;1,46;-1,92;-2,88
101,495;1,48;-1,91;-2,86
101,496;1,48;-1,88;-2,85
101,497;1,46;-1,87;-2,85
101,498;1,45;-1,84;-2,85
101,499;1,41;-1,84;-2,86
101,499;1,32;-1,84;-2,93
101,500;1,29;-1,88;-2,99
101,501;1,25;-1,90;-3,05
101,504;1,25;-1,97;-3,17
101,505;1,24;-2,03;-3,29
101,546;1,24;-2,10;-3,43
101,547;1,26;-2,18;-3,57
101,548;1,27;-2,26;-3,73
101,548;1,29;-2,40;-3,99
101,549;1,32;-2,46;-4,07
101,550;1,30;-2,49;-4,14
101,550;1,30;-2,51;-4,20
101,551;1,28;-2,52;-4,23
101,552;1,28;-2,52;-4,24
101,553;1,24;-2,50;-4,23
101,558;1,21;-2,48;-4,21
101,603;1,20;-2,38;-4,11
101,604;1,18;-2,33;-4,04
101,604;1,18;-2,28;-3,96
101,605;1,17;-2,21;-3,88
101,606;1,19;-2,14;-3,79
101,606;1,18;-2,07;-3,71
101,614;1,19;-2,00;-3,60
101,615;1,18;-1,93;-3,49
101,623;1,19;-1,82;-3,29
101,624;1,20;-1,79;-3,18
101,626;1,22;-1,75;-3,12
101,627;1,20;-1,74;-3,03
101,628;1,19;-1,72;-2,96
101,629;1,18;-1,70;-2,91
101,658;1,16;-1,71;-2,87
101,659;1,15;-1,71;-2,82
101,660;1,11;-1,71;-2,74
101,661;1,09;-1,71;-2,71
101,662;1,07;-1,73;-2,68
101,663;1,04;-1,74;-2,66
101,664;1,02;-1,76;-2,64
101,711;0,98;-1,77;-2,60
101,714;0,95;-1,78;-2,60
101,715;0,94;-1,80;-2,56
101,715;0,89;-1,79;-2,50
101,716;0,88;-1,77;-2,47
101,717;0,87;-1,76;-2,44
101,718;0,84;-1,73;-2,41
101,718;0,83;-1,71;-2,38
101,719;0,79;-1,66;-2,36
101,720;0,76;-1,61;-2,33
101,721;0,72;-1,55;-2,29
101,753;0,65;-1,43;-2,27
101,755;0,62;-1,37;-2,26
101,756;0,59;-1,31;-2,24
101,756;0,57;-1,24;-2,24
101,757;0,55;-1,18;-2,23
101,758;0,54;-1,12;-2,23
101,759;0,53;-1,05;-2,23
101,759;0,51;-1,00;-2,23
101,796;0,49;-0,87;-2,21
101,797;0,48;-0,82;-2,19
101,798;0,48;-0,75;-2,17
101,799;0,48;-0,67;-2,13
101,800;0,48;-0,60;-2,09
101,800;0,48;-0,50;-2,05
101,801;0,52;-0,42;-1,99
101,802;0,60;-0,28;-1,87
101,803;0,64;-0,20;-1,81
101,808;0,70;-0,15;-1,72
101,848;0,74;-0,09;-1,65
101,849;0,80;-0,04;-1,53
101,850;0,85;0,00;-1,43
101,851;0,89;0,06;-1,30
101,853;0,94;0,09;-1,19
101,854;1,00;0,20;-0,93
101,855;1,01;0,25;-0,81
101,856;1,01;0,30;-0,69
101,856;1,00;0,37;-0,58
101,858;1,00;0,42;-0,47
101,894;0,99;0,47;-0,36
101,896;0,95;0,51;-0,27
101,897;0,91;0,56;-0,16
101,899;0,75;0,67;0,04
101,900;0,62;0,74;0,15
101,900;0,51;0,81;0,23
101,901;0,40;0,88;0,32
101,902;0,27;0,93;0,38
101,938;0,15;0,98;0,47
101,939;0,04;1,01;0,56
101,940;-0,05;1,04;0,65
101,941;-0,19;1,04;0,81
101,942;-0,23;1,03;0,89
101,943;-0,26;1,00;1,00
101,944;-0,27;0,96;1,10
101,944;-0,24;0,94;1,21
101,945;-0,23;0,90;1,34
101,978;-0,23;0,89;1,45
101,979;-0,23;0,87;1,58
101,980;-0,31;0,86;1,83
101,981;-0,36;0,88;1,96
101,982;-0,45;0,88;2,09
101,983;-0,56;0,91;2,22
101,984;-0,66;0,94;2,35
101,984;-0,79;0,98;2,49
101,988;-0,94;1,02;2,60
101,993;-1,10;1,09;2,72
102,030;-1,46;1,22;2,92
102,031;-1,62;1,29;2,99
102,031;-1,81;1,38;3,08
102,032;-1,96;1,45;3,15
102,033;-2,10;1,53;3,21
102,034;-2,23;1,61;3,25
102,035;-2,34;1,67;3,29
102,035;-2,43;1,74;3,31
102,038;-2,57;1,86;3,31
102,043;-2,62;1,92;3,32
102,081;-2,64;1,97;3,30
102,082;-2,64;1,99;3,28
102,083;-2,63;2,03;3,25
102,084;-2,61;2,06;3,24
102,085;-2,57;2,08;3,23
102,086;-2,52;2,11;3,22
102,087;-2,41;2,14;3,20
102,088;-2,34;2,16;3,20
102,089;-2,28;2,17;3,21
102,093;-2,21;2,18;3,24
102,128;-2,15;2,21;3,25
102,133;-2,10;2,25;3,27
102,134;-2,04;2,29;3,31
102,135;-2,01;2,32;3,35
102,136;-1,95;2,37;3,46
102,136;-1,91;2,37;3,51
102,137;-1,87;2,37;3,57
102,138;-1,81;2,34;3,61
102,138;-1,74;2,29;3,64
102,175;-1,66;2,24;3,67
102,176;-1,55;2,17;3,69
102,177;-1,44;2,09;3,73
102,178;-1,21;1,95;3,79
102,179;-1,06;1,86;3,80
102,181;-0,92;1,77;3,80
102,182;-0,81;1,68;3,80
102,182;-0,69;1,60;3,77
102,183;-0,58;1,53;3,75
102,218;-0,50;1,46;3,72
102,219;-0,38;1,34;3,66
102,220;-0,34;1,28;3,65
102,220;-0,32;1,27;3,65
102,221;-0,31;1,23;3,66
102,222;-0,30;1,20;3,69
102,222;-0,30;1,18;3,72
102,223;-0,31;1,19;3,76
102,228;-0,31;1,19;3,78
102,259;-0,33;1,21;3,87
102,260;-0,35;1,23;3,89
102,261;-0,37;1,25;3,93
102,262;-0,40;1,28;3,91
102,263;-0,43;1,30;3,93
102,264;-0,46;1,34;3,93
102,265;-0,50;1,36;3,91
102,301;-0,54;1,37;3,89
102,302;-0,61;1,40;3,81
102,303;-0,64;1,40;3,75
102,304;-0,67;1,40;3,70
102,304;-0,69;1,40;3,62
102,305;-0,74;1,37;3,55
102,306;-0,76;1,35;3,45
102,306;-0,77;1,33;3,35
102,309;-0,78;1,28;3,25
102,315;-0,79;1,19;3,04
102,348;-0,80;1,13;2,93
102,349;-0,80;1,07;2,81
102,350;-0,80;1,00;2,70
102,351;-0,84;0,95;2,58
102,352;-0,84;0,89;2,47
102,352;-0,86;0,83;2,35
102,353;-0,87;0,76;2,24
102,354;-0,91;0,64;2,00
102,359;-0,94;0,58;1,88
102,363;-0,96;0,55;1,75
102,411;-0,98;0,51;1,62
102,412;-1,00;0,47;1,50
102,413;-1,03;0,44;1,38
102,414;-1,05;0,39;1,26
102,415;-1,08;0,36;1,12
102,415;-1,12;0,29;0,89
102,416;-1,11;0,27;0,76
102,417;-1,11;0,23;0,63
102,418;-1,08;0,20;0,52
102,418;-1,04;0,16;0,40
102,419;-1,00;0,08;0,30
102,462;-0,93;0,04;0,19
102,463;-0,87;-0,03;0,09
102,464;-0,72;-0,16;-0,10
102,465;-0,68;-0,22;-0,18
102,465;-0,64;-0,28;-0,26
102,466;-0,60;-0,35;-0,38
102,467;-0,58;-0,40;-0,47
102,467;-0,57;-0,44;-0,57
102,469;-0,55;-0,50;-0,71
102,471;-0,54;-0,56;-0,84
102,525;-0,53;-0,66;-1,15
102,526;-0,52;-0,70;-1,33
102,527;-0,50;-0,75;-1,53
102,528;-0,46;-0,81;-1,74
102,529;-0,40;-0,87;-1,95
102,531;-0,32;-0,92;-2,17
102,534;-0,24;-0,99;-2,39
102,534;-0,13;-1,06;-2,61
102,535;0,07;-1,18;-3,01
102,537;0,19;-1,23;-3,17
102,538;0,28;-1,28;-3,31
102,539;0,38;-1,32;-3,41
102,539;0,49;-1,35;-3,52
102,540;0,58;-1,36;-3,59
102,568;0,66;-1,39;-3,63
102,569;0,76;-1,39;-3,66
102,570;0,95;-1,40;-3,65
102,570;1,04;-1,37;-3,63
102,571;1,12;-1,37;-3,59
102,572;1,19;-1,34;-3,53
102,575;1,24;-1,31;-3,48
102,579;1,26;-1,27;-3,44
102,626;1,27;-1,22;-3,41
102,628;1,23;-1,11;-3,42
102,628;1,22;-1,06;-3,42
102,629;1,20;-1,02;-3,46
102,634;1,17;-0,97;-3,50
102,634;1,17;-0,93;-3,56
102,635;1,19;-0,91;-3,65
102,636;1,20;-0,89;-3,75
102,637;1,23;-0,89;-3,86
102,637;1,35;-0,91;-4,07
102,638;1,42;-0,93;-4,15
102,639;1,46;-0,95;-4,23
102,671;1,52;-0,97;-4,29
102,672;1,57;-1,00;-4,32
102,673;1,61;-1,01;-4,34
102,674;1,62;-1,03;-4,35
102,675;1,63;-1,04;-4,36
102,675;1,63;-1,07;-4,32
102,676;1,62;-1,10;-4,27
102,679;1,62;-1,09;-4,22
102,684;1,62;-1,11;-4,19
102,727;1,59;-1,12;-4,13
102,728;1,58;-1,13;-4,07
102,731;1,55;-1,14;-4,02
102,732;1,51;-1,15;-3,94
102,733;1,44;-1,19;-3,80
102,733;1,38;-1,23;-3,72
102,734;1,36;-1,27;-3,67
102,735;1,31;-1,31;-3,58
102,735;1,28;-1,38;-3,51
102,736;1,25;-1,44;-3,45
102,767;1,21;-1,53;-3,37
102,768;1,19;-1,59;-3,31
102,769;1,12;-1,76;-3,19
102,770;1,10;-1,82;-3,14
102,770;1,07;-1,89;-3,08
102,771;1,05;-1,95;-3,02
102,772;1,02;-2,02;-2,98
102,774;0,98;-2,07;-2,92
102,779;0,94;-2,13;-2,87
102,813;0,89;-2,17;-2,83
102,814;0,72;-2,27;-2,73
102,818;0,61;-2,31;-2,69
102,818;0,47;-2,38;-2,66
102,819;0,31;-2,45;-2,65
102,820;0,13;-2,51;-2,64
102,820;-0,07;-2,57;-2,63
102,821;-0,28;-2,63;-2,62
102,856;-0,50;-2,66;-2,62
102,857;-0,88;-2,72;-2,60
102,858;-1,04;-2,75;-2,59
102,859;-1,19;-2,76;-2,58
102,859;-1,29;-2,79;-2,58
102,860;-1,38;-2,81;-2,57
102,861;-1,45;-2,81;-2,57
102,862;-1,49;-2,80;-2,59
102,864;-1,53;-2,76;-2,59
102,902;-1,56;-2,60;-2,58
102,904;-1,58;-2,51;-2,58
102,905;-1,58;-2,37;-2,55
102,905;-1,60;-2,25;-2,52
102,906;-1,60;-2,09;-2,49
102,907;-1,60;-1,93;-2,45
102,907;-1,60;-1,77;-2,41
102,908;-1,58;-1,61;-2,37
102,910;-1,45;-1,35;-2,29
102,950;-1,37;-1,22;-2,26
102,951;-1,27;-1,08;-2,21
102,952;-1,14;-0,97;-2,18
102,953;-0,99;-0,84;-2,14
102,954;-0,83;-0,71;-2,12
102,954;-0,67;-0,58;-2,08
102,955;-0,47;-0,45;-2,02
102,956;-0,08;-0,19;-1,87
102,956;0,13;-0,04;-1,78
102,960;0,30;0,12;-1,66
102,964;0,50;0,27;-1,54
103,002;0,69;0,42;-1,39
103,003;0,88;0,58;-1,23
103,004;1,06;0,68;-1,06
103,004;1,37;0,91;-0,67
103,005;1,48;1,02;-0,46
103,006;1,55;1,12;-0,22
103,006;1,60;1,25;-0,01
103,007;1,61;1,35;0,19
103,009;1,59;1,44;0,38
103,016;1,56;1,52;0,57
103,062;1,51;1,58;0,72
103,063;1,36;1,65;1,01
103,064;1,29;1,64;1,12
103,064;1,20;1,62;1,21
103,065;1,12;1,57;1,28
103,066;1,04;1,51;1,37
103,067;0,98;1,42;1,44
103,068;0,92;1,35;1,52
103,071;0,84;1,29;1,61
103,073;0,71;1,17;1,82
103,074;0,63;1,13;1,92
103,075;0,56;1,08;2,04
103,111;0,47;1,06;2,16
103,111;0,37;1,03;2,27
103,112;0,27;1,02;2,39
103,113;0,13;1,02;2,49
103,114;0,01;1,04;2,59
103,119;-0,22;1,10;2,75
103,120;-0,36;1,14;2,83
103,120;-0,48;1,17;2,89
103,121;-0,60;1,23;2,96
103,176;-0,72;1,28;3,00
103,177;-0,85;1,35;3,06
103,178;-0,95;1,41;3,10
103,179;-1,07;1,48;3,13
103,180;-1,23;1,61;3,18
103,180;-1,30;1,68;3,20
103,181;-1,34;1,74;3,19
103,182;-1,38;1,80;3,20
103,183;-1,38;1,84;3,21
103,185;-1,36;1,88;3,22
103,186;-1,34;1,92;3,23
103,186;-1,29;1,96;3,23
103,187;-1,17;2,04;3,25
103,233;-1,11;2,06;3,26
103,235;-1,06;2,11;3,28
103,236;-1,01;2,14;3,29
103,236;-0,96;2,19;3,28
103,237;-0,94;2,25;3,30
103,238;-0,92;2,28;3,30
103,238;-0,90;2,31;3,33
103,239;-0,90;2,38;3,41
103,240;-0,89;2,38;3,46
103,241;-0,87;2,39;3,50
103,241;-0,83;2,39;3,54
103,244;-0,77;2,37;3,59
103,250;-0,70;2,34;3,62
103,281;-0,63;2,30;3,65
103,282;-0,53;2,24;3,69
103,284;-0,34;2,14;3,73
103,286;-0,26;2,09;3,75
103,287;-0,17;2,04;3,77
103,287;-0,07;1,99;3,77
103,288;0,00;1,93;3,78
103,289;0,10;1,87;3,78
103,326;0,17;1,84;3,78
103,327;0,23;1,81;3,78
103,328;0,34;1,76;3,75
103,329;0,38;1,75;3,74
103,330;0,39;1,73;3,72
103,331;0,41;1,72;3,68
103,332;0,40;1,71;3,64
103,332;0,38;1,72;3,61
103,369;0,35;1,71;3,58
103,370;0,31;1,72;3,55
103,371;0,22;1,74;3,53
103,372;0,17;1,74;3,51
103,373;0,12;1,75;3,51
103,374;0,07;1,77;3,51
103,375;0,04;1,76;3,51
103,376;-0,00;1,77;3,49
103,376;-0,05;1,78;3,48
103,379;-0,14;1,74;3,42
103,428;-0,16;1,73;3,38
103,429;-0,20;1,72;3,33
103,430;-0,23;1,70;3,29
103,432;-0,26;1,67;3,23
103,432;-0,29;1,64;3,16
103,433;-0,31;1,61;3,11
103,434;-0,32;1,58;3,03
103,435;-0,39;1,49;2,88
103,436;-0,42;1,46;2,79
103,436;-0,46;1,42;2,70
103,437;-0,49;1,38;2,61
103,482;-0,55;1,32;2,52
103,482;-0,59;1,28;2,42
103,483;-0,63;1,23;2,32
103,484;-0,67;1,18;2,21
103,485;-0,75;1,08;2,00
103,486;-0,78;1,02;1,90
103,486;-0,83;0,96;1,82
103,487;-0,86;0,91;1,72
103,488;-0,90;0,86;1,62
103,489;-0,95;0,82;1,56
103,490;-0,99;0,77;1,46
103,542;-1,01;0,74;1,38
103,543;-1,09;0,65;1,20
103,544;-1,11;0,61;1,12
103,545;-1,15;0,57;1,02
103,545;-1,18;0,52;0,92
103,546;-1,19;0,46;0,81
103,547;-1,19;0,42;0,71
103,548;-1,19;0,35;0,60
103,548;-1,18;0,27;0,50
103,550;-1,12;0,14;0,29
103,550;-1,09;0,07;0,19
103,551;-1,05;-0,01;0,08
103,589;-1,02;-0,07;-0,01
103,591;-0,98;-0,15;-0,13
103,592;-0,95;-0,22;-0,23
103,592;-0,93;-0,28;-0,34
103,593;-0,90;-0,36;-0,46
103,593;-0,88;-0,49;-0,70
103,595;-0,86;-0,56;-0,84
103,595;-0,83;-0,65;-0,99
103,596;-0,82;-0,72;-1,13
103,599;-0,77;-0,80;-1,30
103,610;-0,74;-0,88;-1,46
103,611;-0,67;-0,98;-1,65
103,652;-0,59;-1,07;-1,82
103,653;-0,42;-1,25;-2,14
103,654;-0,32;-1,36;-2,29
103,655;-0,20;-1,44;-2,43
103,656;-0,11;-1,51;-2,56
103,657;-0,00;-1,58;-2,65
103,658;0,08;-1,64;-2,76
103,659;0,17;-1,70;-2,84
103,660;0,25;-1,75;-2,91
103,663;0,41;-1,83;-3,02
103,665;0,49;-1,87;-3,05
103,706;0,58;-1,90;-3,08
103,707;0,63;-1,94;-3,09
103,708;0,68;-1,93;-3,10
103,708;0,71;-1,95;-3,09
103,709;0,71;-1,92;-3,10
103,710;0,72;-1,90;-3,08
103,710;0,67;-1,82;-3,09
103,711;0,61;-1,77;-3,10
103,712;0,55;-1,70;-3,12
103,715;0,47;-1,64;-3,17
103,747;0,41;-1,57;-3,24
103,749;0,35;-1,52;-3,33
103,749;0,29;-1,46;-3,44
103,750;0,25;-1,40;-3,56
103,751;0,19;-1,30;-3,85
103,754;0,18;-1,28;-4,00
103,755;0,18;-1,24;-4,13
103,755;0,18;-1,23;-4,25
103,809;0,15;-1,23;-4,34
103,810;0,15;-1,22;-4,42
103,811;0,14;-1,21;-4,49
103,812;0,15;-1,20;-4,59
103,812;0,16;-1,21;-4,60
103,813;0,18;-1,22;-4,60
103,813;0,20;-1,24;-4,57
103,814;0,25;-1,26;-4,54
103,815;0,27;-1,26;-4,48
103,815;0,31;-1,30;-4,44
103,816;0,34;-1,30;-4,35
103,817;0,42;-1,33;-4,17
103,823;0,44;-1,34;-4,09
103,867;0,47;-1,36;-3,98
103,869;0,48;-1,36;-3,87
103,870;0,49;-1,39;-3,76
103,870;0,52;-1,42;-3,65
103,871;0,54;-1,43;-3,55
103,872;0,56;-1,46;-3,45
103,873;0,59;-1,55;-3,29
103,873;0,61;-1,59;-3,22
103,874;0,62;-1,63;-3,16
103,875;0,61;-1,66;-3,12
103,875;0,58;-1,69;-3,08
103,927;0,57;-1,69;-3,03
103,928;0,53;-1,71;-2,99
103,929;0,50;-1,70;-2,96
103,932;0,39;-1,66;-2,90
103,933;0,33;-1,63;-2,89
103,934;0,26;-1,60;-2,86
103,936;0,19;-1,56;-2,84
103,936;0,12;-1,51;-2,81
103,937;0,06;-1,46;-2,80
103,938;-0,01;-1,41;-2,77
103,939;-0,06;-1,38;-2,75
103,940;-0,17;-1,33;-2,74
103,941;-0,21;-1,31;-2,73
103,983;-0,27;-1,29;-2,73
103,985;-0,30;-1,29;-2,72
103,986;-0,34;-1,28;-2,70
103,987;-0,35;-1,28;-2,67
103,988;-0,38;-1,28;-2,65
103,988;-0,40;-1,29;-2,62
103,989;-0,42;-1,31;-2,53
103,991;-0,41;-1,31;-2,47
103,991;-0,43;-1,30;-2,42
103,992;-0,42;-1,30;-2,36
104,032;-0,45;-1,29;-2,30
104,033;-0,47;-1,25;-2,23
104,034;-0,49;-1,21;-2,16
104,035;-0,49;-1,16;-2,10
104,036;-0,51;-1,03;-1,98
104,037;-0,51;-0,97;-1,90
104,038;-0,50;-0,90;-1,87
104,039;-0,48;-0,83;-1,82
104,040;-0,47;-0,76;-1,79
104,040;-0,45;-0,68;-1,76
104,080;-0,41;-0,60;-1,73
104,081;-0,37;-0,52;-1,69
104,083;-0,23;-0,32;-1,64
104,083;-0,14;-0,20;-1,59
104,085;-0,04;-0,11;-1,54
104,085;0,08;-0,01;-1,50
104,086;0,20;0,09;-1,43
104,087;0,33;0,19;-1,34
104,088;0,44;0,28;-1,25
104,128;0,56;0,36;-1,13
104,129;0,80;0,48;-0,88
104,131;0,88;0,54;-0,74
104,139;0,93;0,59;-0,58
104,142;0,95;0,67;-0,43
104,143;0,94;0,75;-0,26
104,146;0,92;0,83;-0,12
104,146;0,89;0,92;0,00
104,147;0,87;0,99;0,11
104,150;0,89;1,09;0,32
104,152;0,92;1,10;0,42
104,152;0,99;1,09;0,51
104,153;1,05;1,09;0,60
104,155;1,13;1,09;0,69
104,190;1,21;1,06;0,79
104,191;1,29;1,03;0,89
104,192;1,38;0,93;1,10
104,192;1,41;0,86;1,22
104,193;1,41;0,80;1,34
104,194;1,36;0,74;1,47
104,195;1,29;0,72;1,59
104,196;1,20;0,69;1,73
104,200;1,09;0,70;1,87
104,234;0,97;0,71;2,01
104,235;0,71;0,77;2,31
104,236;0,56;0,81;2,45
104,237;0,43;0,87;2,57
104,238;0,27;0,96;2,72
104,238;0,11;1,05;2,84
104,239;-0,06;1,14;2,93
104,240;-0,23;1,24;3,03
104,278;-0,41;1,35;3,11
104,280;-0,75;1,56;3,21
104,281;-0,91;1,66;3,24
104,281;-1,05;1,77;3,24
104,282;-1,17;1,87;3,25
104,283;-1,28;1,95;3,25
104,283;-1,36;1,98;3,23
104,284;-1,40;2,04;3,19
104,285;-1,41;2,06;3,17
104,325;-1,36;2,09;3,12
104,327;-1,30;2,08;3,11
104,327;-1,26;2,08;3,13
104,328;-1,19;2,09;3,13
104,329;-1,11;2,08;3,15
104,330;-1,05;2,07;3,21
104,331;-0,98;2,09;3,25
104,331;-0,93;2,10;3,30
104,332;-0,87;2,13;3,40
104,335;-0,85;2,15;3,48
104,369;-0,84;2,12;3,55
104,371;-0,85;2,10;3,61
104,372;-0,83;2,07;3,70
104,373;-0,82;2,03;3,77
104,373;-0,77;1,99;3,85
104,374;-0,72;1,95;3,94
104,375;-0,59;1,83;4,08
104,376;-0,52;1,79;4,15
104,425;-0,45;1,74;4,21
104,426;-0,38;1,71;4,25
104,427;-0,32;1,68;4,28
104,428;-0,25;1,65;4,30
104,428;-0,18;1,62;4,33
104,429;-0,13;1,61;4,33
104,430;-0,02;1,61;4,32
104,431;0,03;1,63;4,33
104,432;0,07;1,64;4,34
104,432;0,11;1,67;4,32
104,433;0,16;1,69;4,31
104,435;0,17;1,70;4,27
104,475;0,18;1,72;4,25
104,477;0,19;1,74;4,21
104,478;0,15;1,77;4,10
104,479;0,12;1,78;4,05
104,479;0,09;1,79;4,01
104,480;0,04;1,79;3,97
104,481;0,00;1,80;3,93
104,482;-0,04;1,81;3,88
104,483;-0,10;1,80;3,85
104,485;-0,13;1,78;3,81
104,528;-0,21;1,75;3,73
104,528;-0,23;1,72;3,69
104,529;-0,25;1,71;3,64
104,530;-0,26;1,68;3,58
104,531;-0,28;1,65;3,51
104,532;-0,29;1,62;3,45
104,532;-0,29;1,58;3,40
104,533;-0,30;1,55;3,33
104,534;-0,33;1,47;3,17
104,535;-0,35;1,43;3,09
104,576;-0,36;1,40;3,00
104,577;-0,37;1,36;2,92
104,577;-0,38;1,32;2,82
104,578;-0,40;1,27;2,73
104,579;-0,43;1,23;2,63
104,580;-0,44;1,18;2,52
104,583;-0,50;1,11;2,29
104,583;-0,54;1,08;2,18
104,584;-0,59;1,05;2,06
104,585;-0,62;1,02;1,96
104,625;-0,68;1,00;1,85
104,626;-0,73;0,97;1,73
104,627;-0,76;0,94;1,63
104,630;-0,84;0,87;1,41
104,631;-0,89;0,84;1,30
104,632;-0,92;0,79;1,19
104,633;-0,93;0,75;1,08
104,633;-0,96;0,70;0,98
104,634;-0,97;0,66;0,86
104,635;-0,96;0,60;0,76
104,678;-0,95;0,55;0,65
104,678;-0,89;0,42;0,44
104,679;-0,86;0,35;0,36
104,680;-0,84;0,29;0,27
104,680;-0,81;0,22;0,18
104,682;-0,78;0,16;0,09
104,683;-0,78;0,11;-0,00
104,683;-0,78;0,05;-0,10
104,684;-0,79;0,00;-0,20
104,685;-0,81;-0,13;-0,44
104,725;-0,83;-0,20;-0,57
104,726;-0,84;-0,27;-0,72
104,727;-0,84;-0,34;-0,87
104,728;-0,82;-0,45;-1,04
104,728;-0,81;-0,53;-1,23
104,729;-0,77;-0,63;-1,41
104,730;-0,71;-0,74;-1,61
104,730;-0,50;-0,99;-2,03
104,731;-0,35;-1,12;-2,24
104,735;-0,21;-1,26;-2,43
104,770;-0,05;-1,39;-2,62
104,772;0,09;-1,50;-2,77
104,773;0,23;-1,61;-2,91
104,774;0,36;-1,71;-3,03
104,774;0,46;-1,79;-3,12
104,775;0,68;-1,92;-3,27
104,776;0,77;-1,97;-3,32
104,776;0,84;-1,99;-3,35
104,812;0,90;-1,99;-3,36
104,813;0,95;-1,99;-3,34
104,814;0,99;-1,96;-3,32
104,815;1,01;-1,91;-3,27
104,815;1,02;-1,85;-3,23
104,816;1,00;-1,72;-3,09
104,817;0,96;-1,64;-3,02
104,818;0,91;-1,55;-2,97
104,821;0,85;-1,46;-2,92
104,859;0,78;-1,37;-2,91
104,860;0,71;-1,28;-2,88
104,861;0,63;-1,18;-2,89
104,862;0,57;-1,12;-2,89
104,863;0,45;-0,96;-2,98
104,863;0,41;-0,91;-3,06
104,864;0,40;-0,87;-3,15
104,865;0,39;-0,87;-3,24
104,866;0,40;-0,84;-3,32
104,871;0,42;-0,85;-3,39
104,919;0,45;-0,87;-3,45
104,920;0,49;-0,89;-3,52
104,921;0,53;-0,91;-3,60
104,922;0,55;-0,93;-3,61
104,923;0,56;-0,96;-3,61
104,924;0,58;-0,97;-3,59
104,924;0,58;-1,01;-3,57
104,925;0,59;-1,05;-3,54
104,926;0,59;-1,10;-3,49
104,927;0,60;-1,13;-3,43
104,928;0,60;-1,23;-3,30
104,973;0,60;-1,27;-3,21
104,974;0,61;-1,31;-3,12
104,975;0,63;-1,34;-3,04
104,976;0,65;-1,39;-2,97
104,977;0,65;-1,44;-2,88
104,978;0,66;-1,46;-2,80
104,978;0,66;-1,49;-2,74
104,979;0,63;-1,54;-2,62
104,980;0,61;-1,55;-2,58
104,980;0,57;-1,58;-2,55
104,981;0,56;-1,60;-2,50
104,986;0,51;-1,64;-2,48
105,018;0,47;-1,65;-2,47
105,019;0,41;-1,68;-2,45
105,020;0,32;-1,71;-2,42
105,021;0,26;-1,72;-2,41
105,022;0,19;-1,71;-2,39
105,023;0,15;-1,70;-2,40
105,023;0,08;-1,71;-2,39
105,058;0,03;-1,70;-2,39
105,060;-0,04;-1,69;-2,39
105,062;-0,11;-1,67;-2,41
105,063;-0,24;-1,61;-2,42
105,063;-0,30;-1,59;-2,43
105,064;-0,35;-1,56;-2,44
105,065;-0,39;-1,53;-2,46
105,066;-0,44;-1,50;-2,46
105,067;-0,46;-1,49;-2,47
105,073;-0,50;-1,46;-2,48
105,112;-0,50;-1,44;-2,48
105,114;-0,51;-1,39;-2,47
105,115;-0,51;-1,35;-2,47
105,116;-0,51;-1,35;-2,45
105,116;-0,47;-1,32;-2,44
105,117;-0,47;-1,29;-2,41
105,122;-0,44;-1,26;-2,41
105,123;-0,41;-1,23;-2,39
105,124;-0,38;-1,19;-2,37
105,125;-0,30;-1,11;-2,32
105,126;-0,28;-1,07;-2,29
105,167;-0,23;-1,03;-2,26
105,168;-0,19;-0,97;-2,23
105,168;-0,14;-0,90;-2,20
105,169;-0,08;-0,83;-2,17
105,170;-0,03;-0,77;-2,12
105,171;0,02;-0,71;-2,10
105,172;0,15;-0,56;-2,02
105,173;0,22;-0,47;-1,97
105,174;0,29;-0,40;-1,92
105,222;0,38;-0,33;-1,87
105,223;0,45;-0,25;-1,79
105,223;0,55;-0,17;-1,72
105,224;0,63;-0,12;-1,64
105,225;0,73;-0,04;-1,56
105,225;0,92;0,09;-1,37
105,226;1,00;0,15;-1,26
105,227;1,08;0,22;-1,17
105,228;1,16;0,28;-1,05
105,229;1,24;0,35;-0,95
105,229;1,30;0,40;-0,83
105,259;1,36;0,46;-0,73
105,261;1,42;0,51;-0,61
105,262;1,48;0,58;-0,38
105,262;1,46;0,62;-0,26
105,263;1,42;0,65;-0,17
105,264;1,36;0,68;-0,05
105,264;1,27;0,72;0,04
105,266;1,15;0,75;0,14
105,271;1,00;0,79;0,20
105,302;0,84;0,82;0,27
105,303;0,52;0,85;0,40
105,304;0,35;0,86;0,46
105,305;0,19;0,86;0,53
105,306;0,05;0,84;0,57
105,306;-0,08;0,81;0,61
105,307;-0,17;0,77;0,64
105,347;-0,27;0,74;0,68
105,348;-0,32;0,68;0,72
105,349;-0,37;0,57;0,80
105,350;-0,36;0,50;0,86
105,350;-0,33;0,45;0,91
105,351;-0,30;0,41;0,99
105,352;-0,26;0,35;1,08
105,353;-0,21;0,31;1,17
105,353;-0,18;0,29;1,27
105,356;-0,14;0,25;1,38
105,394;-0,10;0,22;1,60
105,395;-0,11;0,20;1,69
105,396;-0,10;0,18;1,80
105,397;-0,11;0,17;1,86
105,398;-0,13;0,17;1,95
105,398;-0,14;0,17;2,02
105,399;-0,17;0,16;2,10
105,400;-0,23;0,20;2,22
105,402;-0,28;0,21;2,30
105,406;-0,31;0,25;2,36
105,461;-0,37;0,30;2,43
105,462;-0,44;0,35;2,50
105,463;-0,51;0,41;2,56
105,464;-0,58;0,50;2,63
105,465;-0,67;0,58;2,69
105,466;-0,84;0,78;2,83
105,466;-0,94;0,89;2,89
105,467;-1,01;1,00;2,96
105,468;-1,10;1,10;3,02
105,468;-1,16;1,20;3,08
105,469;-1,20;1,28;3,13
105,470;-1,22;1,35;3,17
105,472;-1,23;1,43;3,19
105,519;-1,21;1,52;3,20
105,520;-1,18;1,57;3,20
105,521;-1,15;1,61;3,20
105,522;-1,11;1,63;3,17
105,523;-1,09;1,64;3,16
105,523;-1,05;1,66;3,14
105,524;-1,03;1,65;3,10
105,525;-0,99;1,66;3,08
105,526;-0,95;1,65;3,05
105,527;-0,93;1,64;3,05
105,528;-0,90;1,66;3,03
105,576;-0,89;1,66;3,04
105,577;-0,88;1,69;3,04
105,578;-0,84;1,72;3,05
105,578;-0,84;1,73;3,08
105,579;-0,84;1,74;3,09
105,580;-0,80;1,74;3,14
105,581;-0,80;1,72;3,16
105,585;-0,78;1,69;3,18
105,586;-0,77;1,67;3,19
105,591;-0,75;1,63;3,20
105,592;-0,71;1,60;3,21
105,593;-0,67;1,54;3,22
105,594;-0,63;1,50;3,20
105,626;-0,55;1,41;3,18
105,627;-0,53;1,36;3,16
105,632;-0,52;1,30;3,13
105,633;-0,50;1,25;3,10
105,634;-0,50;1,22;3,06
105,634;-0,50;1,17;3,03
105,635;-0,50;1,15;2,99
105,636;-0,51;1,13;2,95
105,638;-0,55;1,09;2,90
105,642;-0,56;1,07;2,87
105,682;-0,58;1,05;2,84
105,683;-0,61;1,04;2,81
105,684;-0,63;1,03;2,79
105,684;-0,66;1,00;2,77
105,685;-0,67;0,99;2,73
105,686;-0,70;0,97;2,68
105,687;-0,73;0,92;2,59
105,687;-0,72;0,91;2,55
105,688;-0,72;0,89;2,48
105,692;-0,72;0,87;2,42
105,739;-0,71;0,84;2,35
105,740;-0,71;0,81;2,27
105,741;-0,69;0,78;2,20
105,742;-0,67;0,76;2,12
105,744;-0,64;0,72;1,97
105,744;-0,64;0,70;1,89
105,745;-0,61;0,67;1,81
105,746;-0,60;0,66;1,74
105,747;-0,58;0,66;1,67
105,747;-0,57;0,64;1,61
105,748;-0,55;0,62;1,54
105,788;-0,55;0,61;1,49
105,789;-0,50;0,58;1,37
105,789;-0,50;0,59;1,31
105,790;-0,49;0,57;1,26
105,791;-0,47;0,56;1,21
105,792;-0,46;0,56;1,15
105,793;-0,45;0,54;1,11
105,794;-0,43;0,54;1,05
105,795;-0,40;0,52;0,94
105,842;-0,35;0,50;0,88
105,849;-0,33;0,48;0,82
105,850;-0,30;0,47;0,75
105,851;-0,26;0,45;0,68
105,852;-0,22;0,43;0,61
105,853;-0,18;0,43;0,54
105,854;-0,12;0,40;0,46
105,854;-0,02;0,34;0,31
105,855;0,06;0,31;0,22
105,856;0,12;0,29;0,15
105,856;0,19;0,25;0,07
105,857;0,25;0,23;0,00
105,858;0,31;0,20;-0,07
105,892;0,35;0,16;-0,15
105,894;0,39;0,14;-0,20
105,894;0,46;0,09;-0,33
105,895;0,49;0,05;-0,39
105,897;0,50;0,01;-0,45
105,898;0,52;-0,02;-0,53
105,898;0,52;-0,06;-0,60
105,899;0,51;-0,10;-0,69
105,952;0,50;-0,14;-0,77
105,953;0,49;-0,19;-0,85
105,954;0,43;-0,25;-1,03
105,955;0,39;-0,28;-1,11
105,956;0,34;-0,32;-1,20
105,957;0,29;-0,35;-1,30
105,957;0,25;-0,39;-1,40
105,958;0,20;-0,42;-1,51
105,961;0,17;-0,47;-1,62
105,962;0,12;-0,50;-1,75
105,963;0,09;-0,61;-2,02
105,964;0,08;-0,64;-2,17
105,965;0,10;-0,70;-2,33
106,004;0,11;-0,75;-2,50
106,006;0,16;-0,81;-2,67
106,007;0,20;-0,87;-2,82
106,007;0,27;-0,93;-2,99
106,008;0,31;-0,99;-3,14
106,009;0,38;-1,12;-3,36
106,010;0,42;-1,18;-3,44
106,011;0,44;-1,22;-3,52
106,012;0,45;-1,28;-3,58
106,012;0,48;-1,32;-3,61
106,069;0,49;-1,36;-3,64
106,071;0,52;-1,42;-3,66
106,073;0,53;-1,48;-3,64
106,074;0,58;-1,56;-3,58
106,075;0,60;-1,58;-3,52
106,075;0,64;-1,60;-3,45
106,081;0,65;-1,60;-3,37
106,085;0,67;-1,59;-3,27
106,087;0,66;-1,57;-3,16
106,087;0,67;-1,55;-3,04
106,088;0,66;-1,51;-2,95
106,089;0,61;-1,43;-2,74
106,090;0,59;-1,36;-2,64
106,090;0,56;-1,31;-2,57
106,092;0,51;-1,25;-2,49
106,093;0,49;-1,18;-2,44
106,130;0,45;-1,11;-2,39
106,131;0,41;-1,04;-2,35
106,135;0,34;-0,95;-2,32
106,136;0,24;-0,79;-2,30
106,137;0,20;-0,71;-2,33
106,138;0,15;-0,65;-2,38
106,139;0,13;-0,60;-2,44
106,139;0,10;-0,56;-2,53
106,140;0,07;-0,53;-2,65
106,142;0,05;-0,50;-2,75
106,193;0,02;-0,48;-2,86
106,193;-0,05;-0,48;-3,06
106,194;-0,09;-0,49;-3,15
106,196;-0,16;-0,50;-3,23
106,197;-0,25;-0,50;-3,29
106,198;-0,31;-0,50;-3,32
106,198;-0,39;-0,47;-3,31
106,199;-0,44;-0,44;-3,31
106,200;-0,50;-0,40;-3,22
106,200;-0,52;-0,41;-3,14
106,201;-0,54;-0,42;-3,07
106,202;-0,54;-0,43;-2,97
106,237;-0,56;-0,44;-2,87
106,238;-0,54;-0,46;-2,73
106,238;-0,54;-0,52;-2,60
106,239;-0,54;-0,58;-2,46
106,240;-0,48;-0,78;-2,17
106,240;-0,46;-0,87;-1,99
106,242;-0,39;-0,99;-1,85
106,242;-0,34;-1,12;-1,68
106,280;-0,24;-1,21;-1,55
106,282;-0,16;-1,30;-1,43
106,283;-0,07;-1,38;-1,32
106,283;0,01;-1,43;-1,21
106,284;0,15;-1,44;-1,04
106,285;0,21;-1,42;-0,97
106,285;0,25;-1,38;-0,88
106,287;0,27;-1,31;-0,81
106,287;0,28;-1,21;-0,75
106,292;0,28;-1,11;-0,68
106,325;0,29;-1,02;-0,63
106,326;0,28;-0,92;-0,56
106,327;0,28;-0,69;-0,44
106,329;0,27;-0,59;-0,38
106,330;0,25;-0,50;-0,32
106,331;0,24;-0,38;-0,26
106,331;0,22;-0,27;-0,20
106,333;0,19;-0,18;-0,15
106,364;0,15;-0,07;-0,10
106,365;0,10;0,01;-0,07
106,366;-0,02;0,19;0,01
106,367;-0,08;0,27;0,03
106,368;-0,13;0,36;0,04
106,369;-0,19;0,42;0,06
106,369;-0,24;0,49;0,07
106,373;-0,26;0,54;0,10
106,377;-0,29;0,59;0,11
106,409;-0,32;0,64;0,12
106,411;-0,31;0,71;0,17
106,412;-0,26;0,75;0,17
106,413;-0,23;0,78;0,20
106,413;-0,17;0,80;0,21
106,414;-0,10;0,79;0,26
106,415;-0,04;0,81;0,29
106,449;0,02;0,80;0,35
106,450;0,08;0,81;0,41
106,451;0,18;0,84;0,58
106,452;0,22;0,85;0,68
106,453;0,23;0,88;0,77
106,453;0,22;0,89;0,88
106,454;0,22;0,92;0,98
106,455;0,22;0,94;1,07
106,457;0,18;0,95;1,17
106,499;0,15;0,96;1,25
106,500;0,06;0,97;1,40
106,501;0,02;0,96;1,47
106,501;-0,02;0,95;1,53
106,502;-0,05;0,90;1,59
106,503;-0,10;0,86;1,64
106,503;-0,14;0,81;1,68
106,504;-0,17;0,78;1,71
106,505;-0,21;0,74;1,75
106,507;-0,33;0,66;1,81
106,540;-0,37;0,63;1,84
106,542;-0,43;0,60;1,88
106,543;-0,49;0,58;1,95
106,543;-0,54;0,56;2,00
106,544;-0,56;0,54;2,06
106,545;-0,60;0,53;2,14
106,545;-0,63;0,53;2,22
106,582;-0,70;0,54;2,39
106,583;-0,73;0,56;2,47
106,584;-0,79;0,59;2,57
106,585;-0,80;0,60;2,66
106,585;-0,84;0,63;2,75
106,586;-0,88;0,66;2,84
106,587;-0,92;0,68;2,92
106,587;-0,97;0,67;3,07
106,588;-0,98;0,67;3,14
106,593;-1,01;0,66;3,18
106,637;-1,03;0,63;3,23
106,639;-1,05;0,63;3,27
106,646;-1,06;0,58;3,29
106,647;-1,09;0,55;3,31
106,647;-1,11;0,51;3,33
106,651;-1,14;0,43;3,35
106,652;-1,15;0,38;3,36
106,653;-1,18;0,34;3,38
106,654;-1,20;0,30;3,36
106,654;-1,23;0,27;3,37
106,655;-1,28;0,23;3,38
106,656;-1,32;0,20;3,40
106,685;-1,36;0,16;3,42
106,686;-1,45;0,08;3,48
106,686;-1,49;0,04;3,51
106,687;-1,50;0,01;3,52
106,688;-1,54;-0,04;3,53
106,689;-1,55;-0,09;3,54
106,690;-1,54;-0,13;3,56
106,693;-1,54;-0,18;3,56
106,729;-1,53;-0,22;3,57
106,730;-1,50;-0,30;3,58
106,731;-1,48;-0,34;3,59
106,732;-1,46;-0,37;3,59
106,733;-1,45;-0,45;3,59
106,734;-1,44;-0,47;3,60
106,734;-1,41;-0,51;3,62
106,735;-1,39;-0,55;3,63
106,775;-1,38;-0,59;3,65
106,776;-1,36;-0,66;3,68
106,777;-1,36;-0,70;3,69
106,778;-1,35;-0,73;3,68
106,779;-1,34;-0,78;3,69
106,779;-1,34;-0,83;3,70
106,780;-1,33;-0,87;3,70
106,781;-1,34;-0,92;3,69
106,782;-1,34;-0,97;3,70
106,782;-1,37;-1,09;3,70
106,822;-1,39;-1,16;3,69
106,823;-1,41;-1,24;3,65
106,824;-1,46;-1,29;3,64
106,825;-1,50;-1,36;3,61
106,826;-1,54;-1,44;3,60
106,826;-1,61;-1,51;3,55
106,827;-1,65;-1,58;3,52
106,828;-1,74;-1,75;3,44
106,828;-1,77;-1,85;3,38
106,868;-1,81;-1,95;3,35
106,870;-1,84;-2,05;3,31
106,870;-1,89;-2,15;3,26
106,871;-1,93;-2,25;3,21
106,872;-1,99;-2,37;3,16
106,873;-2,05;-2,49;3,10
106,874;-2,19;-2,76;3,01
106,875;-2,24;-2,88;2,96
106,875;-2,32;-3,01;2,90
106,878;-2,41;-3,13;2,85
106,911;-2,49;-3,24;2,79
106,913;-2,55;-3,38;2,73
106,914;-2,62;-3,52;2,67
106,915;-2,69;-3,63;2,61
106,916;-2,77;-3,87;2,47
106,918;-2,80;-3,96;2,39
106,918;-2,84;-4,07;2,32
106,919;-2,85;-4,15;2,23
106,959;-2,88;-4,24;2,16
106,960;-2,90;-4,30;2,06
106,961;-2,94;-4,36;1,99
106,961;-2,97;-4,42;1,91
106,962;-3,04;-4,48;1,76
106,965;-3,07;-4,49;1,71
106,965;-3,09;-4,52;1,65
106,966;-3,11;-4,51;1,61
106,967;-3,12;-4,50;1,55
106,968;-3,11;-4,49;1,52
107,005;-3,12;-4,48;1,48
107,006;-3,06;-4,43;1,38
107,007;-3,02;-4,38;1,34
107,007;-2,97;-4,33;1,28
107,008;-2,91;-4,25;1,21
107,009;-2,84;-4,19;1,16
107,010;-2,77;-4,12;1,10
107,010;-2,70;-4,05;1,02
107,013;-2,63;-3,98;0,96
107,055;-2,45;-3,85;0,80
107,056;-2,39;-3,75;0,72
107,057;-2,31;-3,64;0,66
107,058;-2,21;-3,57;0,59
107,058;-2,10;-3,51;0,53
107,059;-1,99;-3,42;0,49
107,060;-1,90;-3,33;0,45
107,060;-1,82;-3,23;0,42
107,061;-1,61;-3,01;0,38
107,063;-1,51;-2,86;0,36
107,095;-1,40;-2,75;0,35
107,097;-1,27;-2,62;0,35
107,098;-1,17;-2,49;0,34
107,099;-1,05;-2,38;0,34
107,099;-0,93;-2,23;0,33
107,100;-0,81;-2,09;0,32
107,101;-0,59;-1,91;0,27
107,138;-0,50;-1,88;0,24
107,142;-0,39;-1,96;0,16
107,143;-0,28;-1,97;0,08
107,144;-0,16;-1,93;0,00
107,144;-0,05;-1,87;-0,08
107,145;0,04;-1,84;-0,13
107,146;0,12;-1,83;-0,19
107,146;0,21;-1,87;-0,31
107,147;0,22;-1,89;-0,38
107,148;0,22;-1,91;-0,44
107,186;0,21;-1,95;-0,52
107,187;0,17;-2,00;-0,60
107,188;0,11;-1,98;-0,64
107,189;0,05;-1,93;-0,66
107,189;-0,05;-1,83;-0,64
107,190;-0,25;-1,60;-0,62
107,191;-0,35;-1,52;-0,61
107,191;-0,49;-1,41;-0,57
107,193;-0,59;-1,28;-0,50
107,198;-0,71;-1,17;-0,43
107,238;-0,82;-1,06;-0,34
107,239;-0,91;-0,97;-0,30
107,239;-0,99;-0,88;-0,27
107,240;-1,10;-0,74;-0,22
107,242;-1,12;-0,69;-0,23
107,243;-1,12;-0,67;-0,22
107,244;-1,09;-0,69;-0,24
107,245;-1,09;-0,71;-0,26
107,246;-1,07;-0,75;-0,27
107,249;-1,03;-0,79;-0,28
107,287;-1,02;-0,80;-0,31
107,289;-1,01;-0,89;-0,37
107,289;-1,01;-0,94;-0,42
107,290;-1,03;-0,95;-0,43
107,291;-1,08;-0,98;-0,44
107,292;-1,12;-0,99;-0,43
107,292;-1,16;-0,99;-0,43
107,293;-1,21;-0,98;-0,40
107,294;-1,24;-0,96;-0,38
107,299;-1,24;-0,91;-0,31
107,341;-1,21;-0,89;-0,29
107,343;-1,15;-0,86;-0,28
107,344;-1,09;-0,85;-0,28
107,344;-1,00;-0,81;-0,29
107,345;-0,89;-0,80;-0,30
107,346;-0,81;-0,76;-0,33
107,347;-0,70;-0,74;-0,35
107,347;-0,49;-0,61;-0,38
107,349;-0,40;-0,50;-0,39
107,350;-0,30;-0,41;-0,38
107,399;-0,21;-0,34;-0,38
107,400;-0,10;-0,26;-0,38
107,401;0,03;-0,19;-0,37
107,402;0,16;-0,12;-0,33
107,402;0,38;-0,04;-0,30
107,403;0,46;-0,06;-0,32
107,404;0,65;0,33;-0,28
107,405;1,08;0,95;-0,14
107,405;1,00;1,04;-0,01
107,406;0,79;1,03;0,05
107,407;0,63;1,26;0,06
107,408;0,57;1,42;0,14
107,414;0,47;1,33;0,16
107,444;0,40;1,26;0,14
107,445;0,31;1,20;0,10
107,446;0,23;1,07;0,09
107,447;0,15;0,84;0,07
107,447;0,09;0,56;0,06
107,449;0,06;0,30;0,02
107,450;0,01;-0,01;0,03
107,514;-0,02;-0,32;0,05
107,515;0,04;-0,25;0,04
107,516;0,11;-0,20;0,02
107,517;0,20;-0,09;-0,02
107,518;0,23;-0,09;-0,08
107,519;0,24;-0,14;-0,13
107,520;0,23;-0,17;-0,18
107,521;0,22;-0,17;-0,26
107,522;0,08;-0,22;-0,27
107,523;0,02;-0,22;-0,23
107,524;-0,04;-0,24;-0,18
107,525;-0,07;-0,09;-0,19
107,525;-0,13;-0,01;-0,20
107,526;-0,19;0,03;-0,20
107,527;-0,26;0,01;-0,19
107,528;-0,35;-0,07;-0,17
107,573;-0,54;-0,27;-0,01
107,574;-0,62;-0,42;0,14
107,575;-0,67;-0,55;0,27
107,576;-0,71;-0,66;0,40
107,577;-0,68;-0,74;0,51
107,577;-0,65;-0,74;0,56
107,578;-0,59;-0,68;0,55
107,579;-0,51;-0,54;0,50
107,580;-0,36;-0,20;0,35
107,581;-0,19;-0,11;0,24
107,633;0,03;-0,15;0,16
107,634;0,25;-0,27;0,11
107,634;0,45;-0,37;0,07
107,635;0,62;-0,25;0,04
107,636;0,74;-0,09;-0,07
107,648;0,77;-0,19;-0,22
107,649;0,62;-0,80;-0,34
107,649;0,50;-1,08;-0,29
107,650;0,35;-1,27;-0,19
107,651;0,20;-1,36;-0,07
107,651;0,06;-1,36;0,01
107,652;-0,05;-1,35;0,08
107,653;-0,12;-1,32;0,11
107,653;-0,13;-1,34;0,09
107,654;-0,08;-1,40;-0,01
107,699;-0,03;-1,46;-0,12
107,702;0,07;-1,75;-0,30
107,703;0,23;-2,61;-0,60
107,704;0,30;-3,04;-0,77
107,705;0,29;-3,01;-0,79
107,706;0,35;-2,41;-0,66
107,707;0,48;-2,67;-0,47
107,708;0,16;-2,89;0,15
107,708;-0,08;-2,78;0,43
107,709;-0,25;-2,68;0,65
107,710;-0,35;-2,71;0,77
107,714;-0,37;-2,89;0,84
107,748;-0,34;-3,11;0,90
107,749;-0,28;-3,41;0,93
107,750;-0,22;-3,69;0,97
107,750;-0,12;-4,29;1,00
107,751;-0,10;-4,66;1,05
107,752;-0,08;-5,06;1,12
107,752;-0,11;-5,42;1,19
107,796;-0,13;-5,83;1,28
107,798;-0,17;-6,21;1,35
107,799;-0,21;-6,58;1,36
107,800;-0,23;-6,89;1,27
107,801;-0,26;-7,50;0,99
107,802;-0,25;-8,07;0,89
107,802;-0,25;-8,76;0,84
107,803;-0,24;-9,40;0,79
107,804;-0,18;-9,92;0,81
107,805;-0,07;-10,16;0,85
107,805;0,11;-10,02;0,92
107,841;0,62;-8,75;1,18
107,842;0,87;-7,96;1,33
107,843;1,11;-7,30;1,43
107,844;1,33;-6,91;1,49
107,844;1,54;-6,78;1,53
107,845;1,77;-6,83;1,57
107,846;2,02;-6,92;1,34
107,847;2,24;-7,05;0,77
107,848;2,49;-7,43;-0,52
107,878;2,56;-7,50;-0,82
107,879;2,59;-7,37;-0,99
107,880;2,56;-7,06;-1,14
107,881;2,47;-6,70;-1,33
107,881;2,34;-6,23;-1,56
107,882;2,17;-5,71;-1,75
107,919;1,99;-5,17;-1,89
107,921;1,64;-4,09;-1,98
107,922;1,45;-3,54;-2,02
107,922;1,24;-3,01;-2,06
107,923;1,01;-2,49;-2,09
107,924;0,76;-1,98;-2,11
107,924;0,50;-1,41;-2,08
107,925;0,26;-0,87;-2,01
107,926;0,02;-0,30;-1,90
107,928;-0,33;0,76;-1,60
107,962;-0,50;1,28;-1,40
107,963;-0,65;1,73;-1,17
107,964;-0,76;2,13;-0,91
107,964;-0,87;2,42;-0,65
107,965;-0,95;2,66;-0,43
107,966;-1,00;2,85;-0,24
107,967;-1,03;3,06;-0,11
108,005;-1,10;3,34;0,08
108,006;-1,11;3,39;0,13
108,006;-1,13;3,41;0,15
108,007;-1,11;3,42;0,17
108,008;-1,09;3,43;0,16
108,009;-1,04;3,42;0,14
108,010;-1,04;3,41;0,11
108,010;-0,98;3,39;0,06
108,011;-0,92;3,30;0,04
108,014;-0,80;3,24;0,16
108,062;-0,53;3,26;0,21
108,063;-0,28;3,28;0,28
108,064;-0,21;3,11;0,26
108,064;-0,28;2,93;0,13
108,065;-0,42;2,84;-0,04
108,066;-0,54;2,83;-0,17
108,067;-0,60;3,07;-0,27
108,068;-0,52;3,19;-0,28
108,069;-0,40;3,22;-0,30
108,070;-0,29;3,13;-0,35
108,071;-0,19;3,01;-0,41
108,105;-0,11;2,90;-0,45
108,106;-0,05;2,84;-0,46
108,107;-0,03;2,79;-0,45
108,107;-0,03;2,56;-0,43
108,108;-0,04;2,45;-0,43
108,109;-0,06;2,36;-0,45
108,110;-0,06;2,29;-0,50
108,115;-0,08;2,24;-0,52
108,116;-0,09;2,20;-0,51
108,155;-0,12;2,14;-0,50
108,156;-0,13;2,04;-0,50
108,157;-0,16;1,76;-0,48
108,158;-0,17;1,62;-0,48
108,159;-0,16;1,51;-0,50
108,160;-0,16;1,42;-0,48
108,160;-0,16;1,34;-0,46
108,161;-0,17;1,28;-0,43
108,162;-0,16;1,25;-0,41
108,164;-0,19;1,20;-0,37
108,200;-0,24;1,09;-0,35
108,201;-0,25;1,02;-0,36
108,202;-0,27;0,96;-0,36
108,204;-0,30;0,94;-0,35
108,204;-0,33;0,91;-0,36
108,205;-0,38;0,91;-0,37
108,206;-0,44;0,94;-0,39
108,206;-0,54;0,98;-0,44
108,209;-0,58;1,01;-0,46
108,215;-0,63;1,06;-0,49
108,270;-0,66;1,13;-0,48
108,271;-0,68;1,20;-0,47
108,272;-0,68;1,25;-0,46
108,273;-0,69;1,30;-0,45
108,274;-0,67;1,34;-0,47
108,275;-0,51;1,34;-0,50
108,276;-0,40;1,33;-0,53
108,276;-0,34;1,30;-0,53
108,277;-0,31;1,28;-0,53
108,278;-0,27;1,33;-0,55
108,278;-0,20;1,38;-0,56
108,279;-0,15;1,41;-0,53
108,280;-0,12;1,47;-0,52
108,284;-0,22;1,65;-0,50
108,333;-0,29;1,72;-0,45
108,334;-0,36;1,77;-0,40
108,337;-0,39;1,82;-0,37
108,338;-0,42;1,86;-0,32
108,339;-0,44;1,89;-0,31
108,340;-0,44;1,91;-0,26
108,340;-0,46;1,90;-0,24
108,341;-0,45;1,87;-0,19
108,342;-0,45;1,84;-0,16
108,342;-0,46;1,81;-0,12
108,343;-0,47;1,77;-0,08
108,344;-0,49;1,68;-0,05
108,377;-0,51;1,59;-0,03
108,378;-0,57;1,50;-0,00
108,379;-0,63;1,41;-0,01
108,380;-0,79;1,28;-0,14
108,381;-0,84;1,25;-0,20
108,548;-0,86;1,21;-0,25
108,549;-0,94;1,13;-0,30
108,551;-1,01;1,03;-0,35
108,598;-1,10;0,88;-0,41
108,599;-1,19;0,69;-0,50
108,600;-1,26;0,53;-0,55
108,604;-1,48;0,34;-0,57
108,604;-1,58;0,31;-0,52
108,605;-1,67;0,31;-0,48
108,606;-1,78;0,33;-0,41
108,607;-1,87;0,38;-0,33
108,607;-1,96;0,43;-0,25
108,608;-2,06;0,46;-0,21
108,609;-2,15;0,51;-0,15
108,610;-2,28;0,67;-0,07
108,648;-2,30;0,77;-0,04
108,649;-2,28;0,88;-0,00
108,650;-2,24;0,95;0,02
108,651;-2,17;1,00;0,03
108,652;-2,06;1,07;0,02
108,653;-1,91;1,10;0,01
108,653;-1,71;1,10;-0,04
108,654;-1,26;1,06;-0,16
108,655;-0,98;1,01;-0,23
108,662;-0,71;0,95;-0,28
108,665;-0,44;0,90;-0,35
108,699;-0,17;0,85;-0,40
108,701;0,07;0,80;-0,42
108,701;0,26;0,78;-0,40
108,702;0,38;0,78;-0,34
108,703;0,53;0,85;-0,21
108,703;0,57;0,88;-0,19
108,704;0,63;0,90;-0,17
108,705;0,65;0,94;-0,18
108,749;0,68;0,96;-0,17
108,750;0,69;0,99;-0,17
108,751;0,70;1,00;-0,19
108,752;0,71;1,01;-0,19
108,753;0,71;1,01;-0,20
108,754;0,72;0,97;-0,20
108,755;0,74;0,95;-0,21
108,756;0,74;0,90;-0,22
108,757;0,77;0,83;-0,22
108,758;0,76;0,75;-0,22
108,798;0,76;0,64;-0,21
108,798;0,75;0,40;-0,22
108,799;0,73;0,26;-0,22
108,803;0,71;0,14;-0,23
108,803;0,69;0,05;-0,24
108,804;0,65;-0,04;-0,27
108,805;0,64;-0,11;-0,30
108,805;0,60;-0,17;-0,32
108,806;0,57;-0,23;-0,33
108,813;0,53;-0,29;-0,34
108,814;0,51;-0,27;-0,32
108,815;0,50;-0,22;-0,31
108,845;0,47;-0,12;-0,32
108,846;0,13;0,31;-0,22
108,847;-0,13;0,59;-0,16
108,848;-0,19;0,61;-0,15
108,850;-0,15;0,62;-0,13
108,851;-0,06;0,49;-0,12
108,852;-0,05;0,38;-0,12
108,888;0,02;0,28;-0,13
108,889;0,06;0,17;-0,14
108,890;0,09;0,10;-0,15
108,890;0,11;0,07;-0,15
108,891;0,10;0,01;-0,13
108,892;0,09;0,01;-0,12
108,892;0,04;0,02;-0,07
108,893;-0,00;0,02;-0,03
108,895;-0,01;0,03;-0,01
108,900;-0,03;0,04;0,02
108,934;-0,03;0,04;0,04
108,935;-0,02;0,05;0,05
108,938;-0,01;0,07;0,07
108,939;0,00;0,08;0,08
108,939;0,03;0,07;0,08
108,940;0,04;0,08;0,07
108,941;0,04;0,09;0,06
108,941;0,04;0,11;0,05
109,000;0,03;0,11;0,04
109,002;0,04;0,13;0,03
109,006;0,06;0,12;0,04
109,007;0,07;0,15;0,05
109,009;0,09;0,16;0,05
109,009;0,10;0,19;0,06
109,011;0,11;0,21;0,07
109,012;0,11;0,23;0,07
109,013;0,12;0,25;0,07
109,014;0,13;0,25;0,08
109,015;0,14;0,26;0,08
109,015;0,16;0,23;0,08
109,016;0,20;0,22;0,06
109,017;0,19;0,19;0,07
109,018;0,20;0,16;0,06
109,055;0,19;0,12;0,07
109,056;0,18;0,11;0,07
109,058;0,17;0,10;0,07
109,058;0,15;0,07;0,06
109,059;0,13;0,06;0,06
109,060;0,09;0,07;0,06
109,061;0,06;0,07;0,05
109,062;0,04;0,13;0,03
109,064;0,03;0,12;0,03
109,071;0,00;0,12;0,03
109,072;-0,02;0,15;0,04
109,120;-0,05;0,14;0,03
109,121;-0,06;0,16;0,05
109,122;-0,06;0,18;0,04
109,123;-0,06;0,16;0,04
109,124;-0,05;0,15;0,04
109,125;-0,03;0,13;0,04
109,126;-0,04;0,09;0,04
109,127;-0,04;0,07;0,05
109,128;-0,01;0,05;0,04
109,129;-0,02;0,02;0,04
109,130;0,01;-0,01;0,04
109,131;0,01;-0,03;0,06
109,174;0,03;-0,06;0,06
109,175;0,02;-0,09;0,08
109,176;0,02;-0,11;0,08
109,177;0,02;-0,14;0,09
109,178;0,02;-0,16;0,10
109,179;0,05;-0,20;0,09
109,179;0,04;-0,19;0,07
109,181;0,03;-0,18;0,06
109,182;0,02;-0,17;0,04
109,182;0,01;-0,17;0,03
109,187;0,00;-0,15;0,03
109,234;-0,03;-0,17;0,02
109,234;-0,03;-0,19;0,02
109,235;-0,05;-0,19;-0,01
109,236;-0,07;-0,18;-0,02
109,236;-0,06;-0,15;-0,04
109,237;-0,07;-0,15;-0,05
109,238;-0,08;-0,12;-0,06
109,239;-0,08;-0,11;-0,07
109,246;-0,08;-0,09;-0,08
109,247;-0,07;-0,09;-0,08
109,248;-0,06;-0,04;-0,07
109,249;-0,04;-0,03;-0,07
109,291;-0,05;-0,01;-0,07
109,292;-0,04;0,01;-0,05
109,293;-0,03;0,06;-0,05
109,293;-0,03;0,08;-0,06
109,294;-0,02;0,11;-0,04
109,299;-0,01;0,12;-0,02
109,300;0,02;0,12;-0,03
109,301;0,04;0,10;-0,03
109,302;0,03;0,09;-0,04
109,302;0,05;0,08;-0,05
109,310;0,05;0,06;-0,05
109,311;0,04;0,04;-0,05
109,312;0,02;0,04;-0,05
109,353;0,01;0,02;-0,04
109,354;-0,00;0,02;-0,05
109,356;-0,01;0,02;-0,05
109,357;-0,03;0,03;-0,05
109,358;-0,03;0,03;-0,04
109,358;-0,04;0,03;-0,04
109,359;-0,06;0,01;-0,02
109,360;-0,04;-0,00;-0,02
109,361;-0,05;-0,01;-0,01
109,366;-0,05;-0,03;0,00
109,367;-0,06;-0,05;0,01
109,407;-0,05;-0,07;0,02
109,408;-0,04;-0,09;0,01
109,415;-0,05;-0,10;0,00
109,416;-0,04;-0,12;0,00
109,417;-0,03;-0,12;0,00
109,418;-0,04;-0,14;0,01
109,419;-0,04;-0,13;0,02
109,420;-0,04;-0,12;0,03
109,420;-0,05;-0,12;0,03
109,421;-0,06;-0,10;0,05
109,422;-0,04;-0,09;0,06
109,450;-0,06;-0,09;0,06
109,452;-0,05;-0,08;0,06
109,453;-0,06;-0,06;0,08
109,453;-0,07;-0,05;0,08
109,454;-0,07;-0,03;0,08
109,455;-0,08;-0,02;0,07
109,456;-0,07;-0,02;0,09
109,485;-0,08;-0,01;0,09
109,486;-0,08;0,01;0,10
109,488;-0,07;0,02;0,10
109,489;-0,08;0,03;0,11
109,489;-0,08;0,04;0,09
109,490;-0,07;0,02;0,10
109,491;-0,06;0,02;0,09
109,523;-0,05;0,01;0,09
109,524;-0,05;-0,01;0,09
109,525;-0,06;-0,01;0,09
109,525;-0,06;-0,02;0,08
109,526;-0,06;-0,02;0,06
109,527;-0,07;-0,02;0,07
109,528;-0,07;-0,01;0,07
109,531;-0,08;-0,01;0,07
109,536;-0,07;-0,00;0,05
109,565;-0,08;0,01;0,05
109,567;-0,06;0,02;0,05
109,568;-0,06;0,03;0,04
109,568;-0,06;0,04;0,05
109,569;-0,06;0,05;0,04
109,570;-0,05;0,04;0,04
109,571;-0,05;0,04;0,04
109,606;-0,03;0,05;0,04
109,608;-0,04;0,04;0,05
109,608;-0,04;0,02;0,04
109,609;-0,03;0,01;0,04
109,610;-0,02;-0,02;0,04
109,610;-0,02;-0,02;0,02
109,611;-0,02;-0,04;0,03
109,612;-0,02;-0,05;0,02
109,616;-0,03;-0,06;0,03
109,621;-0,03;-0,07;0,02
109,658;-0,03;-0,09;0,01
109,659;-0,03;-0,09;0,03
109,660;-0,04;-0,07;0,02
109,661;-0,05;-0,07;0,03
109,662;-0,06;-0,07;0,03
109,663;-0,06;-0,05;0,03
109,663;-0,05;-0,06;0,03
109,664;-0,06;-0,08;0,03
109,666;-0,08;-0,06;0,04
109,671;-0,07;-0,06;0,02
109,701;-0,09;-0,06;0,01
109,702;-0,09;-0,05;0,01
109,703;-0,10;-0,04;-0,01
109,706;-0,09;-0,03;-0,00
109,707;-0,08;-0,02;-0,00
109,708;-0,08;0,00;0,00
109,708;-0,07;0,00;-0,00
109,740;-0,07;0,01;-0,01
109,741;-0,04;0,03;-0,02
109,742;-0,03;0,03;-0,01
109,743;-0,02;0,04;-0,01
109,744;-0,02;0,05;-0,01
109,744;-0,01;0,05;0,00
109,745;-0,01;0,06;0,00
109,746;0,01;0,07;0,01
109,751;0,00;0,07;0,01
109,792;-0,02;0,06;0,00
109,793;-0,00;0,04;0,00
109,794;0,00;0,04;0,00
109,795;0,01;0,04;-0,00
109,799;0,01;0,03;-0,00
109,800;0,01;0,03;0,00
109,800;0,02;0,03;-0,00
109,801;0,02;0,04;-0,01
109,802;0,01;0,04;-0,03
109,805;0,02;0,04;-0,02
109,848;0,03;0,02;-0,02
109,848;0,02;0,03;-0,02
109,849;0,04;0,02;-0,03
109,850;0,02;0,02;-0,03
109,851;0,03;0,01;-0,03
109,858;0,01;0,02;-0,02
109,859;0,01;0,04;0,01
109,860;0,01;0,05;0,00
109,861;0,00;0,06;0,00
109,862;0,01;0,07;0,01
109,863;-0,01;0,07;0,01
109,864;-0,01;0,07;0,03
109,900;-0,02;0,07;0,03
109,901;-0,02;0,06;0,03
109,902;-0,04;0,04;0,02
109,903;-0,04;0,03;0,02
109,903;-0,04;0,03;0,02
109,904;-0,03;0,02;0,00
109,906;-0,03;0,03;0,01
109,907;-0,03;0,02;0,01
109,908;-0,03;0,02;0,02
109,950;-0,04;0,03;0,02
109,951;-0,03;0,02;0,02
109,952;-0,02;0,02;0,02
109,953;-0,02;0,03;0,03
109,953;-0,01;0,03;0,01
109,954;-0,01;0,03;0,04
109,955;-0,02;0,04;0,05
109,958;-0,03;0,04;0,05
109,959;-0,04;0,04;0,04
109,959;-0,05;0,03;0,05
110,000;-0,04;0,03;0,04
110,001;-0,04;0,03;0,04
110,002;-0,03;0,03;0,04
110,003;-0,04;0,03;0,04
110,003;-0,03;0,04;0,04
110,004;-0,03;0,05;0,03
110,005;-0,02;0,07;0,03
110,008;-0,03;0,08;0,03
110,009;-0,02;0,07;0,04
110,009;-0,01;0,09;0,03
110,062;-0,00;0,09;0,03
110,062;-0,01;0,09;0,02
110,063;0,00;0,09;0,03
110,064;0,00;0,08;0,03
110,064;0,02;0,05;0,02
110,065;0,02;0,04;0,01
110,066;0,01;0,05;0,02
110,066;0,02;0,04;0,01
110,067;0,01;0,02;0,00
110,068;0,00;0,01;0,01
110,069;0,01;0,01;0,01
110,069;0,00;0,01;-0,01
110,073;0,01;0,01;-0,03
110,114;0,01;0,00;-0,02
110,115;0,01;0,01;-0,01
110,116;0,01;0,02;-0,03
110,117;-0,00;0,01;-0,03
110,118;-0,01;0,02;-0,03
110,119;0,00;0,01;-0,01
110,120;-0,00;0,01;-0,02
110,121;0,01;0,02;-0,02
110,122;0,00;0,00;-0,02
110,123;0,01;0,01;-0,02
110,162;-0,01;0,00;-0,01
110,163;-0,01;0,01;-0,01
110,164;-0,01;0,01;-0,01
110,165;-0,03;0,02;-0,00
110,166;-0,00;0,01;0,00
110,166;0,00;-0,01;0,00
110,167;0,01;-0,02;-0,00
110,168;0,01;-0,02;-0,01
110,169;0,01;-0,03;-0,02
110,171;0,01;-0,03;-0,02
110,208;0,01;-0,02;-0,02
110,209;0,01;-0,03;-0,02
110,211;-0,00;-0,02;-0,02
110,211;0,00;-0,01;-0,02
110,212;0,01;-0,00;-0,02
110,213;0,02;0,01;-0,01
110,214;0,03;-0,00;0,00
110,215;0,03;-0,00;0,01
110,216;0,03;-0,02;-0,01
110,222;0,03;-0,04;-0,02
110,254;0,01;-0,03;-0,04
110,255;-0,02;-0,04;-0,03
110,256;-0,03;-0,04;-0,03
110,257;-0,05;-0,03;-0,04
110,258;-0,05;-0,03;-0,03
110,259;-0,04;0,00;-0,03
110,259;-0,03;0,00;-0,03
110,291;-0,04;0,01;-0,03
110,292;-0,03;0,02;-0,03
110,293;-0,01;0,01;-0,01
110,313;0,01;0,02;-0,01
110,314;0,01;0,02;-0,01
110,315;0,01;0,01;0,00
110,315;0,03;0,02;-0,00
110,316;0,01;0,03;0,00
110,317;0,03;0,02;0,01
110,318;0,02;0,03;0,01
110,319;0,03;0,04;0,02
110,319;0,02;0,04;0,03
110,350;0,01;0,04;0,03
110,351;0,03;0,03;0,03
110,351;0,01;0,04;0,03
110,352;0,00;0,02;0,04
110,352;-0,00;0,01;0,03
110,353;-0,02;-0,01;0,02
110,354;-0,03;-0,02;0,01
110,358;-0,05;-0,02;0,00
110,402;-0,05;-0,04;0,01
110,403;-0,07;-0,04;0,00
110,404;-0,07;-0,04;-0,01
110,405;-0,07;-0,02;-0,01
110,405;-0,06;-0,02;-0,01
110,406;-0,06;-0,00;0,00
110,407;-0,06;-0,01;0,01
110,408;-0,04;-0,00;0,00
110,409;-0,02;0,00;0,01
110,409;-0,03;-0,01;0,01
110,441;-0,01;-0,03;0,00
110,442;0,01;-0,04;0,02
110,443;0,01;-0,04;0,02
110,444;0,02;-0,06;0,01
110,445;0,01;-0,05;0,01
110,445;0,01;-0,04;-0,00
110,446;0,00;-0,04;0,01
110,447;-0,00;-0,02;0,02
110,477;-0,01;-0,02;0,00
110,478;-0,01;-0,00;0,02
110,479;-0,01;-0,01;0,03
110,480;-0,01;-0,01;0,03
110,481;-0,00;-0,00;0,02
110,481;-0,01;-0,01;0,02
110,482;-0,00;-0,02;0,02
110,487;-0,01;-0,02;0,01
110,520;-0,00;-0,02;0,02
110,521;0,00;-0,03;0,02
110,522;0,00;-0,03;0,01
110,523;0,01;-0,01;0,01
110,523;0,00;-0,01;0,00
110,525;0,01;0,01;0,00
110,526;0,00;0,01;-0,01
110,527;0,01;0,00;-0,00
110,556;0,02;0,01;-0,01
110,559;0,02;0,00;-0,01
110,560;0,03;-0,01;-0,03
110,560;0,02;-0,03;-0,01
110,561;0,03;-0,04;-0,02
110,562;0,03;-0,06;-0,03
110,562;0,02;-0,06;-0,01
110,593;-0,00;-0,05;-0,02
110,594;-0,00;-0,04;-0,03
110,595;0,00;-0,03;-0,01
110,595;-0,02;-0,03;-0,01
110,596;-0,03;-0,00;-0,00
110,597;-0,06;0,01;-0,00
110,598;-0,04;0,01;0,01
110,602;-0,05;0,02;0,01
110,607;-0,04;0,01;0,02
110,637;-0,03;0,01;0,03
110,638;-0,03;0,00;0,03
110,639;-0,03;0,00;0,04
110,640;-0,02;0,00;0,03
110,641;0,00;-0,01;0,03
110,642;-0,00;0,00;0,01
110,643;-0,01;-0,00;0,02
110,675;-0,01;-0,01;0,01
110,677;-0,00;0,01;0,01
110,678;-0,01;0,02;-0,00
110,678;-0,02;0,03;0,00
110,679;-0,02;0,05;0,00
110,680;-0,02;0,03;-0,00
110,680;-0,03;0,04;0,00
110,682;-0,03;0,04;0,00
110,687;-0,04;0,04;0,01
110,728;-0,02;0,05;0,01
110,729;-0,04;0,05;0,01
110,730;-0,04;0,05;0,01
110,731;-0,04;0,04;0,03
110,732;-0,04;0,04;0,01
110,732;-0,04;0,03;0,02
110,733;-0,03;0,01;0,02
110,734;-0,03;-0,01;0,02
110,735;-0,02;-0,03;0,02
110,737;-0,01;-0,04;0,01
110,777;-0,02;-0,04;0,00
110,778;-0,02;-0,04;0,01
110,779;-0,02;-0,04;0,01
110,780;-0,03;-0,02;0,00
110,781;-0,02;-0,02;0,02
110,782;-0,04;0,00;0,01
110,783;-0,04;0,01;0,01
110,787;-0,04;0,03;0,02
110,788;-0,02;0,05;0,03
110,788;-0,01;0,05;0,03
110,825;0,01;0,05;0,03
110,826;0,01;0,05;0,02
110,827;0,01;0,03;0,01
110,828;0,01;0,02;0,01
110,828;0,02;0,01;0,01
110,829;0,01;0,02;0,02
110,830;0,01;0,01;0,01
110,831;-0,00;0,01;0,01
110,832;-0,02;0,01;0,00
110,837;-0,03;0,02;0,01
110,876;-0,03;0,02;-0,01
110,877;-0,04;0,02;0,01
110,877;-0,04;0,02;0,01
110,878;-0,05;0,03;0,02
110,879;-0,05;0,02;0,02
110,879;-0,06;0,03;0,02
110,880;-0,03;0,02;0,03
110,881;-0,03;0,02;0,01
110,882;-0,02;0,01;0,01
110,887;-0,02;0,02;0,02
110,892;-0,01;-0,01;0,02
110,929;0,00;0,00;0,01
110,930;-0,01;-0,01;0,03
110,931;-0,01;-0,04;-0,00
110,932;-0,03;-0,02;-0,00
110,933;-0,04;-0,01;-0,01
110,934;-0,06;0,01;-0,02
110,934;-0,07;0,02;-0,00
110,935;-0,09;0,02;-0,01
110,937;-0,09;0,03;-0,01
110,981;-0,10;0,04;-0,01
110,982;-0,08;0,05;-0,01
110,983;-0,09;0,06;-0,01
110,984;-0,08;0,06;0,00
110,985;-0,07;0,06;0,01
110,986;-0,07;0,05;0,01
110,986;-0,04;0,06;0,02
110,987;-0,03;0,04;0,01
110,988;-0,01;0,04;0,01
110,989;-0,01;0,04;0,02
110,992;0,01;0,03;0,02
111,034;-0,01;0,02;0,02
111,035;-0,00;0,03;0,04
111,036;-0,00;0,02;0,02
111,037;-0,01;0,04;0,03
111,038;-0,02;0,03;0,03
111,039;-0,02;0,01;0,02
111,039;-0,04;0,02;0,03
111,040;-0,04;0,02;0,02
111,041;-0,03;-0,01;0,02
111,079;-0,05;0,00;0,02
111,080;-0,05;-0,00;0,03
111,081;-0,04;0,00;0,02
111,082;-0,02;-0,00;0,00
111,082;-0,01;0,00;0,00
111,083;-0,01;0,01;0,02
111,084;-0,01;0,01;0,01
111,085;0,00;0,01;0,01
111,085;0,01;0,01;0,02
111,087;0,01;0,00;0,01
111,092;0,00;0,00;-0,00
111,132;0,01;0,00;0,01
111,133;0,01;0,01;0,01
111,134;0,01;0,01;0,02
111,135;0,01;0,03;0,02
111,135;0,02;0,03;0,03
111,138;0,01;0,01;0,03
111,139;0,02;0,02;0,03
111,142;0,02;0,02;0,03
111,144;0,01;0,01;0,03
111,145;0,01;-0,01;0,03
111,178;-0,00;-0,01;0,03
111,180;-0,00;-0,02;0,03
111,180;-0,01;-0,01;0,03
111,181;-0,00;-0,01;0,03
111,182;-0,01;-0,01;0,02
111,184;-0,02;0,00;0,04
111,185;-0,02;0,01;0,01
111,186;-0,00;-0,02;0,02
111,187;-0,02;-0,02;0,02
111,192;-0,05;-0,02;0,01
111,223;-0,04;-0,02;0,01
111,224;-0,05;-0,02;0,02
111,225;-0,04;-0,01;0,01
111,225;-0,03;-0,01;0,02
111,229;-0,06;0,01;0,01
111,230;-0,05;0,01;0,01
111,230;-0,05;0,01;0,02
111,265;-0,04;0,01;0,03
111,266;-0,03;-0,00;0,02
111,267;-0,02;-0,02;0,01
111,268;0,01;-0,03;0,01
111,269;0,01;-0,03;0,00
111,269;0,03;-0,04;0,00
111,270;0,01;-0,03;0,01
111,271;0,02;-0,03;0,01
111,272;0,00;-0,03;0,00
111,316;-0,01;-0,03;0,01
111,318;-0,01;-0,02;0,00
111,319;-0,03;-0,02;0,02
111,320;-0,04;-0,01;0,01
111,320;-0,05;-0,01;0,02
111,321;-0,05;-0,01;0,02
111,322;-0,06;-0,00;0,01
111,323;-0,02;0,02;0,03
111,324;-0,03;0,02;0,02
111,324;-0,03;0,03;0,02
111,369;-0,01;0,04;0,03
111,370;-0,01;0,02;0,03
111,371;0,00;0,03;0,03
111,373;-0,01;0,02;0,03
111,374;-0,00;0,01;0,02
111,374;-0,01;0,01;0,03
111,375;-0,01;0,01;0,03
111,376;-0,02;-0,00;0,03
111,378;-0,02;-0,01;0,02
111,379;-0,03;-0,01;0,02
111,380;-0,03;-0,02;0,01
111,420;-0,04;-0,01;0,02
111,421;-0,03;-0,02;0,02
111,423;-0,03;-0,02;0,02
111,423;-0,04;-0,02;0,02
111,424;-0,03;-0,02;0,02
111,425;-0,02;-0,02;0,03
111,425;-0,03;-0,02;0,03
111,426;-0,02;-0,04;0,02
111,427;-0,02;-0,04;0,02
111,428;-0,02;-0,05;0,02
111,462;-0,01;-0,06;0,02
111,463;-0,03;-0,06;0,02
111,464;-0,02;-0,06;0,04
111,465;-0,04;-0,05;0,03
111,466;-0,03;-0,05;0,04
111,467;-0,05;-0,04;0,04
111,468;-0,03;-0,04;0,05
111,470;-0,05;-0,03;0,04
111,473;-0,04;-0,03;0,05
111,515;-0,05;-0,03;0,05
111,516;-0,05;-0,01;0,05
111,517;-0,04;-0,01;0,04
111,517;-0,03;0,01;0,05
111,528;-0,05;0,01;0,04
111,528;-0,03;0,01;0,03
111,529;-0,04;0,01;0,02
111,530;-0,04;0,00;0,03
111,530;-0,05;-0,00;0,03
111,531;-0,06;0,01;0,02
111,531;-0,04;0,00;0,01
111,574;-0,04;-0,00;0,02
111,575;-0,04;-0,00;0,02
111,575;-0,04;-0,01;0,00
111,576;-0,05;-0,02;0,01
111,577;-0,05;-0,02;-0,00
111,578;-0,05;-0,03;-0,02
111,578;-0,07;-0,02;-0,02
111,579;-0,06;-0,02;-0,02
111,580;-0,08;-0,01;-0,03
111,580;-0,08;-0,01;-0,03
111,625;-0,08;-0,01;-0,03
111,626;-0,07;0,00;-0,03
111,627;-0,05;-0,01;-0,02
111,628;-0,05;-0,01;-0,01
111,629;-0,04;-0,02;-0,02
111,629;-0,01;-0,02;-0,02
111,630;0,00;-0,03;-0,01
111,630;-0,00;-0,02;-0,01
111,631;0,02;-0,03;-0,01
111,632;0,01;-0,02;-0,01
111,633;0,01;-0,03;-0,01
111,638;0,02;-0,01;-0,00
111,643;0,02;-0,02;-0,01
111,678;0,01;-0,01;0,01
111,679;0,00;0,01;0,01
111,680;-0,01;0,01;0,01
111,681;-0,01;0,03;0,01
111,681;-0,01;0,03;0,02
111,683;-0,01;0,02;0,00
111,684;-0,02;0,01;0,01
111,685;-0,01;0,00;0,02
111,688;-0,01;0,01;0,02
111,693;-0,01;0,02;0,02
111,724;-0,01;0,01;0,03
111,725;-0,00;0,04;0,03
111,726;0,01;0,03;0,03
111,726;0,01;0,03;0,05
111,727;0,02;0,03;0,04
111,728;0,03;-0,00;0,05
111,729;0,02;0,00;0,05
111,779;0,02;-0,04;0,05
111,780;0,01;-0,04;0,05
111,781;-0,00;-0,03;0,04
111,782;0,03;-0,03;0,04
111,783;0,00;-0,02;0,04
111,784;-0,01;-0,02;0,04
111,785;-0,01;-0,01;0,03
111,785;-0,01;-0,01;0,04
111,786;-0,01;-0,02;0,04
111,791;-0,00;-0,02;0,04
111,791;-0,01;-0,02;0,03
111,792;-0,01;-0,03;0,04
111,793;-0,01;-0,04;0,03
111,840;-0,01;-0,04;0,03
111,841;-0,02;-0,02;0,04
111,842;-0,01;-0,03;0,04
111,843;-0,02;-0,02;0,03
111,844;-0,02;-0,02;0,04
111,844;-0,03;0,00;0,03
111,845;-0,03;0,01;0,04
111,846;-0,03;0,02;0,03
111,847;-0,01;0,01;0,04
111,848;-0,01;0,01;0,04
111,848;-0,00;-0,01;0,04
111,884;0,02;-0,04;0,02
111,885;0,02;-0,06;0,01
111,886;0,02;-0,07;0,01
111,886;0,01;-0,08;0,01
111,888;0,03;-0,08;0,01
111,889;0,02;-0,06;0,01
111,889;0,01;-0,06;-0,01
111,890;0,02;-0,06;-0,01
111,893;0,01;-0,04;-0,02
111,927;0,03;-0,04;-0,02
111,928;0,02;-0,03;-0,02
111,929;0,03;-0,05;-0,03
111,930;0,02;-0,05;-0,03
111,931;0,03;-0,05;-0,05
111,932;0,01;-0,06;-0,04
111,933;0,02;-0,06;-0,06
111,933;-0,01;-0,06;-0,04
111,964;0,00;-0,06;-0,06
111,966;-0,00;-0,06;-0,04
111,966;0,00;-0,03;-0,04
111,967;-0,01;-0,01;-0,04
111,968;-0,02;-0,01;-0,03
111,969;-0,00;-0,00;-0,02
111,969;0,01;-0,03;-0,01
111,973;0,02;-0,03;0,00
111,978;-0,01;-0,05;0,00
112,008;0,00;-0,05;0,00
112,010;-0,01;-0,03;0,01
112,010;-0,02;-0,03;0,02
112,011;-0,02;-0,01;0,01
112,012;-0,02;-0,01;0,01
112,014;-0,04;0,01;0,02
112,015;-0,04;0,02;0,03
112,061;-0,04;0,04;0,03
112,062;-0,04;0,05;0,01
112,063;-0,03;0,06;0,01
112,064;-0,02;0,06;0,02
112,065;-0,02;0,06;0,01
112,066;-0,02;0,06;-0,00
112,066;-0,03;0,04;0,00
112,067;-0,03;0,03;0,01
112,068;-0,03;0,02;0,01
112,069;-0,03;0,03;0,02
112,070;-0,03;0,03;0,03
112,105;-0,03;0,02;0,03
112,106;-0,03;0,02;0,02
112,107;-0,02;0,01;0,02
112,107;-0,01;0,00;0,03
112,108;0,00;0,00;0,03
112,109;-0,00;0,00;0,03
112,110;0,00;0,01;0,03
112,110;0,01;0,00;0,02
112,143;0,01;-0,01;0,02
112,144;0,00;0,00;0,03
112,145;0,01;-0,02;0,02
112,145;0,01;-0,02;0,01
112,146;0,00;-0,03;0,01
112,147;0,01;-0,04;0,00
112,148;0,02;-0,04;0,01
112,149;0,03;-0,05;-0,01
112,185;0,03;-0,06;-0,00
112,186;0,03;-0,05;-0,01
112,187;0,03;-0,05;-0,00
112,188;0,04;-0,03;0,01
112,188;0,03;-0,03;0,00
112,189;0,03;-0,02;0,02
112,190;0,04;-0,02;0,04
112,190;0,05;-0,02;0,05
112,193;0,04;-0,02;0,05
112,233;0,04;-0,02;0,06
112,234;0,05;-0,02;0,05
112,235;0,06;-0,02;0,05
112,236;0,06;-0,01;0,06
112,237;0,06;-0,02;0,06
112,238;0,06;-0,04;0,05
112,239;0,08;-0,05;0,05
112,240;0,08;-0,06;0,05
112,241;0,08;-0,07;0,04
112,244;0,07;-0,06;0,04
112,294;0,07;-0,07;0,04
112,295;0,06;-0,08;0,01
112,295;0,05;-0,09;0,02
112,296;0,03;-0,09;0,02
112,297;0,01;-0,08;0,02
112,297;-0,01;-0,07;0,01
112,315;-0,02;-0,09;0,02
112,316;-0,03;-0,09;0,01
112,317;-0,04;-0,10;-0,01
112,318;-0,05;-0,12;-0,02
112,319;-0,05;-0,13;-0,02
112,320;-0,04;-0,13;-0,03
112,320;-0,04;-0,14;-0,04
112,321;-0,04;-0,16;-0,03
112,322;-0,03;-0,18;-0,04
112,324;-0,03;-0,18;-0,04
112,357;-0,02;-0,19;-0,03
112,359;-0,01;-0,18;-0,04
112,359;-0,00;-0,17;-0,05
112,360;0,00;-0,16;-0,05
112,361;0,01;-0,16;-0,03
112,361;0,02;-0,15;-0,02
112,362;0,04;-0,17;-0,02
112,395;0,08;-0,16;0,01
112,395;0,09;-0,16;0,02
112,396;0,10;-0,15;0,02
112,397;0,10;-0,14;0,05
112,398;0,10;-0,14;0,03
112,399;0,10;-0,14;0,05
112,399;0,10;-0,15;0,05
112,400;0,09;-0,15;0,05
112,442;0,09;-0,14;0,04
112,444;0,07;-0,13;0,03
112,444;0,05;-0,12;0,02
112,445;0,03;-0,12;0,02
112,446;0,03;-0,11;0,03
112,447;0,01;-0,10;0,02
112,448;0,01;-0,12;0,04
112,449;-0,01;-0,10;0,03
112,449;-0,03;-0,12;0,04
112,450;-0,02;-0,13;0,04
112,482;-0,03;-0,14;0,03
112,483;-0,03;-0,16;0,02
112,483;-0,04;-0,16;0,03
112,484;-0,04;-0,15;0,02
112,485;-0,04;-0,14;0,01
112,486;-0,05;-0,14;0,01
112,487;-0,04;-0,14;-0,01
112,489;-0,04;-0,15;-0,01
112,494;-0,04;-0,15;-0,00
112,526;-0,03;-0,16;-0,02
112,527;-0,02;-0,16;-0,01
112,528;-0,02;-0,17;-0,01
112,529;-0,01;-0,17;0,00
112,530;-0,01;-0,16;-0,00
112,533;-0,01;-0,13;0,01
112,534;-0,00;-0,12;0,02
112,535;-0,02;-0,09;0,04
112,567;-0,01;-0,08;0,04
112,568;-0,03;-0,07;0,05
112,568;-0,03;-0,05;0,06
112,577;-0,03;-0,06;0,06
112,578;-0,04;-0,06;0,07
112,579;-0,05;-0,08;0,06
112,579;-0,06;-0,09;0,06
112,580;-0,06;-0,10;0,04
112,583;-0,06;-0,12;0,04
112,620;-0,07;-0,12;0,03
112,623;-0,07;-0,13;0,03
112,623;-0,07;-0,12;0,04
112,624;-0,09;-0,11;0,04
112,625;-0,08;-0,09;0,05
112,625;-0,09;-0,09;0,03
112,626;-0,09;-0,09;0,04
112,627;-0,09;-0,09;0,04
112,628;-0,09;-0,10;0,04
112,629;-0,08;-0,10;0,02
112,668;-0,08;-0,11;0,01
112,669;-0,07;-0,12;0,01
112,670;-0,06;-0,13;0,01
112,671;-0,04;-0,14;0,00
112,672;-0,04;-0,14;-0,01
112,673;-0,02;-0,15;-0,02
112,674;-0,01;-0,13;-0,02
112,675;0,00;-0,12;-0,03
112,675;0,01;-0,10;-0,02
112,679;0,02;-0,09;-0,04
112,715;0,04;-0,08;-0,05
112,716;0,05;-0,08;-0,05
112,717;0,04;-0,08;-0,05
112,718;0,06;-0,10;-0,06
112,719;0,04;-0,11;-0,07
112,720;0,04;-0,11;-0,05
112,720;0,02;-0,11;-0,07
112,721;0,02;-0,13;-0,08
112,725;-0,00;-0,15;-0,09
112,729;-0,01;-0,16;-0,11
112,760;-0,03;-0,17;-0,12
112,761;-0,02;-0,19;-0,11
112,762;-0,02;-0,18;-0,14
112,762;-0,01;-0,19;-0,15
112,763;-0,02;-0,19;-0,16
112,764;-0,01;-0,20;-0,16
112,765;0,00;-0,20;-0,16
112,803;0,00;-0,19;-0,16
112,805;0,00;-0,20;-0,16
112,817;-0,01;-0,19;-0,17
112,817;-0,04;-0,09;-0,15
112,818;-0,09;-0,04;-0,09
112,819;-0,11;0,00;-0,09
112,820;-0,11;0,06;-0,06
112,821;-0,11;0,08;-0,05
112,822;-0,10;0,11;-0,02
112,822;-0,09;0,12;-0,01
112,823;-0,07;0,14;0,01
112,824;-0,06;0,13;-0,00
112,855;-0,05;0,13;-0,02
112,856;-0,04;0,10;-0,01
112,856;-0,06;0,06;-0,02
112,857;-0,07;0,07;-0,03
112,858;-0,10;0,05;-0,03
112,859;-0,11;0,04;-0,06
112,860;-0,12;0,02;-0,07
112,864;-0,11;-0,01;-0,10
112,896;-0,11;-0,03;-0,12
112,897;-0,10;-0,03;-0,13
112,898;-0,11;-0,01;-0,12
112,899;-0,11;-0,01;-0,11
112,900;-0,10;-0,01;-0,09
112,901;-0,10;0,00;-0,08
112,902;-0,12;0,05;-0,09
112,935;-0,14;0,11;-0,07
112,936;-0,16;0,09;-0,06
112,937;-0,16;0,03;-0,03
112,938;-0,16;0,00;-0,06
112,939;-0,16;0,01;-0,05
112,940;-0,18;0,02;-0,04
112,940;-0,18;0,01;-0,03
112,941;-0,18;0,04;-0,01
112,944;-0,17;0,02;-0,00
112,950;-0,13;0,01;0,01
112,981;-0,10;0,01;0,01
112,982;-0,03;0,00;0,02
112,983;-0,01;0,00;0,03
112,984;0,02;0,02;0,04
112,984;0,04;0,03;0,04
112,985;0,04;0,05;0,05
112,986;0,04;0,06;0,05
113,020;0,04;0,07;0,04
113,021;0,03;0,09;0,04
113,022;0,02;0,11;0,01
113,023;0,01;0,11;0,01
113,024;0,01;0,10;0,01
113,024;0,01;0,11;0,01
113,025;0,01;0,09;-0,00
113,026;0,03;0,11;0,02
113,029;0,03;0,12;0,02
113,081;0,03;0,12;0,03
113,082;0,03;0,12;0,04
113,083;0,02;0,12;0,06
113,084;0,02;0,08;0,06
113,085;0,03;0,05;0,06
113,086;0,03;-0,00;0,06
113,086;0,03;-0,04;0,05
113,087;0,03;-0,06;0,03
113,088;0,02;-0,07;0,02
113,089;0,00;-0,06;0,03
113,089;-0,01;-0,05;0,02
113,090;-0,02;-0,05;0,03
113,130;-0,02;-0,03;0,04
113,131;-0,01;-0,02;0,04
113,132;-0,02;-0,01;0,04
113,134;-0,01;0,02;0,04
113,135;0,00;0,03;0,05
113,135;-0,00;0,07;0,04
113,136;0,01;0,08;0,04
113,137;0,01;0,08;0,04
113,138;0,02;0,08;0,06
113,139;0,01;0,10;0,06
113,145;0,01;0,11;0,07
113,149;0,02;0,13;0,08
113,180;0,02;0,14;0,10
113,181;0,02;0,15;0,10
113,183;-0,01;0,11;0,10
113,184;-0,01;0,09;0,09
113,185;0,01;0,07;0,10
113,186;0,00;0,04;0,10
113,187;-0,00;0,01;0,11
113,233;0,00;0,02;0,13
113,236;-0,02;0,06;0,12
113,237;-0,01;0,08;0,13
113,238;-0,03;0,08;0,14
113,239;-0,04;0,07;0,12
113,240;-0,02;0,06;0,11
113,241;-0,03;0,06;0,09
113,242;-0,02;0,05;0,09
113,242;-0,01;0,04;0,09
113,243;0,02;0,05;0,12
113,244;0,04;0,07;0,12
113,245;0,04;0,06;0,11
113,249;0,05;0,09;0,12
113,281;0,05;0,08;0,12
113,282;0,05;0,07;0,14
113,283;0,05;0,05;0,14
113,283;0,04;0,06;0,15
113,284;0,04;0,06;0,15
113,289;0,01;0,07;0,14
113,292;-0,01;0,07;0,16
113,293;-0,03;0,04;0,16
113,294;-0,03;0,02;0,16
113,299;-0,03;0,01;0,16
113,336;-0,02;0,00;0,15
113,337;-0,03;-0,00;0,13
113,338;-0,02;-0,02;0,12
113,339;-0,02;-0,01;0,13
113,339;0,00;-0,01;0,13
113,340;0,02;-0,01;0,14
113,341;0,02;-0,02;0,15
113,342;0,03;-0,02;0,15
113,348;0,05;-0,03;0,16
113,349;0,04;-0,04;0,15
113,386;0,04;-0,01;0,16
113,387;0,04;-0,01;0,15
113,388;0,02;0,00;0,13
113,391;0,02;0,01;0,13
113,391;0,01;0,00;0,12
113,392;-0,00;0,00;0,11
113,393;-0,01;0,00;0,09
113,394;-0,03;0,01;0,06
113,395;-0,07;0,03;0,02
113,399;-0,09;0,02;-0,01
113,438;-0,12;0,05;-0,02
113,440;-0,12;0,07;-0,02
113,441;-0,11;0,09;0,01
113,442;-0,12;0,11;0,01
113,443;-0,11;0,10;0,03
113,444;-0,09;0,09;0,04
113,445;-0,04;0,06;0,08
113,446;-0,01;0,06;0,09
113,446;0,02;0,07;0,11
113,450;0,02;0,07;0,12
113,485;0,02;0,08;0,12
113,486;0,05;0,08;0,16
113,487;0,04;0,09;0,15
113,488;0,03;0,08;0,18
113,488;0,02;0,06;0,16
113,489;0,02;0,02;0,16
113,490;0,03;0,02;0,14
113,490;0,00;0,02;0,14
113,494;-0,02;0,03;0,12
113,500;-0,03;0,04;0,12
113,532;-0,06;0,04;0,10
113,533;-0,07;0,02;0,09
113,533;-0,11;-0,01;0,08
113,534;-0,14;-0,03;0,07
113,536;-0,15;-0,04;0,08
113,537;-0,14;-0,05;0,08
113,538;-0,15;-0,06;0,08
113,584;-0,15;-0,07;0,09
113,585;-0,12;-0,08;0,09
113,587;-0,10;-0,10;0,09
113,588;-0,08;-0,11;0,10
113,588;-0,05;-0,11;0,10
113,589;-0,04;-0,13;0,11
113,590;-0,03;-0,13;0,12
113,590;-0,03;-0,14;0,10
113,591;-0,03;-0,16;0,10
113,592;-0,01;-0,16;0,09
113,592;-0,02;-0,14;0,09
113,635;-0,02;-0,14;0,10
113,636;-0,01;-0,13;0,10
113,637;-0,01;-0,11;0,12
113,638;-0,01;-0,09;0,11
113,639;-0,01;-0,06;0,10
113,640;-0,02;-0,03;0,11
113,641;-0,01;-0,02;0,10
113,641;-0,01;0,02;0,08
113,642;-0,00;0,02;0,07
113,643;0,01;0,02;0,05
113,645;0,01;0,01;0,03
113,650;0,02;0,01;0,03
113,690;0,02;0,02;0,01
113,691;0,02;0,02;0,03
113,692;0,03;0,00;-0,00
113,693;0,03;0,01;-0,04
113,694;0,03;0,00;-0,06
113,696;0,03;-0,02;-0,06
113,696;0,05;-0,06;-0,07
113,697;0,06;-0,08;-0,08
113,699;0,08;-0,12;-0,07
113,761;0,09;-0,14;-0,07
113,761;0,12;-0,17;-0,06
113,762;0,17;-0,23;-0,04
113,763;0,21;-0,26;-0,02
113,765;0,24;-0,25;-0,01
113,766;0,27;-0,26;0,00
113,767;0,29;-0,24;0,02
113,768;0,31;-0,22;0,02
113,769;0,32;-0,19;0,03
113,770;0,33;-0,17;0,05
113,771;0,34;-0,11;0,06
113,772;0,31;-0,05;0,03
113,773;0,28;-0,00;0,01
113,773;0,24;0,09;-0,00
113,774;0,17;0,17;-0,01
113,776;0,11;0,22;-0,01
113,780;0,07;0,25;-0,01
113,818;0,03;0,25;-0,01
113,820;0,02;0,20;-0,00
113,821;0,00;0,17;-0,01
113,822;0,01;0,13;-0,01
113,823;0,01;0,08;-0,00
113,823;0,01;0,05;0,00
113,824;0,01;0,02;0,01
113,825;0,01;-0,01;0,02
113,825;-0,00;-0,02;0,03
113,865;-0,03;-0,01;0,04
113,867;-0,05;-0,01;0,06
113,868;-0,05;-0,00;0,06
113,869;-0,06;-0,01;0,06
113,872;-0,05;-0,02;0,07
113,872;-0,06;-0,03;0,08
113,873;-0,04;-0,07;0,07
113,874;-0,03;-0,10;0,07
113,875;-0,01;-0,17;0,07
113,876;0,01;-0,21;0,06
113,929;0,01;-0,24;0,06
113,930;0,02;-0,26;0,05
113,931;0,02;-0,30;0,05
113,932;0,04;-0,31;0,05
113,933;0,05;-0,34;0,04
113,934;0,07;-0,37;0,03
113,939;0,15;-0,40;0,02
113,940;0,19;-0,41;0,00
113,941;0,24;-0,43;0,01
113,942;0,30;-0,46;0,01
113,943;0,35;-0,50;0,02
113,944;0,42;-0,51;0,02
113,945;0,47;-0,51;0,04
113,946;0,52;-0,48;0,05
113,984;0,63;-0,40;0,10
113,985;0,66;-0,35;0,11
113,985;0,71;-0,28;0,15
113,987;0,72;-0,21;0,18
113,990;0,76;-0,15;0,22
113,991;0,77;-0,14;0,27
113,992;0,81;-0,17;0,32
113,993;0,86;-0,23;0,42
113,993;0,89;-0,29;0,50
114,035;0,91;-0,39;0,56
114,036;0,94;-0,50;0,60
114,037;0,96;-0,65;0,64
114,038;1,00;-0,81;0,65
114,039;1,03;-0,96;0,67
114,040;1,05;-1,13;0,65
114,040;1,04;-1,45;0,63
114,041;1,04;-1,53;0,60
114,042;1,02;-1,59;0,59
114,042;1,00;-1,61;0,57
114,098;0,97;-1,64;0,56
114,099;0,93;-1,63;0,55
114,101;1,77;-0,11;0,59
114,102;1,21;-0,43;0,69
114,102;0,31;-0,96;0,64
114,103;0,33;-0,94;0,61
114,104;0,63;-1,01;0,59
114,105;1,03;-1,02;0,57
114,106;1,26;-0,90;0,55
114,107;1,23;-0,76;0,58
114,108;1,09;-0,40;0,60
114,109;0,89;-0,22;0,61
114,110;0,91;-0,09;0,58
114,111;1,00;-0,08;0,60
114,147;1,05;-0,02;0,62
114,148;1,04;0,11;0,65
114,150;1,02;0,20;0,68
114,150;1,02;0,25;0,67
114,151;1,04;0,27;0,65
114,152;1,05;0,28;0,63
114,152;0,99;0,40;0,54
114,153;0,95;0,48;0,52
114,157;0,87;0,56;0,47
114,224;0,80;0,62;0,43
114,225;0,72;0,67;0,38
114,226;0,59;0,68;0,33
114,227;0,48;0,71;0,30
114,228;0,36;0,70;0,26
114,229;0,19;0,78;0,22
114,230;0,11;0,81;0,21
114,231;0,06;0,79;0,21
114,232;0,02;0,78;0,22
114,233;-0,03;0,80;0,23
114,237;-0,06;0,81;0,24
114,238;-0,06;1,24;0,22
114,239;-0,06;0,96;0,22
114,240;0,09;0,79;0,28
114,241;0,16;0,72;0,31
114,243;0,20;0,72;0,35
114,244;0,25;0,69;0,37
114,245;0,32;0,75;0,39
114,250;0,36;0,77;0,43
114,255;0,37;0,79;0,45
114,260;0,41;0,83;0,47
114,265;0,43;0,88;0,48
114,270;0,44;0,87;0,47
114,275;0,42;0,85;0,47
114,280;0,43;0,82;0,44
114,285;0,42;0,81;0,40
114,290;0,42;0,77;0,36
114,295;0,43;0,75;0,34
114,300;0,43;0,72;0,31
114,305;0,46;0,60;0,27
114,310;0,48;0,54;0,25
114,315;0,52;0,52;0,24
114,320;0,56;0,54;0,22
114,326;0,58;0,59;0,23
114,330;0,61;0,66;0,22
114,335;0,63;0,70;0,23
114,341;0,66;0,74;0,23
114,346;0,69;0,74;0,26
114,350;0,70;0,73;0,28
114,355;0,70;0,72;0,30
114,360;0,69;0,71;0,35
114,365;0,68;0,70;0,38
114,370;0,66;0,67;0,44
114,375;0,63;0,65;0,48
114,380;0,62;0,61;0,53
114,386;0,58;0,59;0,62
114,390;0,58;0,59;0,69
114,397;0,57;0,58;0,75
114,402;0,60;0,58;0,81
114,405;0,61;0,60;0,87
114,410;0,66;0,63;0,94
114,415;0,70;0,67;0,99
114,421;0,79;0,78;1,07
114,426;0,80;0,85;1,12
114,431;0,82;0,94;1,13
114,436;0,83;1,03;1,14
114,443;0,80;1,11;1,14
114,447;0,79;1,15;1,14
114,452;0,76;1,16;1,12
114,459;0,74;1,16;1,10
114,464;0,72;1,14;1,01
114,468;0,70;1,13;0,99
114,473;0,67;1,12;0,97
114,477;0,61;1,11;0,95
114,492;0,57;1,08;0,90
114,494;0,57;1,08;0,90
114,497;0,54;1,04;0,91
114,498;0,53;1,06;0,91
114,499;0,52;0,99;0,82
114,502;0,40;0,65;0,64
114,505;0,31;0,52;0,56
114,510;0,27;0,45;0,44
114,515;0,27;0,44;0,27
114,520;0,35;0,55;0,15
114,526;0,41;0,66;0,05
114,530;0,46;0,74;0,04
114,535;0,51;0,81;0,13
114,541;0,56;0,95;0,50
114,545;0,55;1,03;0,76
114,550;0,52;1,13;1,04
114,556;0,48;1,20;1,36
114,560;0,41;1,24;1,68
114,565;0,38;1,23;2,03
114,571;0,33;1,21;2,36
114,575;0,30;1,23;2,72
114,581;0,24;1,53;3,31
114,586;0,20;1,86;3,54
114,590;0,23;2,20;3,69
114,598;0,27;2,52;3,81
114,600;0,31;2,79;3,84
114,606;0,39;3,02;3,85
114,610;0,46;3,18;3,80
114,615;0,53;3,30;3,75
114,621;0,60;3,32;3,58
114,626;0,58;3,30;3,39
114,631;0,58;3,23;3,08
114,636;0,59;3,13;2,65
114,641;0,61;2,98;2,13
114,645;0,61;2,80;1,51
114,650;0,63;2,58;0,89
114,655;0,65;2,23;0,27
114,660;0,75;1,90;-0,51
114,666;0,67;2,23;-0,57
114,670;0,59;2,38;-0,58
114,675;0,56;2,40;-0,56
114,681;0,52;2,37;-0,53
114,686;0,49;2,41;-0,51
114,691;0,49;2,48;-0,57
114,696;0,55;2,60;-0,63
114,701;0,67;2,95;-0,80
114,708;0,74;3,13;-0,90
114,711;0,81;3,27;-1,03
114,716;0,84;3,36;-1,19
114,721;0,87;3,46;-1,36
114,726;0,90;3,60;-1,50
114,731;0,94;3,72;-1,66
114,736;0,98;3,83;-1,77
114,741;1,09;3,98;-1,94
114,746;1,20;4,12;-2,04
114,751;1,29;4,22;-2,16
114,756;1,41;4,28;-2,26
114,761;1,51;4,28;-2,39
114,766;1,62;4,28;-2,49
114,776;1,70;4,29;-2,58
114,788;1,71;4,29;-2,62
114,789;1,63;4,06;-2,66
114,790;1,53;3,81;-2,62
114,791;1,42;3,52;-2,51
114,796;1,28;3,19;-2,37
114,801;1,12;2,84;-2,19
114,807;0,94;2,43;-1,98
114,811;0,82;2,00;-1,72
114,816;0,67;1,16;-1,14
114,821;0,65;0,79;-0,84
114,827;0,68;0,49;-0,61
114,831;0,69;0,19;-0,40
114,836;0,73;0,00;-0,25
114,841;0,79;-0,11;-0,15
114,847;0,85;-0,21;-0,09
114,858;0,89;-0,27;-0,10
114,858;0,85;-0,34;-0,22
114,861;0,79;-0,32;-0,26
114,867;0,70;-0,32;-0,33
114,871;0,59;-0,28;-0,34
114,876;0,48;-0,28;-0,40
114,881;0,35;-0,29;-0,42
114,887;0,19;-0,33;-0,44
114,891;0,06;-0,34;-0,48
114,896;-0,26;-0,32;-0,49
114,901;-0,42;-0,26;-0,45
114,907;-0,63;-0,21;-0,39
114,911;-0,82;-0,20;-0,36
114,916;-1,02;-0,20;-0,31
114,922;-1,22;-0,23;-0,32
114,927;-1,41;-0,28;-0,32
114,931;-1,61;-0,40;-0,33
114,936;-1,94;-0,64;-0,36
114,941;-2,08;-0,74;-0,38
114,948;-2,18;-0,82;-0,41
114,952;-2,26;-0,84;-0,44
114,956;-2,29;-0,87;-0,44
114,961;-2,33;-0,89;-0,45
114,971;-2,33;-0,85;-0,45
114,971;-2,35;-0,79;-0,44
114,977;-2,27;-0,53;-0,38
114,981;-2,21;-0,30;-0,31
114,987;-2,10;-0,07;-0,22
114,991;-1,96;0,14;-0,12
114,996;-1,81;0,31;-0,01
115,001;-1,63;0,44;0,10
115,007;-1,41;0,53;0,18
115,011;-1,17;0,58;0,22
115,016;-0,62;0,50;0,17
115,021;-0,34;0,35;0,08
115,028;-0,04;0,20;-0,01
115,031;0,23;0,10;-0,13
115,036;0,47;0,04;-0,22
115,041;0,69;-0,02;-0,31
115,048;0,85;-0,02;-0,39
115,051;0,98;-0,01;-0,46
115,056;1,10;0,16;-0,55
115,061;1,12;0,26;-0,58
115,067;1,15;0,36;-0,61
115,071;1,14;0,46;-0,66
115,076;1,17;0,54;-0,70
115,081;1,23;0,63;-0,73
115,087;1,27;0,73;-0,74
115,092;1,33;0,81;-0,76
115,097;1,50;0,93;-0,81
115,103;1,56;0,99;-0,78
115,108;1,63;1,02;-0,76
115,113;1,69;1,03;-0,74
115,117;1,77;1,05;-0,71
115,121;1,85;1,03;-0,70
115,128;1,95;1,00;-0,67
115,131;2,05;1,00;-0,66
115,136;2,25;0,99;-0,68
115,141;2,31;1,01;-0,78
115,148;2,34;1,11;-0,84
115,151;2,35;1,24;-0,91
115,156;2,36;1,36;-0,96
115,162;2,36;1,45;-0,97
115,172;2,33;1,57;-0,93
115,175;2,28;1,60;-0,86
115,176;2,20;1,55;-0,57
115,181;2,17;1,56;-0,43
115,188;2,16;1,59;-0,36
115,192;2,17;1,63;-0,31
115,197;2,17;1,65;-0,28
115,201;2,17;1,61;-0,26
115,208;2,17;1,52;-0,22
115,211;2,16;1,23;-0,14
115,216;2,17;1,05;-0,11
115,221;2,16;0,93;-0,09
115,227;2,16;0,80;-0,05
115,231;2,14;0,66;-0,02
115,236;2,14;0,54;-0,01
115,241;2,16;0,42;0,02
115,248;2,17;0,31;0,03
115,251;2,22;0,30;0,04
115,256;2,26;0,28;0,05
115,261;2,31;0,22;0,06
115,268;2,38;0,18;0,05
115,271;2,49;0,18;0,05
115,286;2,59;0,22;0,03
115,288;2,67;0,28;-0,00
115,290;2,75;0,37;-0,02
115,292;2,94;0,65;-0,08
115,297;3,05;0,80;-0,11
115,302;3,15;0,96;-0,16
115,308;3,26;1,11;-0,20
115,311;3,37;1,25;-0,25
115,316;3,49;1,35;-0,31
115,321;3,60;1,40;-0,34
115,328;3,70;1,39;-0,40
115,331;3,83;1,24;-0,48
115,336;3,88;1,12;-0,53
115,341;3,90;1,00;-0,57
115,347;3,90;0,88;-0,61
115,351;3,87;0,79;-0,63
115,356;3,81;0,69;-0,66
115,362;3,73;0,62;-0,67
115,368;3,63;0,56;-0,67
115,372;3,44;0,51;-0,68
115,377;3,32;0,52;-0,68
115,382;3,23;0,53;-0,69
115,388;3,13;0,50;-0,70
115,392;3,08;0,47;-0,73
115,397;3,04;0,44;-0,77
115,402;3,03;0,40;-0,85
115,408;3,02;0,31;-0,92
115,412;3,06;0,13;-1,07
115,417;3,09;0,02;-1,16
115,422;3,10;-0,15;-1,23
115,429;3,11;-0,35;-1,33
115,432;3,07;-0,47;-1,43
115,437;2,99;-0,61;-1,53
115,442;2,87;-0,73;-1,62
115,449;2,77;-0,80;-1,74
115,452;2,53;-0,93;-1,90
115,457;2,39;-0,94;-1,98
115,462;2,19;-0,95;-2,06
115,468;1,99;-0,89;-2,14
115,472;1,82;-0,76;-2,22
115,477;1,63;-0,63;-2,26
115,482;1,42;-0,51;-2,27
115,488;1,20;-0,38;-2,28
115,492;0,86;-0,19;-2,18
115,497;0,73;-0,13;-2,12
115,502;0,62;-0,11;-2,04
115,508;0,52;-0,09;-1,95
115,512;0,44;-0,08;-1,90
115,517;0,38;-0,07;-1,85
115,523;0,33;-0,05;-1,82
115,528;0,29;-0,05;-1,81
115,532;0,26;-0,05;-1,87
115,537;0,25;-0,08;-1,93
115,542;0,26;-0,08;-1,98
115,549;0,28;-0,09;-2,05
115,552;0,30;-0,11;-2,09
115,559;0,33;-0,08;-2,13
115,562;0,34;-0,06;-2,14
115,569;0,36;-0,00;-2,15
115,573;0,44;0,11;-2,13
115,577;0,47;0,16;-2,11
115,582;0,53;0,19;-2,09
115,588;0,58;0,21;-2,06
115,593;0,62;0,23;-2,04
115,597;0,65;0,24;-2,02
115,602;0,68;0,24;-2,00
115,608;0,74;0,23;-2,01
115,612;0,78;0,23;-2,03
115,617;0,81;0,21;-2,06
115,622;0,87;0,18;-2,11
115,628;0,91;0,17;-2,16
115,631;0,95;0,15;-2,22
115,636;0,98;0,16;-2,26
115,641;1,02;0,15;-2,33
115,648;1,00;0,17;-2,45
115,651;0,96;0,20;-2,51
115,656;0,93;0,24;-2,57
115,661;0,89;0,24;-2,65
115,668;0,86;0,24;-2,71
115,672;0,84;0,20;-2,79
115,677;0,82;0,19;-2,89
115,682;0,80;0,16;-2,97
115,688;0,71;0,09;-3,14
115,692;0,66;0,05;-3,23
115,697;0,58;0,04;-3,33
115,702;0,51;0,08;-3,41
115,708;0,44;0,13;-3,52
115,712;0,37;0,23;-3,61
115,717;0,26;0,32;-3,70
115,722;0,15;0,40;-3,79
115,728;-0,24;0,17;-4,03
115,732;-0,44;-0,01;-4,13
115,737;-0,51;-0,12;-4,26
115,742;-0,59;-0,16;-4,40
115,748;-0,64;-0,23;-4,54
115,752;-0,72;-0,27;-4,64
115,757;-0,81;-0,33;-4,73
115,762;-0,87;-0,40;-4,79
115,768;-1,04;-0,57;-4,84
115,772;-1,12;-0,64;-4,84
115,779;-1,21;-0,71;-4,82
115,782;-1,27;-0,79;-4,78
115,788;-1,36;-0,88;-4,74
115,792;-1,44;-0,96;-4,66
115,797;-1,49;-1,03;-4,59
115,802;-1,55;-1,08;-4,51
115,809;-1,63;-1,17;-4,33
115,812;-1,65;-1,20;-4,23
115,817;-1,65;-1,21;-4,15
115,822;-1,63;-1,20;-4,07
115,828;-1,59;-1,19;-3,99
115,832;-1,55;-1,18;-3,91
115,837;-1,45;-1,17;-3,84
115,842;-1,35;-1,16;-3,77
115,848;-1,06;-1,12;-3,64
115,852;-0,88;-1,10;-3,58
115,857;-0,70;-1,08;-3,50
115,862;-0,50;-1,04;-3,39
115,868;-0,31;-1,02;-3,30
115,872;-0,13;-1,00;-3,19
115,877;0,05;-0,98;-3,08
115,882;0,21;-0,96;-2,93
115,888;0,43;-0,89;-2,59
115,892;0,51;-0,88;-2,41
115,897;0,56;-0,85;-2,23
115,902;0,59;-0,83;-2,07
115,908;0,56;-0,81;-1,92
115,912;0,53;-0,79;-1,79
115,917;0,49;-0,78;-1,68
115,922;0,42;-0,78;-1,58
115,928;0,28;-0,81;-1,45
115,932;0,18;-0,85;-1,38
115,937;0,09;-0,87;-1,33
115,942;-0,00;-0,93;-1,32
115,949;-0,10;-0,96;-1,29
115,952;-0,21;-1,01;-1,27
115,958;-0,30;-1,05;-1,26
115,963;-0,40;-1,09;-1,25
115,969;-0,54;-1,19;-1,20
115,973;-0,59;-1,23;-1,18
115,979;-0,65;-1,25;-1,15
115,986;-0,70;-1,30;-1,12
115,989;-0,73;-1,34;-1,11
116,011;-0,76;-1,37;-1,09
116,012;-0,76;-1,37;-1,09
116,013;-0,76;-1,37;-1,09
116,014;-0,76;-1,37;-1,09
116,015;-0,80;-1,40;-1,06
116,016;-0,92;-1,44;-0,90
116,018;-0,96;-1,42;-0,86
116,022;-1,00;-1,39;-0,82
116,028;-1,02;-1,34;-0,78
116,032;-1,06;-1,29;-0,76
116,037;-1,08;-1,22;-0,73
116,042;-1,10;-1,10;-0,68
116,048;-1,11;-1,04;-0,64
116,052;-1,12;-0,94;-0,62
116,057;-1,10;-0,84;-0,60
116,062;-1,12;-0,75;-0,57
116,068;-1,13;-0,66;-0,56
116,072;-1,14;-0,57;-0,53
116,077;-1,13;-0,48;-0,52
116,082;-1,12;-0,30;-0,49
116,088;-1,12;-0,23;-0,48
116,092;-1,12;-0,17;-0,47
116,097;-1,09;-0,12;-0,46
116,102;-1,05;-0,06;-0,46
116,116;-1,01;-0,00;-0,47
116,118;-0,96;0,03;-0,49
116,119;-0,91;0,07;-0,50
116,122;-0,78;0,12;-0,55
116,128;-0,74;0,15;-0,59
116,132;-0,68;0,17;-0,60
116,138;-0,62;0,20;-0,63
116,142;-0,58;0,24;-0,64
116,148;-0,55;0,28;-0,65
116,152;-0,53;0,34;-0,66
116,157;-0,49;0,39;-0,68
116,162;-0,45;0,49;-0,71
116,172;-0,43;0,53;-0,73
116,176;-0,39;0,57;-0,74
116,181;-0,36;0,60;-0,77
116,184;-0,33;0,63;-0,77
116,189;-0,28;0,67;-0,78
116,193;-0,22;0,70;-0,78
116,198;-0,15;0,72;-0,78
116,203;-0,03;0,76;-0,76
116,209;0,04;0,76;-0,74
116,213;0,14;0,79;-0,70
116,218;0,22;0,78;-0,68
116,223;0,31;0,79;-0,63
116,230;0,41;0,78;-0,61
116,233;0,51;0,77;-0,55
116,238;0,61;0,74;-0,48
116,243;0,82;0,66;-0,33
116,249;0,92;0,64;-0,23
116,253;0,99;0,61;-0,13
116,258;1,07;0,57;-0,02
116,263;1,12;0,54;0,10
116,272;1,19;0,50;0,21
116,300;1,23;0,46;0,30
116,303;1,27;0,43;0,39
116,305;1,33;0,33;0,58
116,307;1,35;0,29;0,67
116,310;1,36;0,24;0,76
116,313;1,39;0,19;0,85
116,315;1,40;0,16;0,94
116,319;1,42;0,11;1,04
116,321;1,46;0,08;1,12
116,325;1,49;0,05;1,22
116,326;1,52;0,08;1,41
116,329;1,54;0,12;1,52
116,333;1,55;0,18;1,63
116,338;1,56;0,25;1,74
116,343;1,56;0,35;1,85
116,349;1,56;0,45;1,95
116,353;1,54;0,56;2,06
116,358;1,54;0,67;2,16
116,363;1,53;0,87;2,35
116,370;1,51;0,98;2,45
116,373;1,52;1,07;2,53
116,379;1,54;1,15;2,58
116,383;1,54;1,23;2,64
116,389;1,56;1,28;2,68
116,393;1,58;1,34;2,72
116,398;1,59;1,37;2,73
116,403;1,61;1,43;2,79
116,409;1,64;1,44;2,78
116,413;1,65;1,45;2,79
116,418;1,64;1,46;2,78
116,423;1,67;1,45;2,77
116,429;1,67;1,44;2,76
116,433;1,68;1,42;2,76
116,439;1,65;1,42;2,75
116,443;1,64;1,41;2,76
116,450;1,59;1,40;2,77
116,453;1,55;1,39;2,78
116,458;1,50;1,36;2,81
116,463;1,43;1,34;2,83
116,469;1,36;1,32;2,87
116,473;1,28;1,28;2,90
116,478;1,08;1,24;2,98
116,483;0,95;1,21;3,04
116,490;0,85;1,17;3,09
116,493;0,72;1,13;3,13
116,499;0,61;1,08;3,19
116,503;0,51;1,03;3,23
116,510;0,40;0,99;3,26
116,513;0,32;0,95;3,30
116,518;0,16;0,89;3,36
116,523;0,10;0,86;3,38
116,530;0,06;0,84;3,41
116,533;0,03;0,81;3,42
116,538;-0,01;0,78;3,44
116,543;-0,03;0,76;3,45
116,550;-0,06;0,75;3,47
116,553;-0,08;0,75;3,49
116,559;-0,13;0,76;3,52
116,563;-0,17;0,78;3,54
116,570;-0,19;0,80;3,56
116,573;-0,21;0,81;3,59
116,578;-0,24;0,82;3,61
116,583;-0,25;0,84;3,63
116,590;-0,28;0,85;3,63
116,593;-0,30;0,87;3,65
116,598;-0,33;0,88;3,63
116,603;-0,34;0,87;3,61
116,610;-0,35;0,85;3,59
116,613;-0,38;0,85;3,56
116,619;-0,38;0,82;3,53
116,623;-0,38;0,79;3,47
116,630;-0,38;0,76;3,41
116,634;-0,40;0,72;3,33
116,639;-0,39;0,64;3,16
116,643;-0,38;0,60;3,08
116,650;-0,39;0,55;2,99
116,653;-0,39;0,51;2,88
116,659;-0,37;0,47;2,78
116,663;-0,39;0,43;2,69
116,670;-0,38;0,41;2,60
116,673;-0,37;0,38;2,49
116,679;-0,36;0,33;2,28
116,683;-0,36;0,31;2,18
116,690;-0,34;0,30;2,07
116,693;-0,34;0,31;1,98
116,699;-0,34;0,31;1,87
116,703;-0,36;0,32;1,76
116,725;-0,35;0,33;1,67
116,729;-0,37;0,34;1,56
116,731;-0,41;0,37;1,34
116,734;-0,43;0,39;1,23
116,736;-0,47;0,40;1,10
116,740;-0,50;0,42;0,98
116,744;-0,54;0,44;0,86
116,746;-0,55;0,44;0,73
116,750;-0,58;0,43;0,60
116,754;-0,61;0,43;0,46
116,759;-0,62;0,40;0,17
116,764;-0,62;0,35;0,04
116,771;-0,62;0,33;-0,11
116,795;-0,60;0,30;-0,24
116,796;-0,60;0,26;-0,37
116,804;-0,59;0,21;-0,51
116,806;-0,61;0,19;-0,63
116,807;-0,60;0,15;-0,76
116,814;-0,63;0,10;-1,02
116,816;-0,65;0,08;-1,14
116,823;-0,67;0,05;-1,25
116,825;-0,68;0,03;-1,38
116,826;-0,71;0,03;-1,52
116,838;-0,73;-0,01;-1,66
116,839;-0,76;-0,02;-1,78
116,841;-0,79;-0,07;-2,06
116,853;-0,80;-0,11;-2,19
116,854;-0,78;-0,18;-2,32
116,855;-0,77;-0,24;-2,47
116,857;-0,75;-0,31;-2,62
116,863;-0,71;-0,40;-2,76
116,864;-0,67;-0,48;-2,88
116,870;-0,61;-0,55;-2,98
116,873;-0,49;-0,70;-3,14
116,878;-0,43;-0,76;-3,19
116,883;-0,34;-0,79;-3,19
116,889;-0,27;-0,82;-3,19
116,893;-0,21;-0,82;-3,18
116,898;-0,12;-0,83;-3,16
116,903;-0,06;-0,83;-3,14
116,909;-0,01;-0,81;-3,12
116,913;0,06;-0,77;-3,11
116,920;0,10;-0,71;-3,14
116,924;0,11;-0,66;-3,17
116,930;0,12;-0,60;-3,21
116,934;0,12;-0,54;-3,25
116,939;0,11;-0,47;-3,32
116,944;0,10;-0,39;-3,38
116,950;0,08;-0,30;-3,44
116,954;0,03;-0,16;-3,59
116,959;0,02;-0,11;-3,66
116,964;0,01;-0,05;-3,72
116,970;0,00;-0,02;-3,79
116,974;-0,00;0,01;-3,85
116,983;-0,01;0,02;-3,91
116,985;-0,02;0,03;-3,95
116,990;-0,03;0,00;-4,00
116,994;-0,03;-0,05;-4,09
116,999;-0,04;-0,10;-4,12
117,004;-0,04;-0,14;-4,12
117,010;-0,04;-0,21;-4,13
117,014;-0,06;-0,28;-4,09
117,019;-0,08;-0,35;-4,07
117,024;-0,11;-0,41;-4,01
117,030;-0,13;-0,48;-3,95
117,034;-0,22;-0,59;-3,77
117,039;-0,26;-0,67;-3,67
117,044;-0,32;-0,72;-3,54
117,050;-0,35;-0,79;-3,42
117,054;-0,39;-0,86;-3,30
117,059;-0,41;-0,94;-3,19
117,064;-0,45;-1,01;-3,07
117,070;-0,46;-1,08;-2,97
117,073;-0,48;-1,21;-2,76
117,079;-0,51;-1,25;-2,67
117,084;-0,53;-1,31;-2,60
117,090;-0,55;-1,35;-2,54
117,094;-0,57;-1,37;-2,49
117,099;-0,59;-1,41;-2,42
117,104;-0,63;-1,42;-2,40
117,110;-0,66;-1,41;-2,37
117,114;-0,71;-1,38;-2,33
117,119;-0,74;-1,33;-2,30
117,123;-0,78;-1,31;-2,28
117,130;-0,80;-1,25;-2,27
117,133;-0,83;-1,20;-2,24
117,138;-0,87;-1,13;-2,21
117,143;-0,89;-1,05;-2,17
117,150;-0,92;-0,99;-2,15
117,153;-0,96;-0,85;-2,10
117,158;-0,98;-0,79;-2,07
117,163;-0,98;-0,72;-2,04
117,170;-0,98;-0,66;-2,01
117,173;-0,99;-0,60;-1,98
117,178;-0,98;-0,55;-1,95
117,183;-0,96;-0,51;-1,93
117,189;-0,96;-0,47;-1,92
117,199;-0,92;-0,44;-1,90
117,200;-0,91;-0,44;-1,90
117,203;-0,87;-0,44;-1,90
117,210;-0,86;-0,45;-1,89
117,213;-0,83;-0,43;-1,90
117,218;-0,78;-0,43;-1,89
117,223;-0,75;-0,43;-1,87
117,230;-0,65;-0,43;-1,85
117,233;-0,63;-0,43;-1,82
117,238;-0,59;-0,42;-1,80
117,243;-0,58;-0,39;-1,78
117,250;-0,54;-0,37;-1,76
117,253;-0,53;-0,37;-1,73
117,258;-0,52;-0,36;-1,74
117,263;-0,51;-0,35;-1,74
117,270;-0,47;-0,36;-1,76
117,283;-0,45;-0,37;-1,77
117,284;-0,42;-0,35;-1,78
117,285;-0,38;-0,36;-1,77
117,290;-0,34;-0,34;-1,75
117,293;-0,27;-0,32;-1,72
117,298;-0,22;-0,29;-1,67
117,303;-0,15;-0,24;-1,63
117,310;-0,03;-0,15;-1,48
117,313;0,05;-0,11;-1,36
117,318;0,12;-0,11;-1,25
117,323;0,19;-0,08;-1,12
117,330;0,27;-0,09;-0,97
117,333;0,31;-0,11;-0,81
117,338;0,36;-0,13;-0,65
117,343;0,38;-0,16;-0,48
117,350;0,35;-0,20;-0,15
117,353;0,31;-0,19;-0,02
117,358;0,24;-0,19;0,10
117,363;0,16;-0,17;0,18
117,370;0,09;-0,17;0,25
117,373;0,03;-0,20;0,30
117,378;-0,02;-0,22;0,33
117,383;-0,05;-0,28;0,34
117,389;-0,04;-0,38;0,35
117,393;0,00;-0,42;0,35
117,398;0,06;-0,48;0,37
117,403;0,14;-0,51;0,41
117,409;0,25;-0,56;0,45
117,413;0,35;-0,58;0,53
117,418;0,47;-0,61;0,61
117,423;0,57;-0,62;0,73
117,429;0,78;-0,58;0,99
117,433;0,85;-0,52;1,15
117,438;0,92;-0,44;1,30
117,443;0,98;-0,33;1,46
117,450;1,04;-0,21;1,61
117,453;1,06;-0,06;1,74
117,458;1,10;0,09;1,84
117,463;1,12;0,27;1,96
117,470;1,12;0,64;2,12
117,473;1,14;0,84;2,18
117,480;1,14;1,04;2,23
117,484;1,15;1,23;2,26
117,493;1,17;1,40;2,29
117,494;1,20;1,56;2,28
117,498;1,24;1,69;2,28
117,503;1,27;1,82;2,28
117,509;1,39;2,03;2,29
141,347;1,45;2,13;2,30
141,348;1,45;2,13;2,30
141,349;1,48;2,19;2,32
141,350;1,51;2,24;2,35
141,357;1,54;2,26;2,36
141,358;1,55;2,28;2,41
141,359;1,55;2,27;2,46
141,588;1,56;2,23;2,52
141,590;1,55;2,16;2,66
141,590;1,54;2,11;2,76
141,591;1,52;2,04;2,83
141,592;1,49;1,98;2,91
141,598;1,44;1,91;2,99
141,599;1,38;1,84;3,06
141,601;1,33;1,77;3,14
141,602;1,25;1,70;3,19
141,609;-0,86;-1,18;-2,20
141,610;-0,69;-1,03;-2,15
141,611;-0,59;-0,94;-2,10
141,612;-0,47;-0,86;-2,05
141,618;-0,35;-0,79;-1,99
141,620;-0,23;-0,70;-1,92
141,621;-0,10;-0,65;-1,86
141,622;0,03;-0,57;-1,78
141,622;0,15;-0,50;-1,69
141,629;0,44;-0,35;-1,52
141,631;0,57;-0,27;-1,41
141,632;0,71;-0,18;-1,33
141,634;0,85;-0,08;-1,22
141,634;0,96;0,02;-1,09
141,635;1,07;0,12;-0,96
141,636;1,16;0,23;-0,84
141,637;1,23;0,34;-0,69
141,638;1,36;0,52;-0,38
141,639;1,38;0,60;-0,24
141,640;1,41;0,66;-0,09
141,641;1,39;0,72;0,07
141,642;1,35;0,77;0,21
141,643;1,26;0,82;0,35
141,644;1,15;0,88;0,48
141,645;1,01;0,90;0,60
141,646;0,72;0,93;0,77
141,647;0,58;0,92;0,83
141,647;0,45;0,90;0,88
141,649;0,34;0,85;0,92
141,651;0,24;0,78;0,94
141,654;0,16;0,71;0,97
141,656;0,10;0,61;0,99
141,659;0,06;0,44;1,08
141,662;0,07;0,37;1,16
141,664;0,10;0,32;1,23
141,666;0,14;0,28;1,34
141,674;0,17;0,27;1,46
141,675;0,21;0,28;1,58
141,676;0,23;0,31;1,72
141,677;0,24;0,35;1,87
141,678;0,25;0,48;2,15
141,679;0,24;0,57;2,30
141,680;0,24;0,68;2,42
141,681;0,22;0,78;2,55
141,682;0,22;0,78;2,55
141,683;0,22;0,78;2,55
141,684;0,22;0,78;2,55
141,685;0,05;1,32;2,91
141,686;-0,06;1,61;3,00
141,687;-0,11;1,72;3,01
141,688;-0,14;1,84;3,02
141,689;-0,17;1,93;2,99
141,690;-0,19;2,02;2,98
141,691;-0,19;2,09;2,95
141,692;-0,20;2,17;2,94
141,693;-0,18;2,23;2,93
141,695;-0,11;2,31;2,93
141,696;-0,06;2,32;2,94
141,697;0,01;2,32;2,96
141,697;0,06;2,32;2,97
141,698;0,12;2,30;3,02
141,699;0,16;2,28;3,06
141,701;0,21;2,26;3,12
141,702;0,22;2,24;3,17
141,703;0,26;2,22;3,31
141,704;0,28;2,21;3,38
141,705;0,30;2,20;3,45
141,707;0,27;2,18;3,53
141,708;0,25;2,18;3,58
141,709;0,22;2,20;3,63
141,710;0,18;2,19;3,66
141,711;0,12;2,19;3,71
141,712;0,03;2,20;3,78
141,713;0,00;2,20;3,80
141,715;-0,05;2,18;3,84
141,716;-0,07;2,15;3,87
141,717;-0,08;2,11;3,90
141,718;-0,11;2,07;3,91
141,720;-0,11;2,03;3,93
141,721;-0,12;1,97;3,93
141,722;-0,13;1,85;3,91
141,724;-0,16;1,78;3,86
141,729;-0,19;1,72;3,85
141,734;-0,21;1,65;3,80
141,739;-0,24;1,60;3,77
141,744;-0,28;1,56;3,73
141,749;-0,30;1,51;3,69
141,754;-0,35;1,48;3,67
141,759;-0,41;1,41;3,62
141,764;-0,45;1,39;3,60
141,769;-0,48;1,37;3,57
141,774;-0,51;1,36;3,55
141,779;-0,54;1,34;3,53
141,784;-0,54;1,35;3,49
141,789;-0,57;1,34;3,46
141,794;-0,60;1,35;3,42
141,800;-0,63;1,36;3,35
141,805;-0,65;1,36;3,31
141,810;-0,65;1,37;3,27
141,815;-0,65;1,35;3,22
141,822;-0,62;1,36;3,15
142,079;-0,61;1,34;3,08
142,080;-0,61;1,34;3,08
142,082;-0,57;1,30;2,95
142,083;-0,54;1,26;2,79
142,084;-0,52;1,24;2,72
142,085;-0,51;1,21;2,62
142,086;-0,49;1,18;2,55
142,087;-0,50;1,15;2,46
142,088;-0,49;1,10;2,37
142,089;-0,51;1,09;2,28
142,090;-0,55;1,03;2,09
142,091;-0,57;1,01;2,00
142,092;-0,61;0,97;1,91
142,093;-0,65;0,94;1,81
142,094;-0,70;0,92;1,72
142,095;-0,75;0,89;1,63
142,096;-0,79;0,86;1,55
142,097;-0,85;0,83;1,44
142,098;-0,92;0,77;1,25
142,099;-0,95;0,73;1,15
142,100;-0,98;0,68;1,05
142,101;-0,99;0,63;0,94
142,102;-0,99;0,58;0,84
142,103;-0,99;0,52;0,73
142,104;-0,97;0,44;0,63
142,105;-0,96;0,37;0,52
142,106;-0,86;0,20;0,31
142,107;-0,82;0,10;0,20
142,108;-0,79;0,01;0,08
142,109;-0,76;-0,08;-0,03
142,110;-0,74;-0,19;-0,14
142,111;-0,72;-0,27;-0,28
142,112;-0,70;-0,38;-0,42
142,113;-0,71;-0,45;-0,54
142,114;-0,71;-0,65;-0,85
142,127;-0,73;-0,74;-1,00
142,128;-0,74;-0,81;-1,16
142,129;-0,76;-0,90;-1,34
142,131;-0,76;-0,97;-1,51
142,132;-0,78;-1,04;-1,69
142,139;-0,75;-1,13;-1,88
142,141;-0,72;-1,21;-2,08
142,142;-0,64;-1,34;-2,46
142,144;-0,56;-1,42;-2,64
142,145;-0,50;-1,45;-2,81
142,147;-0,43;-1,50;-2,94
142,148;-0,36;-1,53;-3,05
142,149;-0,26;-1,54;-3,16
142,150;-0,17;-1,54;-3,22
142,151;-0,09;-1,54;-3,28
142,152;0,07;-1,51;-3,36
142,153;0,17;-1,48;-3,38
142,154;0,24;-1,45;-3,37
142,155;0,30;-1,40;-3,38
142,156;0,35;-1,35;-3,39
142,157;0,41;-1,30;-3,40
142,159;0,45;-1,24;-3,41
142,160;0,48;-1,19;-3,45
142,161;0,52;-1,11;-3,53
142,162;0,55;-1,08;-3,59
142,163;0,58;-1,05;-3,65
142,164;0,63;-1,04;-3,73
142,165;0,67;-1,03;-3,81
142,166;0,74;-1,03;-3,90
142,167;0,78;-1,03;-3,97
142,168;0,85;-1,04;-4,07
142,169;0,94;-1,07;-4,19
142,170;0,99;-1,07;-4,23
142,171;1,00;-1,06;-4,26
142,172;1,03;-1,07;-4,28
142,174;1,02;-1,05;-4,29
142,180;1,04;-1,05;-4,30
142,184;1,04;-1,04;-4,29
146,570;1,06;-1,05;-4,27
146,571;1,05;-1,05;-4,19
146,573;1,05;-1,03;-4,15
146,574;1,06;-1,05;-4,09
146,575;1,07;-1,05;-4,01
146,576;1,07;-1,05;-3,94
146,577;1,07;-1,07;-3,87
146,579;1,07;-1,07;-3,81
146,580;1,06;-1,10;-3,71
146,581;1,03;-1,13;-3,57
146,582;1,00;-1,15;-3,49
146,583;0,98;-1,19;-3,44
146,584;0,92;-1,23;-3,38
146,585;0,86;-1,29;-3,34
146,586;0,80;-1,33;-3,28
146,588;0,73;-1,38;-3,23
146,589;0,59;-1,52;-3,16
146,590;0,52;-1,59;-3,15
146,591;0,44;-1,66;-3,11
146,592;0,36;-1,73;-3,08
146,593;0,27;-1,79;-3,02
146,594;0,20;-1,86;-2,99
146,595;0,12;-1,90;-2,93
146,596;0,03;-1,93;-2,88
146,597;-0,13;-1,99;-2,79
146,599;-0,15;-0,92;-1,46
146,600;-0,14;-1,02;-1,63
146,601;-0,12;-1,09;-1,76
146,602;-0,11;-1,20;-1,93
146,603;-0,07;-1,29;-2,07
146,604;-0,03;-1,39;-2,22
146,605;0,11;-1,58;-2,50
146,606;0,21;-1,66;-2,63
146,607;0,32;-1,74;-2,75
146,608;0,41;-1,82;-2,84
146,609;0,52;-1,87;-2,91
146,610;0,63;-1,93;-2,98
146,611;0,74;-1,95;-3,03
146,612;0,84;-1,98;-3,09
146,614;1,04;-2,01;-3,11
146,615;1,13;-2,02;-3,13
146,616;1,22;-2,02;-3,12
146,617;1,29;-2,00;-3,12
146,618;1,33;-1,98;-3,12
146,619;1,37;-1,96;-3,12
146,620;1,40;-1,94;-3,13
146,621;1,41;-1,91;-3,14
146,622;1,41;-1,86;-3,15
146,623;1,42;-1,84;-3,15
146,624;1,41;-1,82;-3,16
146,625;1,41;-1,82;-3,17
146,626;1,42;-1,83;-3,21
146,627;1,42;-1,85;-3,25
146,629;1,44;-1,87;-3,30
146,630;1,47;-1,90;-3,35
146,631;1,48;-1,97;-3,47
146,632;1,48;-2,00;-3,52
146,633;1,49;-2,03;-3,58
146,634;1,47;-2,06;-3,62
146,635;1,45;-2,06;-3,65
146,636;1,41;-2,09;-3,67
146,637;1,36;-2,09;-3,68
146,644;1,32;-2,09;-3,68
146,645;1,24;-2,07;-3,63
146,646;1,18;-2,06;-3,58
146,647;1,12;-2,03;-3,53
146,648;1,06;-2,01;-3,48
146,649;0,99;-1,99;-3,41
146,651;0,92;-1,96;-3,35
146,652;0,83;-1,94;-3,31
146,653;0,76;-1,93;-3,25
146,654;0,59;-1,91;-3,16
146,655;0,51;-1,88;-3,11
146,656;0,44;-1,88;-3,05
146,657;0,39;-1,88;-3,00
146,658;0,35;-1,88;-2,95
146,659;0,30;-1,88;-2,90
146,661;0,29;-1,90;-2,84
146,662;0,26;-1,92;-2,80
146,663;0,26;-2,00;-2,73
146,664;0,25;-2,07;-2,68
146,665;0,26;-2,15;-2,63
146,666;0,27;-2,21;-2,59
146,667;0,29;-2,29;-2,56
146,668;0,30;-2,36;-2,52
146,669;0,33;-2,44;-2,49
146,670;0,36;-2,58;-2,40
146,671;0,38;-2,63;-2,36
146,672;0,40;-2,62;-2,31
146,673;0,42;-2,59;-2,27
146,678;0,40;-2,52;-2,23
146,684;0,40;-2,47;-2,20
146,688;0,37;-2,36;-2,16
146,694;0,34;-2,24;-2,12
146,699;0,20;-1,96;-2,02
146,704;0,14;-1,80;-1,96
146,710;0,06;-1,64;-1,91
146,713;-0,02;-1,47;-1,87
146,719;-0,10;-1,31;-1,82
146,724;-0,19;-1,16;-1,78
146,729;-0,26;-1,01;-1,73
146,734;-0,31;-0,90;-1,69
146,739;-0,37;-0,70;-1,56
146,744;-0,39;-0,63;-1,50
146,749;-0,39;-0,57;-1,46
146,754;-0,38;-0,52;-1,42
146,759;-0,36;-0,48;-1,38
146,764;-0,33;-0,45;-1,36
146,769;-0,29;-0,44;-1,33
146,774;-0,25;-0,45;-1,33
146,779;-0,14;-0,51;-1,30
146,784;-0,07;-0,56;-1,29
146,789;0,00;-0,63;-1,27
146,794;0,05;-0,69;-1,24
146,801;0,12;-0,73;-1,21
146,804;0,16;-0,78;-1,17
146,813;0,21;-0,81;-1,13
146,815;0,23;-0,84;-1,09
146,821;0,25;-0,84;-0,97
146,824;0,23;-0,80;-0,92
146,829;0,21;-0,77;-0,86
146,835;0,17;-0,73;-0,79
146,839;0,14;-0,68;-0,74
146,844;0,10;-0,61;-0,66
146,850;0,07;-0,56;-0,62
146,855;0,03;-0,48;-0,55
146,866;-0,06;-0,29;-0,42
146,871;-0,10;-0,21;-0,37
146,874;-0,13;-0,14;-0,33
146,876;-0,14;-0,07;-0,28
146,880;-0,16;-0,02;-0,24
146,885;-0,17;0,04;-0,19
146,889;-0,16;0,11;-0,12
146,900;-0,14;0,19;-0,04
146,902;-0,08;0,38;0,19
146,904;-0,02;0,50;0,31
146,909;0,05;0,62;0,46
146,914;0,12;0,74;0,62
146,919;0,18;0,85;0,78
146,924;0,22;0,98;0,96
146,929;0,26;1,08;1,14
146,935;0,29;1,16;1,31
146,939;0,33;1,28;1,65
146,944;0,33;1,30;1,80
146,949;0,32;1,34;1,94
146,960;0,30;1,35;2,08
146,965;0,27;1,35;2,21
146,972;0,20;1,36;2,31
146,974;0,12;1,38;2,41
146,976;0,02;1,41;2,50
146,979;-0,22;1,50;2,70
146,984;-0,35;1,54;2,79
146,989;-0,48;1,61;2,88
146,994;-0,64;1,70;2,96
146,999;-0,79;1,81;3,05
147,005;-0,95;1,93;3,13
147,009;-1,12;2,05;3,18
147,014;-1,28;2,16;3,23
147,020;-1,57;2,37;3,28
147,031;-1,69;2,44;3,28
147,032;-1,78;2,50;3,28
147,035;-1,86;2,54;3,27
147,044;-1,93;2,57;3,27
147,047;-1,98;2,60;3,26
147,049;-1,98;2,60;3,27
147,054;-1,92;2,55;3,29
147,060;-1,87;2,53;3,29
147,064;-1,83;2,49;3,33
147,071;-1,78;2,43;3,35
147,074;-1,72;2,41;3,36
147,081;-1,69;2,37;3,39
147,085;-1,62;2,31;3,39
147,089;-1,59;2,26;3,42
147,095;-1,51;2,14;3,46
147,099;-1,49;2,08;3,48
147,104;-1,46;2,00;3,48
147,109;-1,42;1,90;3,49
147,114;-1,37;1,82;3,48
147,119;-1,30;1,71;3,45
147,124;-1,23;1,61;3,43
147,129;-1,18;1,51;3,40
147,135;-1,05;1,28;3,34
147,140;-0,98;1,18;3,31
147,145;-0,91;1,09;3,28
147,149;-0,84;1,00;3,26
147,154;-0,79;0,93;3,24
147,159;-0,72;0,87;3,22
147,164;-0,68;0,81;3,21
147,169;-0,63;0,78;3,20
147,175;-0,55;0,71;3,20
147,179;-0,54;0,71;3,21
147,184;-0,51;0,70;3,21
147,190;-0,46;0,71;3,23
147,194;-0,46;0,74;3,24
147,199;-0,44;0,76;3,27
147,205;-0,43;0,78;3,29
147,209;-0,40;0,81;3,31
147,214;-0,36;0,91;3,35
147,219;-0,34;0,96;3,37
147,225;-0,32;1,01;3,39
147,229;-0,30;1,05;3,40
147,234;-0,29;1,11;3,40
147,239;-0,25;1,15;3,41
147,244;-0,21;1,20;3,41
147,249;-0,18;1,24;3,40
147,254;-0,11;1,32;3,35
147,259;-0,06;1,34;3,34
147,264;-0,04;1,36;3,31
147,269;0,01;1,38;3,29
147,274;0,04;1,41;3,25
147,279;0,07;1,42;3,21
147,285;0,11;1,45;3,17
147,289;0,15;1,46;3,11
147,294;0,21;1,47;2,99
147,299;0,25;1,45;2,91
147,304;0,28;1,45;2,85
147,309;0,29;1,44;2,77
147,314;0,32;1,43;2,69
147,319;0,32;1,41;2,60
147,325;0,33;1,39;2,50
147,329;0,34;1,35;2,42
147,335;0,33;1,29;2,23
147,339;0,31;1,24;2,14
147,345;0,30;1,19;2,05
147,350;0,28;1,13;1,97
147,354;0,25;1,07;1,89
147,359;0,23;1,02;1,78
147,365;0,21;0,95;1,71
147,369;0,17;0,87;1,62
147,374;0,09;0,72;1,43
147,379;0,04;0,66;1,33
147,385;0,00;0,56;1,24
147,389;-0,05;0,48;1,12
147,394;-0,09;0,38;1,00
147,399;-0,14;0,28;0,86
147,404;-0,17;0,20;0,74
147,409;-0,21;0,11;0,58
147,414;-0,27;-0,09;0,30
147,419;-0,28;-0,18;0,16
147,425;-0,30;-0,29;0,03
147,429;-0,31;-0,39;-0,11
147,435;-0,31;-0,50;-0,24
147,440;-0,30;-0,58;-0,36
147,445;-0,31;-0,66;-0,48
147,450;-0,34;-0,78;-0,70
147,456;-0,37;-0,85;-0,79
147,460;-0,43;-0,89;-0,90
147,465;-0,46;-0,95;-1,00
147,470;-0,52;-0,99;-1,11
147,483;-0,56;-1,03;-1,25
147,485;-0,63;-1,08;-1,39
147,487;-0,68;-1,13;-1,55
147,490;-0,72;-1,24;-1,97
147,495;-0,73;-1,29;-2,18
147,501;-0,72;-1,36;-2,43
147,505;-0,71;-1,43;-2,68
147,510;-0,68;-1,49;-2,89
147,515;-0,59;-1,55;-3,12
147,520;-0,53;-1,60;-3,30
147,525;-0,44;-1,62;-3,45
147,531;-0,25;-1,63;-3,63
147,539;-0,18;-1,61;-3,68
147,555;-0,09;-1,58;-3,69
147,558;-0,01;-1,55;-3,67
147,561;0,07;-1,51;-3,64
147,565;0,12;-1,48;-3,59
147,569;0,18;-1,43;-3,52
147,573;0,22;-1,37;-3,46
147,576;0,27;-1,27;-3,34
147,580;0,26;-1,21;-3,30
147,588;0,27;-1,17;-3,30
147,592;0,25;-1,13;-3,31
147,594;0,25;-1,09;-3,34
147,597;0,25;-1,07;-3,39
147,600;0,23;-1,07;-3,47
147,605;0,26;-1,08;-3,57
147,610;0,33;-1,13;-3,80
147,615;0,37;-1,17;-3,93
147,620;0,43;-1,24;-4,06
147,625;0,48;-1,28;-4,18
147,630;0,52;-1,33;-4,28
147,635;0,54;-1,36;-4,34
147,640;0,56;-1,38;-4,40
147,645;0,57;-1,38;-4,44
147,650;0,58;-1,39;-4,46
147,655;0,58;-1,40;-4,46
147,660;0,59;-1,43;-4,44
147,665;0,60;-1,44;-4,41
147,670;0,59;-1,45;-4,36
147,675;0,59;-1,46;-4,32
147,680;0,60;-1,46;-4,26
147,685;0,61;-1,47;-4,20
147,690;0,60;-1,49;-4,08
147,695;0,60;-1,50;-4,01
147,700;0,58;-1,49;-3,94
147,706;0,58;-1,51;-3,88
147,710;0,59;-1,51;-3,81
147,715;0,60;-1,50;-3,75
147,721;0,63;-1,51;-3,68
147,726;0,65;-1,51;-3,61
147,730;0,68;-1,49;-3,47
147,735;0,70;-1,48;-3,41
147,741;0,72;-1,47;-3,34
147,746;0,73;-1,47;-3,29
147,751;0,72;-1,45;-3,23
147,756;0,73;-1,45;-3,16
147,761;0,74;-1,44;-3,11
147,766;0,72;-1,43;-3,06
147,771;0,69;-1,38;-2,94
147,776;0,66;-1,36;-2,89
147,781;0,61;-1,33;-2,83
147,786;0,58;-1,30;-2,77
147,791;0,53;-1,26;-2,72
147,796;0,46;-1,24;-2,67
147,800;0,41;-1,20;-2,61
147,806;0,33;-1,16;-2,55
147,810;0,16;-1,08;-2,43
147,815;0,09;-1,06;-2,37
147,820;0,01;-1,04;-2,30
147,826;-0,06;-1,02;-2,25
147,830;-0,13;-1,00;-2,18
147,835;-0,21;-1,01;-2,12
147,841;-0,26;-1,01;-2,05
147,845;-0,37;-1,04;-1,95
147,850;-0,42;-1,04;-1,90
147,855;-0,48;-1,06;-1,85
147,861;-0,51;-1,06;-1,79
147,865;-0,56;-1,06;-1,76
147,870;-0,60;-1,06;-1,73
147,875;-0,64;-1,05;-1,68
147,880;-0,66;-1,04;-1,67
147,886;-0,68;-1,01;-1,61
147,890;-0,65;-0,99;-1,61
147,900;-0,65;-0,97;-1,61
147,901;-0,64;-0,92;-1,61
147,906;-0,62;-0,90;-1,61
147,910;-0,60;-0,84;-1,60
147,915;-0,56;-0,80;-1,59
147,920;-0,51;-0,71;-1,59
147,925;-0,41;-0,53;-1,55
147,931;-0,33;-0,42;-1,52
147,935;-0,27;-0,31;-1,50
147,940;-0,19;-0,16;-1,45
147,945;-0,12;-0,02;-1,39
147,950;-0,01;0,12;-1,35
147,955;0,09;0,26;-1,28
147,960;0,18;0,39;-1,19
147,965;0,40;0,66;-0,95
147,970;0,51;0,79;-0,78
147,975;0,61;0,92;-0,60
147,981;0,69;1,01;-0,39
147,985;0,75;1,13;-0,16
147,991;0,81;1,24;0,07
147,995;0,86;1,30;0,32
148,000;0,89;1,34;0,58
148,005;0,89;1,36;1,06
148,010;0,88;1,36;1,29
148,015;0,85;1,31;1,48
148,020;0,80;1,28;1,68
148,025;0,75;1,23;1,83
148,031;0,69;1,17;1,96
148,035;0,62;1,09;2,08
148,047;0,56;1,00;2,15
148,049;0,44;0,80;2,25
148,051;0,36;0,70;2,28
148,055;0,30;0,60;2,30
148,062;0,23;0,52;2,32
148,067;0,18;0,47;2,34
148,082;0,11;0,44;2,39
148,084;0,03;0,43;2,44
148,085;-0,05;0,46;2,49
148,087;-0,24;0,58;2,59
148,090;-0,35;0,67;2,64
148,095;-0,46;0,78;2,69
148,101;-0,57;0,90;2,74
148,105;-0,69;1,04;2,79
148,110;-0,82;1,17;2,83
148,115;-0,94;1,33;2,87
148,120;-1,06;1,47;2,88
148,125;-1,28;1,75;2,89
148,130;-1,35;1,86;2,88
148,135;-1,41;1,94;2,87
148,140;-1,45;2,02;2,83
148,145;-1,48;2,07;2,80
148,150;-1,50;2,09;2,75
148,155;-1,53;2,11;2,72
148,160;-1,54;2,14;2,69
148,165;-1,57;2,19;2,62
148,170;-1,59;2,21;2,61
148,175;-1,61;2,18;2,64
148,180;-1,64;2,15;2,69
148,186;-1,65;2,09;2,74
148,192;-1,64;2,02;2,83
148,195;-1,65;1,94;2,90
183,145;-1,61;1,83;2,98
183,146;-1,51;1,62;3,16
183,147;-1,44;1,51;3,24
183,148;-1,38;1,39;3,34
183,150;-1,28;1,28;3,43
183,151;-1,20;1,15;3,51
183,152;-1,12;1,05;3,58
183,155;-1,02;0,96;3,65
183,156;-0,81;0,79;3,75
183,156;-0,70;0,74;3,78
183,157;-0,59;0,69;3,81
183,158;-0,51;0,66;3,83
183,159;-0,41;0,63;3,87
183,161;-0,32;0,61;3,88
183,162;-0,24;0,62;3,89
183,164;-0,16;0,61;3,90
183,165;-0,01;0,63;3,89
183,166;0,07;0,64;3,90
183,167;0,07;0,64;3,90
183,168;1,02;0,38;-0,53
183,168;1,06;0,39;-0,56
183,169;1,14;0,45;-0,63
183,170;1,20;0,48;-0,69
183,171;1,18;0,46;-0,74
183,175;1,03;0,55;-0,76
183,176;0,99;0,62;-0,76
183,179;0,98;0,69;-0,75
183,181;1,02;0,76;-0,72
183,183;1,07;0,79;-0,71
183,184;1,08;0,75;-0,69
183,185;1,01;0,71;-0,69
183,185;0,87;0,74;-0,68
183,186;0,69;0,76;-0,64
183,187;0,64;0,76;-0,62
183,188;0,54;0,81;-0,58
183,188;0,46;0,86;-0,57
183,189;0,36;0,90;-0,55
183,190;0,30;0,94;-0,52
183,190;0,24;0,96;-0,48
183,191;0,19;0,97;-0,45
183,192;0,20;0,87;-0,39
183,193;0,21;0,79;-0,37
183,194;0,22;0,71;-0,34
183,194;0,22;0,65;-0,32
183,195;0,25;0,54;-0,34
183,196;0,28;0,43;-0,36
183,197;0,33;0,31;-0,40
183,197;0,40;0,22;-0,45
183,198;0,48;0,07;-0,54
183,199;0,48;-0,01;-0,57
183,200;0,50;-0,08;-0,60
183,200;0,48;-0,15;-0,61
183,201;0,45;-0,22;-0,62
183,202;0,42;-0,27;-0,64
183,202;0,38;-0,33;-0,65
183,203;0,34;-0,37;-0,67
183,204;0,26;-0,42;-0,71
183,205;0,20;-0,42;-0,71
183,205;0,12;-0,39;-0,72
183,206;0,05;-0,34;-0,73
183,207;-0,02;-0,33;-0,74
183,208;-0,09;-0,34;-0,73
183,208;-0,14;-0,36;-0,72
183,209;-0,25;-0,50;-0,72
183,210;-0,29;-0,61;-0,73
183,210;-0,31;-0,72;-0,75
183,211;-0,30;-0,82;-0,75
183,212;-0,29;-0,92;-0,76
183,217;-0,27;-0,98;-0,76
183,218;-0,26;-1,04;-0,73
183,219;-0,24;-1,07;-0,71
183,220;-0,24;-1,06;-0,67
183,221;-0,24;-1,04;-0,64
183,222;-0,26;-0,98;-0,64
183,223;-0,27;-0,92;-0,63
183,224;-0,28;-0,85;-0,61
183,225;-0,29;-0,77;-0,60
183,227;-0,32;-0,71;-0,58
183,229;-0,34;-0,65;-0,57
183,233;-0,38;-0,52;-0,55
183,235;-0,40;-0,45;-0,55
183,251;-0,42;-0,37;-0,55
183,252;-0,42;-0,32;-0,56
183,253;-0,43;-0,29;-0,56
183,310;-0,41;-0,23;-0,58
183,401;0,23;-0,40;-0,65
183,402;0,23;-0,40;-0,65
183,408;0,23;-0,40;-0,65
183,409;0,13;-0,37;-0,62
183,410;0,03;-0,32;-0,60
183,411;-0,17;-0,20;-0,57
183,412;-0,27;-0,08;-0,54
183,413;-0,36;0,02;-0,52
183,414;-0,43;0,10;-0,49
183,415;-0,48;0,22;-0,46
183,416;-0,54;0,29;-0,45
183,420;-0,57;0,34;-0,43
183,467;-0,59;0,38;-0,40
183,470;-0,58;0,39;-0,39
183,471;-0,59;0,37;-0,37
183,471;-0,59;0,34;-0,38
183,473;-0,56;0,31;-0,37
183,474;-0,56;0,27;-0,38
183,474;-0,56;0,23;-0,37
183,475;-0,55;0,20;-0,37
183,477;-0,54;0,18;-0,34
183,479;-0,53;0,17;-0,32
183,480;-0,53;0,16;-0,29
183,481;-0,52;0,15;-0,26
183,483;-0,51;0,13;-0,24
183,489;-0,48;0,09;-0,23
183,493;-0,48;0,06;-0,22
183,498;-0,45;0,04;-0,23
183,513;-0,40;-0,02;-0,22
183,515;-0,36;-0,04;-0,22
183,518;-0,32;-0,06;-0,21
183,524;-0,26;-0,07;-0,21
183,525;-0,21;-0,08;-0,19
183,539;-0,13;-0,09;-0,20
183,540;-0,06;-0,10;-0,20
183,541;0,01;-0,11;-0,21
183,549;0,11;-0,12;-0,20
183,550;0,14;-0,11;-0,19
183,553;0,17;-0,08;-0,19
183,558;0,19;-0,04;-0,19
183,565;0,20;-0,00;-0,17
183,569;0,22;0,03;-0,17
183,573;0,24;0,07;-0,16
183,585;0,25;0,10;-0,16
183,586;0,29;0,19;-0,15
183,590;0,29;0,22;-0,14
183,594;0,32;0,26;-0,13
183,603;0,31;0,27;-0,13
183,605;0,31;0,29;-0,13
183,608;0,29;0,28;-0,12
183,616;0,28;0,27;-0,12
183,620;0,27;0,26;-0,11
183,623;0,22;0,25;-0,09
183,638;0,20;0,24;-0,07
183,640;0,18;0,23;-0,04
183,641;0,15;0,22;-0,02
183,643;0,14;0,19;0,00
183,652;0,14;0,18;0,01
183,653;0,13;0,19;0,02
183,659;0,10;0,19;0,04
183,667;0,06;0,18;0,06
183,670;0,02;0,16;0,07
183,673;0,00;0,17;0,09
183,685;-0,01;0,15;0,09
183,688;-0,02;0,12;0,09
183,689;-0,04;0,10;0,09
183,695;-0,04;0,08;0,10
183,703;-0,04;0,07;0,10
183,704;-0,00;0,04;0,10
183,708;0,01;0,03;0,10
183,720;0,04;0,04;0,11
183,721;0,06;0,05;0,12
183,757;0,11;0,05;0,14
183,759;0,13;0,09;0,13
183,760;0,16;0,11;0,14
183,763;0,18;0,13;0,16
183,764;0,22;0,19;0,17
183,766;0,25;0,21;0,17
183,767;0,27;0,22;0,17
183,768;0,29;0,23;0,16
183,770;0,29;0,23;0,16
183,771;0,30;0,29;0,17
183,781;0,31;0,31;0,16
183,794;0,30;0,33;0,17
183,795;0,30;0,33;0,16
183,799;0,32;0,29;0,13
183,802;0,33;0,25;0,11
183,805;0,36;0,19;0,08
183,807;0,37;0,11;0,06
183,829;0,38;0,06;0,04
183,831;0,37;0,03;0,02
183,835;0,34;0,02;0,03
183,837;0,22;0,05;0,03
183,840;0,14;0,10;0,05
183,841;0,04;0,17;0,06
183,842;-0,07;0,24;0,10
183,843;-0,18;0,33;0,16
183,854;-0,30;0,43;0,21
183,856;-0,39;0,53;0,27
183,858;-0,54;0,72;0,44
183,873;-0,58;0,74;0,50
183,874;-0,62;0,76;0,55
183,875;-0,63;0,76;0,58
183,878;-0,64;0,72;0,61
183,886;-0,62;0,66;0,64
183,889;-0,61;0,59;0,62
183,893;-0,57;0,53;0,61
183,906;-0,47;0,37;0,55
183,908;-0,40;0,30;0,50
183,909;-0,32;0,21;0,46
183,913;-0,21;0,10;0,42
183,921;-0,10;0,02;0,37
183,923;0,03;-0,07;0,34
183,929;0,16;-0,13;0,32
183,940;0,28;-0,19;0,30
183,943;0,48;-0,20;0,30
183,944;0,55;-0,15;0,31
183,964;0,58;-0,09;0,31
183,967;0,58;0,01;0,36
183,968;0,56;0,08;0,38
183,969;0,53;0,18;0,42
183,970;0,47;0,27;0,46
183,973;0,39;0,36;0,47
183,980;0,19;0,55;0,52
183,991;0,09;0,65;0,56
183,999;-0,01;0,76;0,61
184,000;-0,12;0,81;0,66
184,001;-0,21;0,85;0,71
184,008;-0,27;0,86;0,72
184,010;-0,31;0,84;0,75
184,013;-0,35;0,81;0,74
184,026;-0,34;0,73;0,74
184,027;-0,35;0,67;0,73
184,029;-0,36;0,61;0,71
184,043;-0,37;0,59;0,70
184,045;-0,41;0,55;0,71
184,046;-0,42;0,50;0,70
184,049;-0,46;0,45;0,69
184,060;-0,46;0,40;0,69
184,061;-0,46;0,28;0,64
184,065;-0,46;0,22;0,62
184,076;-0,45;0,16;0,59
184,078;-0,42;0,12;0,56
184,079;-0,40;0,06;0,53
184,084;-0,35;0,02;0,50
184,093;-0,34;-0,02;0,48
184,095;-0,29;-0,03;0,44
184,099;-0,19;0,01;0,38
184,112;-0,15;-0,01;0,34
184,116;-0,11;-0,01;0,31
184,120;-0,08;-0,03;0,29
184,121;-0,05;-0,02;0,27
184,138;-0,00;-0,01;0,25
184,139;0,04;0,01;0,21
184,140;0,12;-0,00;0,21
184,141;0,19;0,00;0,18
184,144;0,24;-0,00;0,17
184,149;0,27;0,01;0,16
184,160;0,30;-0,03;0,14
184,163;0,31;-0,05;0,12
184,169;0,34;-0,05;0,09
184,171;0,35;-0,08;0,08
184,174;0,35;-0,10;0,06
184,186;0,35;-0,12;0,00
184,187;0,35;-0,11;-0,03
184,189;0,36;-0,12;-0,08
184,194;0,37;-0,10;-0,12
184,199;0,37;-0,09;-0,15
184,213;0,37;-0,07;-0,17
184,215;0,37;-0,04;-0,19
184,219;0,38;-0,03;-0,21
184,220;0,40;0,01;-0,24
184,230;0,40;0,04;-0,24
184,234;0,42;0,05;-0,26
184,235;0,41;0,09;-0,25
184,246;0,44;0,15;-0,27
184,247;0,43;0,18;-0,28
184,252;0,43;0,18;-0,29
184,268;0,36;0,15;-0,31
184,269;0,34;0,13;-0,33
184,270;0,35;0,13;-0,33
184,271;0,34;0,12;-0,34
184,299;0,34;0,09;-0,34
184,305;0,35;0,05;-0,36
184,306;0,35;0,04;-0,37
184,307;0,37;0,03;-0,38
184,308;0,39;-0,02;-0,40
184,309;0,42;-0,03;-0,43
184,312;0,39;-0,04;-0,43
184,313;0,38;-0,04;-0,44
184,314;0,34;-0,01;-0,43
184,331;0,30;0,00;-0,44
184,335;0,25;0,05;-0,42
184,336;0,19;0,11;-0,41
184,337;0,12;0,29;-0,40
184,348;0,08;0,39;-0,38
184,350;0,06;0,48;-0,36
184,351;0,04;0,54;-0,33
184,357;-0,01;0,58;-0,32
184,381;-0,02;0,63;-0,31
184,382;-0,03;0,65;-0,30
184,388;-0,03;0,64;-0,29
184,390;-0,04;0,44;-0,31
184,395;-0,06;0,34;-0,34
184,400;-0,08;0,26;-0,38
184,402;-0,07;0,12;-0,41
184,404;-0,05;-0,04;-0,46
184,406;-0,02;-0,19;-0,50
184,407;-0,03;-0,27;-0,54
184,410;-0,01;-0,29;-0,58
184,421;-0,03;-0,27;-0,66
184,422;0,12;-0,02;-0,66
184,424;0,32;0,20;-0,64
184,430;0,38;0,32;-0,61
184,434;0,39;0,48;-0,58
184,440;0,35;0,58;-0,55
184,453;0,32;0,52;-0,50
184,454;0,30;0,37;-0,47
184,455;0,27;-0,03;-0,45
184,467;0,20;-0,13;-0,45
184,469;0,13;-0,20;-0,45
184,470;0,01;-0,23;-0,44
184,492;-0,10;-0,30;-0,46
184,503;-0,23;-0,42;-0,48
184,507;-0,35;-0,59;-0,51
184,508;-0,45;-0,81;-0,55
184,509;-0,51;-1,31;-0,65
184,510;-0,49;-1,51;-0,69
184,511;-0,44;-1,68;-0,70
184,512;-0,43;-1,79;-0,69
184,536;-0,38;-1,84;-0,66
184,541;-0,35;-1,84;-0,63
184,542;-0,32;-1,80;-0,63
184,543;-0,31;-1,68;-0,64
184,544;-0,27;-1,33;-0,69
184,545;-0,23;-1,17;-0,68
184,546;-0,18;-1,05;-0,68
184,550;-0,15;-0,92;-0,66
184,563;-0,12;-0,77;-0,65
184,564;-0,11;-0,62;-0,60
184,565;-0,11;-0,47;-0,58
184,570;-0,15;-0,32;-0,52
184,574;-0,23;0,01;-0,43
184,587;-0,23;0,15;-0,39
184,588;-0,22;0,28;-0,35
184,590;-0,19;0,35;-0,33
184,612;-0,18;0,41;-0,32
184,614;-0,16;0,44;-0,31
184,615;-0,13;0,44;-0,30
184,616;-0,14;0,42;-0,30
184,617;-0,15;0,39;-0,30
184,620;-0,17;0,37;-0,30
184,625;-0,21;0,35;-0,29
184,657;-0,25;0,31;-0,29
184,660;-0,28;0,27;-0,27
184,664;-0,32;0,22;-0,28
184,665;-0,35;0,16;-0,27
184,666;-0,40;0,04;-0,27
184,667;-0,43;-0,01;-0,28
184,668;-0,45;-0,05;-0,27
184,670;-0,47;-0,09;-0,27
184,671;-0,46;-0,12;-0,28
184,690;-0,45;-0,15;-0,29
184,693;-0,42;-0,19;-0,30
184,694;-0,39;-0,21;-0,31
184,695;-0,30;-0,27;-0,32
184,696;-0,25;-0,28;-0,32
184,707;-0,20;-0,32;-0,33
184,707;-0,14;-0,33;-0,32
184,721;-0,06;-0,36;-0,33
184,723;0,01;-0,37;-0,34
184,723;0,11;-0,40;-0,34
184,724;0,17;-0,37;-0,35
184,735;0,28;-0,35;-0,35
184,736;0,30;-0,31;-0,35
184,743;0,28;-0,25;-0,33
184,746;0,24;-0,21;-0,30
184,757;0,24;-0,15;-0,27
184,759;0,20;-0,14;-0,23
184,760;0,21;-0,13;-0,21
184,770;0,19;-0,10;-0,19
184,773;0,18;-0,06;-0,16
184,774;0,18;-0,03;-0,12
184,784;0,19;0,00;-0,11
184,784;0,20;0,02;-0,07
184,794;0,21;0,05;-0,06
184,797;0,22;0,05;-0,04
184,811;0,22;0,06;-0,03
184,819;0,24;0,08;-0,01
184,820;0,24;0,04;-0,00
184,821;0,25;0,02;-0,01
184,822;0,25;0,02;-0,01
184,824;0,24;0,02;-0,03
184,839;0,22;0,02;-0,03
184,841;0,21;0,03;-0,04
184,841;0,19;0,02;-0,05
184,844;0,17;0,01;-0,05
184,851;0,16;0,01;-0,05
184,854;0,18;0,01;-0,07
184,859;0,18;0,02;-0,07
184,870;0,18;0,02;-0,08
184,871;0,21;0,04;-0,09
184,874;0,24;0,07;-0,08
184,888;0,27;0,10;-0,08
184,892;0,30;0,14;-0,06
184,893;0,36;0,23;-0,03
184,894;0,40;0,26;-0,00
184,905;0,44;0,30;0,01
184,906;0,47;0,33;0,03
184,910;0,49;0,37;0,06
184,921;0,52;0,42;0,08
184,922;0,53;0,45;0,12
184,924;0,55;0,49;0,13
184,930;0,54;0,60;0,15
184,938;0,52;0,64;0,16
184,940;0,50;0,69;0,17
184,944;0,46;0,73;0,17
184,968;0,42;0,76;0,17
184,969;0,38;0,76;0,16
184,970;0,35;0,73;0,17
184,971;0,33;0,66;0,14
184,971;0,32;0,47;0,12
184,974;0,33;0,35;0,11
184,979;0,34;0,25;0,07
184,991;0,35;0,17;0,05
184,992;0,34;0,15;0,05
184,995;0,31;0,15;0,05
185,010;0,25;0,19;0,06
185,011;0,12;0,32;0,10
185,017;0,02;0,42;0,13
185,017;-0,08;0,50;0,14
185,028;-0,20;0,60;0,16
185,029;-0,31;0,67;0,18
185,030;-0,47;0,86;0,21
185,035;-0,71;1,06;0,28
185,049;-0,75;0,94;0,32
185,050;-0,59;0,69;0,39
185,054;-0,47;0,50;0,35
185,055;-0,38;0,36;0,35
185,060;-0,27;0,25;0,34
185,064;-0,15;0,15;0,35
185,074;-0,04;0,04;0,37
185,075;0,09;-0,07;0,40
185,080;0,19;-0,15;0,41
185,084;0,25;-0,22;0,43
185,100;0,25;-0,19;0,41
185,101;0,25;-0,18;0,40
185,102;0,25;-0,21;0,38
185,105;0,25;-0,25;0,34
185,116;0,25;-0,33;0,29
185,117;0,24;-0,38;0,23
